id,distributionOrderId,batchId,quantity
1,1,1,41
2,2,1,70
3,3,1,4
4,3,36,13
5,4,36,22
6,5,2,24
7,6,2,33
8,7,2,15
9,8,2,33
10,9,3,20
11,10,3,34
12,11,3,9
13,12,3,52
14,13,4,35
15,14,4,14
16,15,4,29
17,16,4,40
18,17,5,38
19,18,5,23
20,19,5,17
21,20,5,51
22,20,40,10
23,21,6,37
24,22,6,14
25,23,6,22
26,24,6,33
27,25,7,68
28,26,7,21
29,27,7,39
30,28,7,32
31,28,42,3
32,29,8,59
33,30,8,20
34,31,8,13
35,31,43,23
36,32,43,21
37,33,9,67
38,34,9,21
39,35,9,13
40,36,9,11
41,36,44,8
42,37,10,54
43,38,10,48
44,39,10,22
45,40,10,20
46,41,11,20
47,42,11,36
48,43,11,12
49,44,11,17
50,45,12,50
51,46,12,30
52,47,12,12
53,48,12,17
54,49,13,24
55,50,13,51
56,51,13,19
57,52,13,42
58,53,14,37
59,54,14,40
60,55,14,25
61,56,14,29
62,56,49,10
63,57,15,27
64,58,15,27
65,59,15,13
66,60,15,34
67,61,16,46
68,62,16,20
69,63,16,16
70,64,16,29
71,65,17,27
72,66,17,51
73,67,17,19
74,68,17,22
75,69,18,52
76,70,18,16
77,71,18,18
78,72,18,30
79,72,53,4
80,73,19,31
81,74,19,34
82,75,19,32
83,76,19,26
84,77,20,37
85,78,20,9
86,79,20,15
87,80,20,47
88,81,21,36
89,82,21,16
90,83,21,33
91,84,21,42
92,85,22,64
93,86,22,25
94,87,22,22
95,88,22,6
96,88,57,11
97,89,23,54
98,90,23,29
99,91,23,33
100,92,23,10
101,92,58,9
102,93,24,38
103,94,24,21
104,95,24,19
105,96,24,22
106,97,25,17
107,98,25,11
108,99,25,24
109,100,25,34
110,101,26,18
111,102,26,35
112,103,26,41
113,104,26,41
114,105,27,57
115,106,27,43
116,107,27,16
117,108,27,50
118,109,28,21
119,110,28,27
120,111,28,26
121,112,28,25
122,113,29,42
123,114,29,39
124,115,29,17
125,116,29,17
126,116,64,18
127,117,30,70
128,118,30,24
129,119,30,13
130,120,30,32
131,120,65,35
132,121,31,35
133,122,31,28
134,123,31,19
135,124,31,34
136,125,32,30
137,126,32,13
138,127,32,22
139,128,32,61
140,129,33,58
141,130,33,39
142,131,33,20
143,132,33,45
144,133,34,43
145,134,34,25
146,135,34,22
147,136,34,32
148,137,35,43
149,138,35,39
150,139,35,23
151,140,35,29
152,140,70,8
153,141,36,50
154,142,36,26
155,143,36,24
156,144,36,1
157,144,71,23
158,145,2,6
159,145,37,25
160,146,37,40
161,147,37,48
162,148,37,4
163,148,72,20
164,149,3,24
165,149,38,49
166,150,38,33
167,151,38,23
168,152,38,27
169,153,4,22
170,153,39,24
171,154,39,37
172,155,39,27
173,156,39,37
174,157,40,95
175,158,40,25
176,159,40,3
177,159,75,20
178,160,75,45
179,161,6,34
180,162,6,11
181,162,41,5
182,163,41,15
183,164,41,46
184,165,42,62
185,166,42,33
186,167,42,8
187,168,42,22
188,169,43,41
189,170,43,16
190,171,43,18
191,172,43,1
192,172,78,16
193,173,44,31
194,174,44,21
195,175,44,27
196,176,44,31
197,177,10,50
198,178,10,1
199,178,45,50
200,179,45,19
201,180,45,39
202,181,11,34
203,182,11,15
204,182,46,17
205,183,46,18
206,184,46,31
207,185,12,38
208,185,47,20
209,186,47,35
210,187,47,34
211,188,47,42
212,188,82,4
213,189,13,22
214,189,48,31
215,190,48,24
216,191,48,35
217,192,48,19
218,193,49,44
219,194,49,35
220,195,49,16
221,196,49,26
222,197,15,45
223,198,15,13
224,198,50,44
225,199,50,14
226,200,50,20
227,201,16,27
228,201,51,32
229,202,51,48
230,203,51,28
231,204,51,25
232,204,86,32
233,205,17,37
234,206,17,17
235,207,17,26
236,208,17,8
237,208,52,29
238,209,53,48
239,210,53,44
240,211,53,27
241,211,88,5
242,212,88,16
243,213,19,24
244,213,54,17
245,214,54,28
246,215,54,39
247,216,54,20
248,217,20,48
249,218,20,25
250,218,55,23
251,219,55,16
252,220,55,20
253,221,21,6
254,221,56,35
255,222,56,33
256,223,56,18
257,224,56,31
258,224,91,35
259,225,57,61
260,226,57,20
261,226,92,21
262,227,92,20
263,228,92,31
264,229,58,49
265,230,58,55
266,231,58,2
267,231,93,10
268,232,93,54
269,233,24,54
270,234,24,7
271,235,24,1
272,235,59,32
273,236,59,29
274,237,25,40
275,237,60,22
276,238,60,42
277,239,60,26
278,240,60,56
279,241,26,34
280,241,61,5
281,242,61,43
282,243,61,27
283,244,61,24
284,245,27,4
285,245,62,64
286,246,62,39
287,247,62,6
288,247,97,13
289,248,97,43
290,249,28,13
291,250,28,7
292,250,63,40
293,251,63,15
294,252,63,43
295,253,64,54
296,254,64,27
297,255,64,23
298,256,64,55
299,257,65,64
300,258,65,28
301,259,65,9
302,259,100,44
303,260,100,14
304,261,66,14
305,262,66,42
306,263,66,20
307,264,66,32
308,265,32,3
309,265,67,22
310,266,67,27
311,267,67,19
312,268,67,53
313,269,33,22
314,269,68,32
315,270,68,27
316,271,68,35
317,272,68,25
318,272,103,29
319,273,34,47
320,273,69,10
321,274,69,27
322,275,69,19
323,276,69,47
324,277,70,44
325,278,70,10
326,279,70,24
327,280,70,30
328,281,71,66
329,282,71,37
330,283,71,17
331,283,106,17
332,284,106,26
333,285,72,63
334,286,72,14
335,287,72,26
336,288,72,27
337,289,38,28
338,290,38,24
339,290,73,10
340,291,73,21
341,292,73,68
342,293,39,35
343,293,74,10
344,294,74,31
345,295,74,42
346,296,74,48
347,297,75,72
348,297,110,8
349,298,110,15
350,299,110,12
351,300,110,76
352,301,41,51
353,302,41,12
354,302,76,5
355,303,76,44
356,304,76,23
357,305,42,39
358,305,77,9
359,306,77,37
360,307,77,17
361,308,77,32
362,309,78,71
363,310,78,32
364,311,78,21
365,312,78,7
366,312,113,38
367,313,44,34
368,314,44,9
369,314,79,9
370,315,79,32
371,316,79,58
372,316,114,7
373,317,45,26
374,318,45,20
375,318,80,20
376,319,80,18
377,320,80,71
378,321,46,23
379,322,46,45
380,323,46,40
381,324,46,4
382,324,81,43
383,325,82,58
384,326,82,43
385,327,82,25
386,328,82,14
387,328,117,61
388,329,48,46
389,329,83,18
390,330,83,37
391,331,83,34
392,332,83,28
393,332,118,9
394,333,49,5
395,333,84,45
396,334,84,39
397,335,84,36
398,335,119,1
399,336,119,52
400,337,50,32
401,337,85,7
402,338,85,16
403,339,85,48
404,340,85,57
405,341,86,43
406,342,86,22
407,343,86,47
408,344,86,17
409,344,121,19
410,345,52,49
411,346,52,34
412,347,52,18
413,348,52,42
414,349,88,65
415,350,88,24
416,351,88,30
417,352,88,11
418,352,123,26
419,353,54,33
420,353,89,38
421,354,89,34
422,355,89,25
423,356,89,22
424,357,55,62
425,358,55,39
426,358,90,6
427,359,90,25
428,360,90,49
429,361,91,67
430,362,91,25
431,363,91,38
432,364,91,19
433,364,126,8
434,365,92,59
435,366,92,40
436,366,127,18
437,367,127,35
438,368,127,29
439,369,93,70
440,369,128,21
441,370,128,52
442,371,128,12
443,372,128,5
444,372,163,34
445,373,59,63
446,374,59,23
447,374,94,14
448,375,94,34
449,376,94,29
450,377,60,8
451,377,95,36
452,378,95,18
453,379,95,23
454,380,95,69
455,381,61,9
456,381,96,54
457,382,96,54
458,383,96,16
459,384,96,30
460,385,97,31
461,386,97,39
462,386,132,24
463,387,132,42
464,388,132,32
465,389,63,36
466,390,63,24
467,391,63,32
468,392,63,1
469,392,98,35
470,393,64,4
471,393,99,35
472,394,99,15
473,395,99,34
474,396,99,55
475,397,100,63
476,398,100,21
477,398,135,23
478,399,135,30
479,400,135,27
480,401,66,40
481,402,66,33
482,402,101,24
483,403,101,50
484,404,101,61
485,405,67,13
486,405,102,48
487,406,102,30
488,407,102,25
489,407,137,2
490,408,137,49
491,409,103,25
492,410,103,56
493,410,138,5
494,411,138,45
495,412,138,47
496,413,69,71
497,414,69,6
498,414,104,16
499,415,104,26
500,416,104,45
501,417,70,50
502,418,70,2
503,418,105,49
504,419,105,40
505,420,105,5
506,420,140,52
507,421,106,20
508,422,106,60
509,423,106,26
510,423,141,14
511,424,141,49
512,425,72,16
513,425,107,15
514,426,107,65
515,427,107,44
516,428,107,44
517,429,73,71
518,429,108,25
519,430,108,40
520,431,108,45
521,432,108,77
522,432,143,4
523,433,74,25
524,433,109,48
525,434,109,31
526,435,109,20
527,436,109,23
528,436,144,14
529,437,110,47
530,438,110,9
531,438,145,33
532,439,145,58
533,440,145,30
534,440,180,46
535,441,76,50
536,442,76,32
537,443,76,11
538,443,111,4
539,444,111,65
540,445,77,3
541,445,112,69
542,446,112,25
543,447,112,28
544,448,112,17
545,448,147,19
546,449,113,47
547,450,113,40
548,450,148,21
549,451,148,30
550,452,148,61
551,452,183,8
552,453,114,94
553,454,114,49
554,455,114,8
555,455,149,26
556,456,149,36
557,457,80,22
558,457,115,54
559,458,115,46
560,458,150,14
561,459,150,47
562,460,150,43
563,461,81,65
564,462,81,31
565,462,116,10
566,463,116,16
567,464,116,74
568,465,117,60
569,466,117,24
570,466,152,45
571,467,152,43
572,468,152,38
573,469,118,64
574,470,118,38
575,471,118,33
576,471,153,8
577,472,153,34
578,473,119,84
579,473,154,35
580,474,154,24
581,475,154,23
582,476,154,48
583,476,189,23
584,477,85,39
585,477,120,33
586,478,120,68
587,479,120,18
588,480,120,23
589,480,155,52
590,481,121,97
591,482,121,74
592,483,121,27
593,483,156,2
594,484,156,45
595,485,52,4
596,485,87,91
597,486,87,44
598,487,87,42
599,487,122,7
600,488,122,89
601,489,123,54
602,490,123,36
603,491,123,85
604,492,123,7
605,492,158,61
606,493,89,13
607,493,124,27
608,494,124,50
609,495,124,30
610,496,124,47
611,497,90,55
612,497,125,28
613,498,125,62
614,499,125,43
615,500,125,3
616,500,160,51
617,501,126,98
618,502,126,66
619,502,161,13
620,503,161,20
621,504,161,38
622,505,127,33
623,506,127,28
624,507,127,22
625,507,162,8
626,508,162,49
627,509,163,42
628,510,163,64
629,511,163,15
630,511,198,25
631,512,198,47
632,513,94,42
633,513,129,9
634,514,129,30
635,515,129,56
636,516,129,13
637,516,164,41
638,517,95,8
639,517,130,41
640,518,130,33
641,519,130,38
642,520,130,47
643,521,96,5
644,521,131,39
645,522,131,65
646,523,131,27
647,524,131,15
648,524,166,22
649,525,132,2
650,525,167,59
651,526,167,38
652,527,167,24
653,527,202,28
654,528,202,76
655,529,98,63
656,530,98,29
657,531,98,10
658,531,133,36
659,532,133,46
660,533,99,34
661,533,134,29
662,534,134,76
663,535,134,10
664,535,169,24
665,536,169,91
666,537,135,48
667,538,135,27
668,538,170,55
669,539,170,40
670,540,170,37
671,541,101,39
672,541,136,41
673,542,136,7
674,543,136,25
675,544,136,63
676,545,137,68
677,546,137,57
678,546,172,58
679,547,172,57
680,548,172,41
681,548,207,16
682,549,138,42
683,550,138,11
684,550,173,22
685,551,173,29
686,552,173,39
687,553,104,51
688,553,139,3
689,554,139,67
690,555,139,35
691,556,139,15
692,556,174,41
693,557,140,56
694,557,175,62
695,558,175,41
696,559,175,51
697,560,175,26
698,560,210,45
699,561,141,28
700,562,141,44
701,563,141,29
702,563,176,19
703,564,176,36
704,565,107,63
705,566,107,22
706,566,142,80
707,567,142,17
708,568,142,44
709,569,143,108
710,570,143,36
711,570,178,68
712,571,178,41
713,572,178,30
714,573,144,111
715,574,144,9
716,574,179,35
717,575,179,43
718,576,179,105
719,577,180,71
720,578,180,31
721,578,215,21
722,579,215,39
723,580,215,80
724,581,111,57
725,581,146,62
726,582,146,31
727,583,146,44
728,584,146,40
729,584,181,31
730,585,147,55
731,586,147,24
732,587,147,43
733,588,147,9
734,588,182,108
735,589,183,87
736,590,183,73
737,591,183,21
738,591,218,52
739,592,218,74
740,593,149,46
741,593,184,26
742,594,184,38
743,595,184,75
744,596,184,43
745,596,219,50
746,597,150,70
747,597,185,20
748,598,185,21
749,599,185,50
750,600,185,66
751,600,220,43
752,601,116,47
753,602,116,27
754,602,151,8
755,603,151,42
756,604,151,55
757,605,152,5
758,605,187,42
759,606,187,33
760,607,187,32
761,608,187,50
762,608,222,30
763,609,153,53
764,610,153,48
765,611,153,39
766,612,153,3
767,612,188,60
768,613,189,111
769,614,189,30
770,615,189,39
771,616,189,16
772,616,224,70
773,617,155,76
774,617,190,35
775,618,190,62
776,619,190,22
777,619,225,17
778,620,225,59
779,621,156,60
780,621,191,2
781,622,191,62
782,623,191,51
783,624,191,30
784,624,226,50
785,625,122,83
786,625,157,3
787,626,157,81
788,627,157,33
789,627,192,43
790,628,192,68
791,629,158,79
792,630,158,49
793,631,158,19
794,631,193,9
795,632,193,36
796,633,124,25
797,633,159,14
798,634,159,56
799,635,159,32
800,636,159,31
801,636,194,67
802,637,160,54
803,638,160,39
804,638,195,30
805,639,195,45
806,640,195,46
807,641,161,45
808,642,161,30
809,642,196,10
810,643,196,62
811,644,196,23
812,645,162,61
813,645,197,17
814,646,197,22
815,647,197,51
816,647,232,14
817,648,232,56
818,649,198,94
819,649,233,13
820,650,233,50
821,651,233,31
822,652,233,35
823,653,164,46
824,654,164,67
825,654,199,21
826,655,199,24
827,656,199,125
828,656,234,7
829,657,130,83
830,657,165,25
831,658,165,43
832,659,165,40
833,659,200,19
834,660,200,84
835,661,166,80
836,662,166,59
837,662,201,32
838,663,201,51
839,664,201,34
840,664,236,82
841,665,202,21
842,665,237,60
843,666,237,34
844,667,237,53
845,667,272,25
846,668,272,41
847,669,133,33
848,669,168,82
849,670,168,96
850,670,203,18
851,671,203,27
852,672,203,85
853,672,238,15
854,673,169,46
855,674,169,34
856,674,204,55
857,675,204,32
858,676,204,31
859,677,170,29
860,677,205,18
861,678,205,45
862,679,205,33
863,680,205,69
864,681,136,34
865,682,136,25
866,682,171,69
867,683,171,39
868,683,206,49
869,684,206,99
870,685,207,72
871,686,207,43
872,686,242,36
873,687,242,59
874,688,242,55
875,689,173,27
876,689,208,29
877,690,208,65
878,691,208,44
879,692,208,37
880,692,243,62
881,693,174,66
882,694,174,43
883,695,174,23
884,695,209,31
885,696,209,63
886,697,210,90
887,698,210,21
888,698,245,42
889,699,245,65
890,700,245,64
891,700,280,58
892,701,176,101
893,702,176,47
894,702,211,8
895,703,211,45
896,704,211,116
897,704,246,4
898,705,142,3
899,705,177,111
900,706,177,28
901,707,177,6
902,707,212,36
903,708,212,89
904,709,178,8
905,709,213,78
906,710,213,63
907,711,213,26
908,712,213,50
909,712,248,19
910,713,179,38
911,713,214,52
912,714,214,38
913,715,214,26
914,716,214,48
915,716,249,45
916,717,215,43
917,717,250,55
918,718,250,43
919,719,250,36
920,719,285,9
921,720,285,62
922,721,181,48
923,722,181,66
924,723,181,29
925,724,181,24
926,724,216,53
927,725,182,72
928,726,182,17
929,726,217,44
930,727,217,57
931,728,217,41
932,728,252,16
933,729,218,38
934,730,218,46
935,730,253,28
936,731,253,26
937,732,253,42
938,733,219,53
939,734,219,42
940,735,219,51
941,736,219,34
942,737,220,65
943,738,220,80
944,739,220,26
945,739,255,43
946,740,255,56
947,741,151,37
948,741,186,55
949,742,186,78
950,743,186,14
951,743,221,33
952,744,221,69
953,745,222,42
954,746,222,92
955,747,222,22
956,747,257,10
957,748,257,40
958,749,188,83
959,750,188,10
960,750,223,56
961,751,223,24
962,752,223,69
963,753,224,92
964,754,224,90
965,755,224,1
966,755,259,38
967,756,259,87
968,757,225,48
969,758,225,77
970,759,225,61
971,760,225,1
972,760,260,59
973,761,226,76
974,762,226,58
975,763,226,9
976,763,261,64
977,764,261,108
978,764,296,2
979,765,192,56
980,766,192,40
981,766,227,24
982,767,227,31
983,768,227,95
984,769,193,54
985,770,193,35
986,771,193,62
987,772,193,15
988,772,228,36
989,773,194,28
990,774,194,15
991,774,229,21
992,775,229,33
993,776,229,59
994,777,195,19
995,777,230,61
996,778,230,36
997,779,230,30
998,780,230,43
999,781,196,71
1000,782,196,42
1001,783,196,24
1002,783,231,13
1003,784,231,77
1004,785,232,58
1005,785,267,64
1006,786,267,37
1007,787,267,18
1008,788,267,12
1009,788,302,23
1010,789,233,27
1011,789,268,53
1012,790,268,49
1013,791,268,43
1014,791,303,28
1015,792,303,37
1016,793,234,78
1017,794,234,48
1018,795,234,21
1019,795,269,9
1020,796,269,69
1021,797,200,10
1022,797,235,53
1023,798,235,40
1024,799,235,25
1025,800,235,46
1026,801,236,42
1027,801,271,21
1028,802,271,47
1029,803,271,37
1030,804,271,106
1031,804,306,5
1032,805,272,50
1033,806,272,26
1034,807,272,11
1035,808,272,13
1036,808,307,15
1037,809,238,54
1038,810,238,78
1039,810,273,14
1040,811,273,14
1041,812,273,63
1042,813,204,7
1043,813,239,104
1044,814,274,47
1045,815,274,37
1046,816,274,53
1047,817,205,77
1048,817,240,10
1049,818,240,54
1050,819,240,29
1051,820,240,71
1052,820,275,10
1053,821,206,43
1054,821,241,36
1055,822,241,33
1056,823,241,42
1057,824,241,26
1058,824,276,8
1059,825,242,38
1060,826,242,29
1061,826,277,8
1062,827,277,70
1063,828,277,65
1064,829,243,81
1065,829,278,28
1066,830,278,64
1067,831,278,24
1068,832,278,28
1069,832,313,95
1070,833,209,68
1071,834,209,7
1072,834,244,47
1073,835,244,37
1074,836,244,49
1075,837,280,41
1076,837,315,14
1077,838,315,50
1078,839,315,38
1079,840,315,58
1080,840,350,5
1081,841,246,31
1082,842,246,22
1083,843,246,47
1084,844,246,53
1085,845,212,20
1086,845,247,5
1087,846,247,25
1088,847,247,10
1089,848,247,37
1090,849,248,19
1091,850,248,32
1092,851,248,49
1093,852,248,43
1094,853,249,30
1095,854,249,31
1096,855,249,25
1097,856,249,36
1098,857,285,27
1099,858,285,20
1100,859,285,19
1101,860,285,27
1102,860,320,16
1103,861,216,41
1104,862,216,20
1105,863,216,20
1106,863,251,1
1107,864,251,39
1108,865,252,26
1109,866,252,25
1110,867,252,21
1111,868,252,50
1112,869,253,25
1113,869,288,9
1114,870,288,24
1115,871,288,28
1116,872,288,48
1117,873,219,1
1118,873,254,40
1119,874,254,50
1120,875,254,19
1121,876,254,30
1122,876,289,13
1123,877,255,64
1124,878,255,5
1125,878,290,11
1126,879,290,18
1127,880,290,49
1128,881,221,46
1129,882,221,9
1130,882,256,27
1131,883,256,21
1132,884,256,23
1133,885,257,37
1134,886,257,19
1135,887,257,55
1136,888,257,25
1137,889,223,49
1138,890,223,2
1139,890,258,26
1140,891,258,25
1141,892,258,37
1142,893,259,20
1143,894,259,15
1144,895,259,16
1145,896,259,29
1146,897,260,47
1147,898,260,29
1148,899,260,27
1149,900,260,2
1150,900,295,45
1151,901,296,56
1152,902,296,62
1153,903,296,38
1154,904,296,9
1155,904,331,12
1156,905,227,25
1157,906,227,15
1158,906,262,20
1159,907,262,24
1160,908,262,30
1161,909,228,38
1162,910,228,30
1163,910,263,11
1164,911,263,28
1165,912,263,27
1166,913,229,27
1167,914,229,22
1168,915,229,5
1169,915,264,13
1170,916,264,38
1171,917,230,5
1172,917,265,52
1173,918,265,23
1174,919,265,21
1175,920,265,25
1176,921,231,34
1177,922,231,30
1178,923,231,43
1179,923,266,11
1180,924,266,23
1181,925,302,47
1182,926,302,52
1183,927,302,17
1184,928,302,24
1185,929,303,36
1186,930,303,1
1187,930,338,28
1188,931,338,29
1189,932,338,38
1190,933,269,22
1191,934,269,9
1192,934,304,15
1193,935,304,28
1194,936,304,21
1195,937,235,35
1196,937,270,13
1197,938,270,42
1198,939,270,12
1199,940,270,38
1200,941,306,69
1201,942,306,35
1202,943,306,24
1203,944,306,23
1204,945,307,54
1205,946,307,36
1206,947,307,23
1207,948,307,31
1208,948,342,9
1209,949,273,30
1210,950,273,31
1211,951,273,19
1212,952,273,30
1213,953,274,31
1214,954,274,19
1215,954,309,23
1216,955,309,19
1217,956,309,39
1218,957,275,31
1219,958,275,42
1220,959,275,7
1221,960,275,42
1222,961,276,37
1223,962,276,32
1224,963,276,17
1225,964,276,26
1226,965,277,44
1227,965,312,8
1228,966,312,16
1229,967,312,15
1230,968,312,61
1231,969,313,27
1232,970,313,11
1233,970,348,13
1234,971,348,20
1235,972,348,36
1236,973,244,21
1237,973,279,32
1238,974,279,22
1239,975,279,11
1240,976,279,39
1241,977,350,42
1242,978,350,16
1243,979,350,25
1244,980,350,24
1245,981,246,42
1246,982,246,23
1247,982,281,1
1248,983,281,15
1249,984,281,31
1250,985,247,35
1251,986,247,13
1252,987,247,36
1253,988,247,21
1254,989,248,22
1255,989,283,4
1256,990,283,14
1257,991,283,14
1258,992,283,57
1259,993,249,22
1260,993,284,6
1261,994,284,26
1262,995,284,28
1263,996,284,45
1264,997,320,57
1265,998,320,29
1266,999,320,12
1267,1000,320,38
1268,1000,355,30
1269,1001,251,52
1270,1002,251,14
1271,1002,286,15
1272,1003,286,23
1273,1004,286,44
1274,1005,252,31
1275,1005,287,15
1276,1006,287,39
1277,1007,287,26
1278,1008,287,16
1279,1009,288,27
1280,1010,288,9
1281,1011,288,17
1282,1012,288,25
1283,1013,289,46
1284,1014,289,30
1285,1015,289,47
1286,1016,289,5
1287,1016,324,24
1288,1017,290,39
1289,1018,290,20
1290,1019,290,16
1291,1020,290,42
1292,1021,256,30
1293,1022,256,55
1294,1023,256,19
1295,1024,256,3
1296,1024,291,23
1297,1025,257,9
1298,1025,292,33
1299,1026,292,38
1300,1027,292,17
1301,1028,292,43
1302,1029,258,39
1303,1030,258,6
1304,1030,293,21
1305,1031,293,30
1306,1032,293,40
1307,1033,259,2
1308,1033,294,49
1309,1034,294,24
1310,1035,294,29
1311,1036,294,21
1312,1037,295,29
1313,1038,295,28
1314,1039,295,17
1315,1040,295,40
1316,1040,330,14
1317,1041,331,47
1318,1042,331,42
1319,1043,331,19
1320,1044,331,15
1321,1045,262,31
1322,1046,262,34
1323,1047,262,21
1324,1048,262,13
1325,1048,297,20
1326,1049,263,25
1327,1050,263,28
1328,1050,298,8
1329,1051,298,37
1330,1052,298,32
1331,1053,264,32
1332,1054,264,16
1333,1055,264,14
1334,1056,264,20
1335,1056,299,12
1336,1057,265,69
1337,1058,265,25
1338,1058,300,18
1339,1059,300,38
1340,1060,300,23
1341,1061,266,37
1342,1062,266,21
1343,1063,266,17
1344,1064,266,12
1345,1064,301,18
1346,1065,302,31
1347,1066,302,7
1348,1066,337,21
1349,1067,337,9
1350,1068,337,32
1351,1069,338,36
1352,1070,338,23
1353,1071,338,17
1354,1072,338,38
1355,1072,373,7
1356,1073,304,46
1357,1074,304,18
1358,1075,304,22
1359,1076,304,50
1360,1076,339,4
1361,1077,270,49
1362,1078,270,25
1363,1078,305,5
1364,1079,305,20
1365,1080,305,44
1366,1081,306,24
1367,1082,306,19
1368,1082,341,17
1369,1083,341,15
1370,1084,341,23
1371,1085,342,42
1372,1086,342,39
1373,1087,342,31
1374,1088,342,26
1375,1089,273,16
1376,1089,308,17
1377,1090,308,25
1378,1091,308,28
1379,1092,308,38
1380,1093,309,49
1381,1094,309,19
1382,1095,309,6
1383,1095,344,23
1384,1096,344,23
1385,1097,275,38
1386,1098,275,1
1387,1098,310,62
1388,1099,310,12
1389,1100,310,22
1390,1101,276,44
1391,1101,311,15
1392,1102,311,22
1393,1103,311,22
1394,1104,311,15
1395,1105,312,48
1396,1105,347,6
1397,1106,347,24
1398,1107,347,20
1399,1108,347,42
1400,1109,348,31
1401,1110,348,42
1402,1111,348,8
1403,1111,383,6
1404,1112,383,31
1405,1113,279,46
1406,1114,279,31
1407,1115,279,13
1408,1116,279,26
1409,1116,314,18
1410,1117,350,16
1411,1117,385,14
1412,1118,385,48
1413,1119,385,38
1414,1120,385,50
1415,1121,281,44
1416,1122,281,32
1417,1123,281,19
1418,1124,281,7
1419,1124,316,63
1420,1125,282,48
1421,1126,282,26
1422,1127,282,44
1423,1128,282,73
1424,1129,283,56
1425,1130,283,36
1426,1131,283,13
1427,1131,318,10
1428,1132,318,22
1429,1133,284,35
1430,1134,284,9
1431,1134,319,29
1432,1135,319,14
1433,1136,319,33
1434,1137,355,41
1435,1138,355,23
1436,1139,355,13
1437,1140,355,21
1438,1141,286,26
1439,1142,286,26
1440,1143,286,28
1441,1143,321,23
1442,1144,321,77
1443,1145,287,30
1444,1146,287,29
1445,1147,287,36
1446,1148,287,40
1447,1149,288,19
1448,1149,323,22
1449,1150,323,45
1450,1151,323,18
1451,1152,323,51
1452,1153,324,50
1453,1154,324,36
1454,1155,324,20
1455,1156,324,33
1456,1156,359,20
1457,1157,290,31
1458,1157,325,25
1459,1158,325,30
1460,1159,325,24
1461,1160,325,41
1462,1161,291,25
1463,1162,291,27
1464,1163,291,19
1465,1164,291,4
1466,1164,326,35
1467,1165,292,8
1468,1165,327,22
1469,1166,327,39
1470,1167,327,19
1471,1168,327,20
1472,1169,293,15
1473,1170,293,46
1474,1171,293,21
1475,1171,328,16
1476,1172,328,36
1477,1173,294,62
1478,1173,329,2
1479,1174,329,38
1480,1175,329,48
1481,1176,329,28
1482,1177,330,64
1483,1178,330,27
1484,1179,330,31
1485,1180,330,29
1486,1181,331,24
1487,1182,331,20
1488,1182,366,37
1489,1183,366,19
1490,1184,366,14
1491,1185,297,82
1492,1186,297,41
1493,1186,332,4
1494,1187,332,22
1495,1188,332,26
1496,1189,298,46
1497,1190,298,18
1498,1191,298,28
1499,1192,298,20
1500,1192,333,8
1501,1193,299,52
1502,1194,299,32
1503,1195,299,49
1504,1196,299,25
1505,1196,334,27
1506,1197,300,42
1507,1198,300,11
1508,1199,300,17
1509,1200,300,13
1510,1200,335,78
1511,1201,301,25
1512,1202,301,23
1513,1203,301,32
1514,1204,301,29
1515,1205,337,68
1516,1206,337,21
1517,1207,372,25
1518,1208,372,41
1519,1209,373,59
1520,1210,373,29
1521,1211,373,25
1522,1212,373,68
1523,1213,339,61
1524,1214,339,56
1525,1215,339,23
1526,1216,339,17
1527,1216,374,55
1528,1217,305,37
1529,1218,305,23
1530,1219,305,44
1531,1220,305,4
1532,1220,340,29
1533,1221,341,53
1534,1222,341,17
1535,1223,341,46
1536,1224,341,27
1537,1224,376,3
1538,1225,342,1
1539,1225,377,70
1540,1226,377,42
1541,1227,377,8
1542,1228,377,31
1543,1229,308,32
1544,1230,308,24
1545,1230,343,25
1546,1231,343,29
1547,1232,343,28
1548,1233,344,40
1549,1234,344,30
1550,1235,344,27
1551,1236,344,43
1552,1237,310,56
1553,1238,345,23
1554,1239,345,21
1555,1240,345,21
1556,1241,311,45
1557,1242,311,50
1558,1243,311,22
1559,1243,346,3
1560,1244,346,52
1561,1245,347,49
1562,1246,347,7
1563,1246,382,10
1564,1247,382,44
1565,1248,382,21
1566,1249,383,28
1567,1250,383,24
1568,1251,383,21
1569,1252,383,43
1570,1253,314,31
1571,1254,314,64
1572,1255,314,11
1573,1255,349,16
1574,1256,349,32
1575,1257,385,41
1576,1258,385,36
1577,1259,385,22
1578,1260,385,1
1579,1260,420,39
1580,1261,316,90
1581,1262,316,26
1582,1262,351,38
1583,1263,351,22
1584,1264,351,25
1585,1265,282,5
1586,1265,317,24
1587,1266,317,42
1588,1267,317,32
1589,1268,317,31
1590,1268,352,30
1591,1269,318,40
1592,1270,318,38
1593,1271,318,18
1594,1271,353,3
1595,1272,353,55
1596,1273,319,44
1597,1273,354,4
1598,1274,354,22
1599,1275,354,37
1600,1276,354,31
1601,1277,355,47
1602,1278,355,33
1603,1279,355,14
1604,1279,390,8
1605,1280,390,30
1606,1281,321,64
1607,1282,321,18
1608,1282,356,21
1609,1283,356,38
1610,1284,356,35
1611,1285,287,1
1612,1285,322,51
1613,1286,322,35
1614,1287,322,29
1615,1288,322,54
1616,1289,323,64
1617,1290,323,12
1618,1290,358,14
1619,1291,358,28
1620,1292,358,33
1621,1293,359,78
1622,1294,359,66
1623,1294,394,20
1624,1295,394,27
1625,1296,394,30
1626,1297,325,36
1627,1298,325,28
1628,1299,325,36
1629,1300,325,10
1630,1300,360,16
1631,1301,326,48
1632,1302,326,26
1633,1303,326,30
1634,1303,361,14
1635,1304,361,40
1636,1305,327,20
1637,1305,362,15
1638,1306,362,28
1639,1307,362,47
1640,1308,362,53
1641,1309,328,27
1642,1310,328,28
1643,1311,328,10
1644,1311,363,35
1645,1312,363,66
1646,1313,329,19
1647,1313,364,29
1648,1314,364,25
1649,1315,364,19
1650,1316,364,33
1651,1317,330,4
1652,1317,365,41
1653,1318,365,47
1654,1319,365,36
1655,1320,365,50
1656,1321,366,37
1657,1322,366,19
1658,1323,366,25
1659,1324,366,47
1660,1324,401,1
1661,1325,332,32
1662,1326,332,28
1663,1327,332,19
1664,1328,332,9
1665,1328,367,45
1666,1329,333,83
1667,1330,333,27
1668,1331,333,46
1669,1332,333,26
1670,1333,334,39
1671,1334,334,60
1672,1335,334,60
1673,1336,334,18
1674,1336,369,37
1675,1337,335,80
1676,1338,335,16
1677,1338,370,19
1678,1339,370,41
1679,1340,370,43
1680,1341,301,30
1681,1342,301,30
1682,1343,301,39
1683,1343,336,13
1684,1344,336,62
1685,1345,372,33
1686,1346,372,24
1687,1347,372,15
1688,1348,372,38
1689,1349,373,49
1690,1349,408,30
1691,1350,408,50
1692,1351,408,27
1693,1352,408,77
1694,1353,374,101
1695,1354,374,2
1696,1354,409,56
1697,1355,409,47
1698,1356,409,45
1699,1357,340,50
1700,1358,340,39
1701,1359,340,26
1702,1360,340,55
1703,1361,376,46
1704,1362,376,23
1705,1363,376,22
1706,1364,376,23
1707,1364,411,33
1708,1365,377,6
1709,1365,412,28
1710,1366,412,48
1711,1367,412,11
1712,1368,412,39
1713,1369,343,64
1714,1370,343,10
1715,1370,378,9
1716,1371,378,33
1717,1372,378,40
1718,1373,344,51
1719,1373,379,17
1720,1374,379,28
1721,1375,379,52
1722,1376,379,34
1723,1377,345,67
1724,1378,345,41
1725,1379,345,13
1726,1379,380,13
1727,1380,380,51
1728,1381,346,57
1729,1382,346,16
1730,1383,346,26
1731,1384,346,33
1732,1385,382,38
1733,1386,382,61
1734,1387,382,25
1735,1388,382,22
1736,1388,417,41
1737,1389,383,47
1738,1390,383,32
1739,1390,418,1
1740,1391,418,23
1741,1392,418,50
1742,1393,349,52
1743,1394,349,32
1744,1395,349,11
1745,1395,384,10
1746,1396,384,32
1747,1397,420,86
1748,1398,420,33
1749,1399,420,23
1750,1400,420,30
1751,1401,351,45
1752,1402,351,79
1753,1403,351,46
1754,1404,351,19
1755,1404,386,22
1756,1405,352,56
1757,1406,352,49
1758,1407,352,50
1759,1408,352,10
1760,1408,387,41
1761,1409,353,80
1762,1410,353,66
1763,1411,353,5
1764,1411,388,26
1765,1412,388,40
1766,1413,354,33
1767,1414,354,62
1768,1415,354,15
1769,1415,389,14
1770,1416,389,77
1771,1417,390,61
1772,1418,390,45
1773,1419,390,12
1774,1419,425,11
1775,1420,425,48
1776,1421,356,90
1777,1422,356,26
1778,1422,391,16
1779,1423,391,42
1780,1424,391,99
1781,1424,426,11
1782,1425,322,36
1783,1425,357,62
1784,1426,357,37
1785,1427,357,37
1786,1428,357,57
1787,1428,392,26
1788,1429,358,63
1789,1430,358,33
1790,1431,358,40
1791,1431,393,12
1792,1432,393,27
1793,1433,394,70
1794,1434,394,19
1795,1434,429,51
1796,1435,429,46
1797,1436,429,59
1798,1436,464,28
1799,1437,360,60
1800,1438,360,63
1801,1439,360,44
1802,1440,360,6
1803,1440,395,24
1804,1441,361,70
1805,1442,361,49
1806,1443,361,50
1807,1444,361,22
1808,1444,396,22
1809,1445,362,59
1810,1446,362,9
1811,1446,397,31
1812,1447,397,32
1813,1448,397,50
1814,1449,363,56
1815,1449,398,33
1816,1450,398,44
1817,1451,398,61
1818,1452,398,71
1819,1453,364,68
1820,1454,364,16
1821,1454,399,18
1822,1455,399,57
1823,1456,399,48
1824,1457,365,7
1825,1457,400,75
1826,1458,400,40
1827,1459,400,36
1828,1460,400,57
1829,1461,401,33
1830,1462,401,22
1831,1463,401,46
1832,1464,401,66
1833,1465,367,61
1834,1466,367,30
1835,1467,367,27
1836,1468,367,38
1837,1469,333,16
1838,1469,368,41
1839,1470,368,37
1840,1471,368,66
1841,1472,368,45
1842,1473,369,72
1843,1474,369,33
1844,1475,369,19
1845,1476,369,61
1846,1477,370,42
1847,1478,370,35
1848,1479,370,22
1849,1479,405,25
1850,1480,405,27
1851,1481,336,40
1852,1482,336,48
1853,1483,336,4
1854,1483,371,55
1855,1484,371,27
1856,1485,372,30
1857,1485,407,60
1858,1486,407,46
1859,1487,407,21
1860,1488,407,38
1861,1489,408,67
1862,1489,443,7
1863,1490,443,36
1864,1491,443,45
1865,1492,443,48
1866,1493,409,56
1867,1494,409,2
1868,1494,444,49
1869,1495,444,42
1870,1496,444,43
1871,1497,340,39
1872,1498,340,22
1873,1498,375,61
1874,1499,375,55
1875,1500,375,44
1876,1501,411,71
1877,1502,411,34
1878,1503,411,45
1879,1504,411,31
1880,1504,446,12
1881,1505,412,57
1882,1505,447,16
1883,1506,447,51
1884,1507,447,69
1885,1508,447,31
1886,1509,378,40
1887,1510,378,48
1888,1510,413,17
1889,1511,413,19
1890,1512,413,61
1891,1513,379,60
1892,1513,414,30
1893,1514,414,52
1894,1515,414,10
1895,1516,414,37
1896,1517,380,50
1897,1518,380,60
1898,1519,380,18
1899,1519,415,21
1900,1520,415,67
1901,1521,346,32
1902,1521,381,36
1903,1522,381,71
1904,1523,381,25
1905,1524,381,81
1906,1525,417,57
1907,1526,417,21
1908,1527,417,41
1909,1528,417,58
1910,1528,452,20
1911,1529,418,90
1912,1530,418,9
1913,1531,418,37
1914,1532,418,5
1915,1532,453,33
1916,1533,384,74
1917,1534,384,44
1918,1535,384,12
1919,1535,419,26
1920,1536,419,60
1921,1537,420,26
1922,1537,455,55
1923,1538,455,59
1924,1539,455,24
1925,1540,455,31
1926,1540,490,80
1927,1541,386,61
1928,1542,386,91
1929,1542,421,66
1930,1543,421,85
1931,1544,421,36
1932,1544,456,13
1933,1545,387,120
1934,1546,387,36
1935,1546,422,23
1936,1547,422,56
1937,1548,422,62
1938,1549,388,93
1939,1549,423,19
1940,1550,423,56
1941,1551,423,60
1942,1552,423,79
1943,1553,389,65
1944,1553,424,94
1945,1554,424,28
1946,1554,459,71
1947,1555,459,59
1948,1555,494,9
1949,1556,494,160
1950,1557,425,63
1951,1558,425,17
1952,1558,460,12
1953,1559,460,78
1954,1560,460,96
1955,1561,426,69
1956,1562,426,65
1957,1563,426,67
1958,1564,426,14
1959,1564,461,63
1960,1565,392,77
1961,1566,392,83
1962,1567,392,17
1963,1567,427,46
1964,1568,427,99
1965,1569,393,105
1966,1570,393,36
1967,1570,428,70
1968,1571,428,61
1969,1572,428,82
1970,1573,464,139
1971,1573,499,37
1972,1574,499,100
1973,1575,499,59
1974,1575,534,3
1975,1576,534,112
1976,1577,395,33
1977,1578,395,80
1978,1579,395,46
1979,1579,430,15
1980,1580,430,74
1981,1581,396,100
1982,1582,396,29
1983,1582,431,58
1984,1583,431,115
1985,1584,431,32
1986,1585,397,56
1987,1585,432,74
1988,1586,432,78
1989,1587,432,60
1990,1588,432,14
1991,1588,467,80
1992,1589,398,31
1993,1589,433,91
1994,1590,433,51
1995,1591,433,16
1996,1592,433,38
1997,1592,468,22
1998,1593,399,28
1999,1593,434,84
2000,1594,434,20
2001,1594,469,68
2002,1595,469,33
2003,1596,469,91
2004,1596,504,6
2005,1597,400,42
2006,1597,435,30
2007,1598,435,43
2008,1599,435,49
2009,1600,435,57
2010,1601,401,13
2011,1601,436,55
2012,1602,436,131
2013,1603,436,52
2014,1603,471,66
2015,1604,471,43
2016,1605,367,47
2017,1605,402,65
2018,1606,402,58
2019,1607,402,39
2020,1607,437,27
2021,1608,437,52
2022,1609,368,10
2023,1609,403,107
2024,1610,403,55
2025,1611,403,34
2026,1611,438,49
2027,1612,438,74
2028,1613,369,24
2029,1613,404,24
2030,1614,404,69
2031,1615,404,25
2032,1616,404,73
2033,1616,439,65
2034,1617,405,121
2035,1618,405,29
2036,1618,440,37
2037,1619,440,72
2038,1620,440,105
2039,1621,371,95
2040,1622,371,8
2041,1622,406,47
2042,1623,406,50
2043,1624,406,49
2044,1625,407,85
2045,1625,442,9
2046,1626,442,105
2047,1627,442,38
2048,1627,477,14
2049,1628,477,55
2050,1629,443,45
2051,1629,478,38
2052,1630,478,62
2053,1631,478,67
2054,1631,513,22
2055,1632,513,15
2056,1633,444,11
2057,1633,479,48
2058,1634,479,61
2059,1635,479,71
2060,1636,479,60
2061,1636,514,26
2062,1637,375,24
2063,1637,410,55
2064,1638,410,55
2065,1639,410,124
2066,1639,445,6
2067,1640,445,72
2068,1641,446,101
2069,1642,446,54
2070,1643,446,76
2071,1643,481,7
2072,1644,481,64
2073,1645,447,55
2074,1645,482,38
2075,1646,482,85
2076,1647,482,37
2077,1648,482,24
2078,1648,517,67
2079,1649,413,108
2080,1650,413,23
2081,1650,448,29
2082,1651,448,47
2083,1652,448,74
2084,1653,414,75
2085,1654,414,27
2086,1655,414,5
2087,1655,449,51
2088,1656,449,80
2089,1657,415,51
2090,1657,450,19
2091,1658,450,69
2092,1659,450,53
2093,1659,485,24
2094,1660,485,44
2095,1661,381,4
2096,1661,416,55
2097,1662,416,87
2098,1663,416,28
2099,1664,416,23
2100,1664,451,79
2101,1665,452,90
2102,1666,452,51
2103,1666,487,66
2104,1667,487,43
2105,1668,487,57
2106,1669,453,60
2107,1670,453,82
2108,1671,453,2
2109,1671,488,23
2110,1672,488,52
2111,1673,419,65
2112,1674,419,36
2113,1674,454,16
2114,1675,454,42
2115,1676,454,119
2116,1677,490,36
2117,1677,525,68
2118,1678,525,59
2119,1679,525,64
2120,1680,525,52
2121,1680,560,17
2122,1681,456,134
2123,1681,491,26
2124,1682,491,49
2125,1683,491,33
2126,1684,491,46
2127,1684,526,23
2128,1685,422,99
2129,1686,422,2
2130,1686,457,50
2131,1687,457,39
2132,1688,457,80
2133,1689,423,72
2134,1689,458,17
2135,1690,458,56
2136,1691,458,31
2137,1692,458,76
2138,1693,494,86
2139,1693,529,16
2140,1694,529,82
2141,1695,529,69
2142,1696,529,58
2143,1697,460,46
2144,1697,495,70
2145,1698,495,50
2146,1699,495,38
2147,1699,530,8
2148,1700,530,48
2149,1701,461,59
2150,1702,461,5
2151,1702,496,81
2152,1703,496,57
2153,1704,496,50
2154,1704,531,41
2155,1705,427,54
2156,1705,462,80
2157,1706,462,115
2158,1707,462,12
2159,1707,497,36
2160,1708,497,59
2161,1709,428,55
2162,1709,463,85
2163,1710,463,71
2164,1711,463,34
2165,1711,498,35
2166,1712,498,85
2167,1713,534,59
2168,1714,534,35
2169,1714,569,8
2170,1715,569,52
2171,1716,569,86
2172,1717,430,121
2173,1718,430,13
2174,1718,465,54
2175,1719,465,48
2176,1720,465,41
2177,1721,431,16
2178,1721,466,91
2179,1722,466,50
2180,1723,466,35
2181,1723,501,23
2182,1724,501,98
2183,1725,467,83
2184,1726,467,8
2185,1726,502,40
2186,1727,502,56
2187,1728,502,68
2188,1729,468,87
2189,1730,468,26
2190,1731,468,40
2191,1731,503,17
2192,1732,503,61
2193,1733,504,129
2194,1734,504,27
2195,1734,539,33
2196,1735,539,25
2197,1736,539,46
2198,1737,435,42
2199,1738,470,55
2200,1739,470,65
2201,1740,470,79
2202,1740,505,18
2203,1741,471,54
2204,1742,471,47
2205,1742,506,9
2206,1743,506,52
2207,1744,506,50
2208,1745,437,79
2209,1745,472,16
2210,1746,472,36
2211,1747,472,49
2212,1748,472,48
2213,1748,507,76
2214,1749,438,57
2215,1749,473,34
2216,1750,473,108
2217,1751,473,32
2218,1751,508,8
2219,1752,508,82
2220,1753,439,70
2221,1754,439,57
2222,1754,474,18
2223,1755,474,64
2224,1756,474,107
2225,1756,509,11
2226,1757,440,15
2227,1757,475,49
2228,1758,475,80
2229,1759,475,33
2230,1760,475,12
2231,1760,510,96
2232,1761,406,61
2233,1761,441,81
2234,1762,441,21
2235,1763,441,18
2236,1763,476,86
2237,1764,476,35
2238,1765,477,109
2239,1765,512,19
2240,1766,512,72
2241,1767,512,80
2242,1768,512,44
2243,1769,513,76
2244,1770,513,41
2245,1771,513,45
2246,1772,513,1
2247,1772,548,85
2248,1773,514,110
2249,1774,514,39
2250,1775,514,18
2251,1775,549,59
2252,1776,549,54
2253,1777,445,106
2254,1778,445,41
2255,1778,480,34
2256,1779,480,21
2257,1780,480,31
2258,1781,481,56
2259,1782,481,58
2260,1783,481,55
2261,1784,481,4
2262,1784,516,57
2263,1785,517,103
2264,1786,517,4
2265,1786,552,49
2266,1787,552,63
2267,1788,552,82
2268,1788,587,9
2269,1789,448,84
2270,1790,448,3
2271,1790,483,85
2272,1791,483,44
2273,1792,483,45
2274,1793,449,48
2275,1793,484,52
2276,1794,484,60
2277,1795,484,33
2278,1796,484,37
2279,1796,519,7
2280,1797,485,37
2281,1798,485,40
2282,1799,485,26
2283,1799,520,17
2284,1800,520,125
2285,1801,451,91
2286,1802,451,38
2287,1802,486,16
2288,1803,486,100
2289,1804,486,37
2290,1805,487,26
2291,1805,522,66
2292,1806,522,55
2293,1807,522,38
2294,1808,522,54
2295,1809,488,84
2296,1810,488,4
2297,1810,523,33
2298,1811,523,86
2299,1812,523,82
2300,1812,558,4
2301,1813,454,17
2302,1813,489,55
2303,1814,489,28
2304,1815,489,57
2305,1816,489,56
2306,1817,560,90
2307,1818,560,22
2308,1819,560,60
2309,1820,560,51
2310,1821,526,77
2311,1822,526,24
2312,1823,526,30
2313,1824,526,31
2314,1825,457,24
2315,1825,492,23
2316,1826,492,29
2317,1827,492,18
2318,1828,492,33
2319,1829,458,31
2320,1829,493,2
2321,1830,493,24
2322,1831,493,28
2323,1832,493,35
2324,1833,529,27
2325,1833,564,34
2326,1834,564,36
2327,1835,564,27
2328,1836,564,50
2329,1837,530,79
2330,1838,530,15
2331,1839,530,13
2332,1840,530,38
2333,1840,565,32
2334,1841,531,34
2335,1842,531,34
2336,1843,531,25
2337,1844,531,34
2338,1845,497,53
2339,1846,497,17
2340,1847,497,23
2341,1848,497,30
2342,1848,532,14
2343,1849,498,32
2344,1850,498,37
2345,1851,498,22
2346,1852,498,20
2347,1852,533,2
2348,1853,569,40
2349,1854,569,20
2350,1855,569,43
2351,1855,604,15
2352,1856,604,90
2353,1857,465,36
2354,1858,465,6
2355,1858,500,18
2356,1859,500,23
2357,1860,500,38
2358,1861,501,31
2359,1862,501,46
2360,1863,501,11
2361,1863,536,31
2362,1864,536,58
2363,1865,502,20
2364,1865,537,11
2365,1866,537,26
2366,1867,537,21
2367,1868,537,34
2368,1869,503,85
2369,1870,503,45
2370,1871,503,11
2371,1871,538,12
2372,1872,538,31
2373,1873,539,28
2374,1874,539,53
2375,1874,574,16
2376,1875,574,29
2377,1876,574,56
2378,1877,505,34
2379,1878,505,31
2380,1879,505,53
2381,1880,505,52
2382,1880,540,6
2383,1881,506,53
2384,1882,506,9
2385,1882,541,49
2386,1883,541,21
2387,1884,541,43
2388,1885,507,73
2389,1886,507,25
2390,1886,542,6
2391,1887,542,27
2392,1888,542,80
2393,1889,508,59
2394,1890,508,26
2395,1891,508,9
2396,1891,543,14
2397,1892,543,34
2398,1893,509,102
2399,1894,509,27
2400,1895,509,29
2401,1896,509,35
2402,1896,544,3
2403,1897,510,21
2404,1898,510,53
2405,1899,510,35
2406,1899,545,2
2407,1900,545,25
2408,1901,476,61
2409,1902,476,28
2410,1903,476,9
2411,1904,476,10
2412,1904,511,38
2413,1905,512,29
2414,1905,547,54
2415,1906,547,46
2416,1907,547,24
2417,1908,547,46
2418,1909,548,36
2419,1910,548,54
2420,1911,548,37
2421,1912,548,33
2422,1912,583,31
2423,1913,549,43
2424,1914,549,41
2425,1915,549,15
2426,1916,549,4
2427,1916,584,75
2428,1917,480,117
2429,1917,515,2
2430,1918,515,28
2431,1919,515,38
2432,1920,515,41
2433,1921,516,37
2434,1922,516,35
2435,1923,516,29
2436,1924,516,32
2437,1925,587,33
2438,1926,587,35
2439,1927,587,22
2440,1928,587,26
2441,1929,483,17
2442,1930,483,34
2443,1930,518,2
2444,1931,518,21
2445,1932,518,77
2446,1933,519,64
2447,1934,519,22
2448,1935,519,31
2449,1936,519,39
2450,1937,520,49
2451,1938,520,37
2452,1939,520,17
2453,1939,555,4
2454,1940,555,67
2455,1941,486,29
2456,1942,486,8
2457,1942,521,18
2458,1943,521,24
2459,1944,521,47
2460,1945,522,22
2461,1945,557,16
2462,1946,557,50
2463,1947,557,26
2464,1948,557,57
2465,1949,558,51
2466,1950,558,33
2467,1951,558,53
2468,1952,558,59
2469,1953,489,72
2470,1954,489,35
2471,1955,489,10
2472,1955,524,4
2473,1956,524,12
2474,1957,560,32
2475,1958,560,30
2476,1959,560,1
2477,1959,595,29
2478,1960,595,41
2479,1961,526,34
2480,1962,526,7
2481,1962,561,23
2482,1963,561,34
2483,1964,561,37
2484,1965,492,37
2485,1966,492,26
2486,1967,492,14
2487,1967,527,12
2488,1968,527,43
2489,1969,493,40
2490,1969,528,42
2491,1970,528,28
2492,1971,528,66
2493,1972,528,71
2494,1973,564,50
2495,1974,564,23
2496,1975,564,38
2497,1976,564,62
2498,1977,565,64
2499,1978,565,36
2500,1979,565,14
2501,1980,565,87
2502,1981,531,21
2503,1981,566,56
2504,1982,566,43
2505,1983,566,38
2506,1984,566,41
2507,1985,532,61
2508,1986,532,41
2509,1987,532,33
2510,1988,532,66
2511,1989,533,93
2512,1990,533,50
2513,1991,533,46
2514,1992,533,27
2515,1992,568,10
2516,1993,604,39
2517,1994,604,47
2518,1995,604,21
2519,1996,604,51
2520,1996,639,43
2521,1997,500,45
2522,1998,500,42
2523,1999,500,32
2524,2000,500,8
2525,2000,535,46
2526,2001,536,48
2527,2002,536,27
2528,2003,536,40
2529,2004,536,2
2530,2004,571,40
2531,2005,537,83
2532,2006,537,11
2533,2006,572,21
2534,2007,572,34
2535,2008,572,40
2536,2009,538,60
2537,2010,538,55
2538,2011,538,16
2539,2011,573,44
2540,2012,573,84
2541,2013,574,70
2542,2014,574,42
2543,2015,574,30
2544,2016,574,65
2545,2017,540,86
2546,2018,540,75
2547,2019,540,29
2548,2020,540,37
2549,2020,575,50
2550,2021,541,66
2551,2022,541,10
2552,2022,576,36
2553,2023,576,34
2554,2024,576,39
2555,2025,542,36
2556,2026,542,41
2557,2027,542,14
2558,2027,577,16
2559,2028,577,101
2560,2029,543,120
2561,2030,543,53
2562,2031,543,26
2563,2031,578,25
2564,2032,578,53
2565,2033,544,51
2566,2034,544,31
2567,2035,544,24
2568,2036,544,35
2569,2037,545,81
2570,2038,545,65
2571,2039,545,26
2572,2040,545,12
2573,2040,580,41
2574,2041,511,20
2575,2042,511,13
2576,2043,511,52
2577,2044,511,61
2578,2045,547,46
2579,2045,582,7
2580,2046,582,43
2581,2047,582,37
2582,2048,582,43
2583,2049,583,31
2584,2050,583,63
2585,2051,583,37
2586,2052,583,40
2587,2052,618,32
2588,2053,584,54
2589,2054,584,58
2590,2055,584,39
2591,2056,584,30
2592,2057,515,67
2593,2057,550,39
2594,2058,550,32
2595,2059,550,53
2596,2060,550,36
2597,2061,516,42
2598,2061,551,38
2599,2062,551,43
2600,2063,551,54
2601,2064,551,80
2602,2065,587,33
2603,2066,587,30
2604,2067,587,50
2605,2068,587,37
2606,2068,622,3
2607,2069,518,43
2608,2070,518,20
2609,2071,518,28
2610,2071,553,19
2611,2072,553,44
2612,2073,519,58
2613,2073,554,63
2614,2074,554,51
2615,2075,554,32
2616,2076,554,56
2617,2076,589,31
2618,2077,555,52
2619,2078,555,38
2620,2079,555,51
2621,2079,590,26
2622,2080,590,59
2623,2081,521,56
2624,2082,521,54
2625,2082,556,57
2626,2083,556,51
2627,2084,556,41
2628,2085,557,48
2629,2085,592,6
2630,2086,592,48
2631,2087,592,25
2632,2088,592,80
2633,2089,558,48
2634,2090,558,53
2635,2090,593,21
2636,2091,593,39
2637,2092,593,44
2638,2093,524,50
2639,2094,524,62
2640,2095,524,36
2641,2096,524,27
2642,2096,559,37
2643,2097,595,53
2644,2098,595,46
2645,2099,595,15
2646,2100,595,31
2647,2100,630,17
2648,2101,561,85
2649,2102,561,42
2650,2102,596,67
2651,2103,596,42
2652,2104,596,68
2653,2104,631,11
2654,2105,527,103
2655,2106,527,62
2656,2107,527,53
2657,2107,562,10
2658,2108,562,73
2659,2109,528,66
2660,2109,563,41
2661,2110,563,111
2662,2111,563,67
2663,2112,563,38
2664,2113,564,11
2665,2113,599,43
2666,2114,599,67
2667,2115,599,40
2668,2116,599,83
2669,2116,634,22
2670,2117,565,25
2671,2117,600,112
2672,2118,600,54
2673,2119,600,36
2674,2119,635,19
2675,2120,635,24
2676,2121,566,33
2677,2121,601,46
2678,2122,601,58
2679,2123,601,46
2680,2124,601,84
2681,2125,532,7
2682,2125,567,30
2683,2126,567,72
2684,2127,567,48
2685,2128,567,41
2686,2129,568,90
2687,2130,568,25
2688,2131,568,35
2689,2132,568,63
2690,2133,639,61
2691,2134,639,66
2692,2135,639,31
2693,2136,639,54
2694,2137,535,49
2695,2138,535,36
2696,2139,535,42
2697,2140,535,74
2698,2141,571,64
2699,2142,571,75
2700,2143,571,49
2701,2144,571,18
2702,2144,606,57
2703,2145,572,35
2704,2146,572,22
2705,2147,572,76
2706,2148,572,107
2707,2149,573,91
2708,2150,573,41
2709,2151,573,9
2710,2151,608,32
2711,2152,608,43
2712,2153,574,57
2713,2153,609,24
2714,2154,609,53
2715,2155,609,45
2716,2156,609,47
2717,2157,575,88
2718,2158,575,46
2719,2158,610,22
2720,2159,610,39
2721,2160,610,28
2722,2161,576,20
2723,2162,576,49
2724,2163,576,47
2725,2164,576,2
2726,2164,611,74
2727,2165,577,113
2728,2166,577,1
2729,2166,612,51
2730,2167,612,40
2731,2168,612,33
2732,2169,578,98
2733,2170,578,25
2734,2171,578,36
2735,2172,578,65
2736,2172,613,3
2737,2173,544,45
2738,2174,544,29
2739,2175,544,3
2740,2175,579,35
2741,2176,579,67
2742,2177,580,121
2743,2178,580,43
2744,2179,580,20
2745,2180,580,23
2746,2180,615,3
2747,2181,511,13
2748,2181,546,82
2749,2182,546,32
2750,2183,546,44
2751,2184,546,6
2752,2184,581,98
2753,2185,582,53
2754,2185,617,3
2755,2186,617,49
2756,2187,617,27
2757,2188,617,41
2758,2189,618,91
2759,2190,618,23
2760,2190,653,62
2761,2191,653,58
2762,2192,653,50
2763,2193,584,17
2764,2193,619,77
2765,2194,619,50
2766,2195,619,39
2767,2196,619,38
2768,2197,550,63
2769,2198,550,46
2770,2199,550,29
2771,2199,585,5
2772,2200,585,46
2773,2201,551,43
2774,2202,551,3
2775,2202,586,63
2776,2203,586,84
2777,2204,586,22
2778,2204,621,52
2779,2205,622,118
2780,2206,622,56
2781,2207,622,28
2782,2207,657,8
2783,2208,657,33
2784,2209,553,109
2785,2210,553,61
2786,2211,553,49
2787,2212,553,2
2788,2212,588,77
2789,2213,589,106
2790,2214,589,63
2791,2214,624,10
2792,2215,624,26
2793,2216,624,46
2794,2217,590,99
2795,2218,590,40
2796,2218,625,12
2797,2219,625,52
2798,2220,625,70
2799,2221,556,89
2800,2221,591,20
2801,2222,591,56
2802,2223,591,25
2803,2224,591,33
2804,2225,592,58
2805,2225,627,33
2806,2226,627,23
2807,2227,627,19
2808,2228,627,63
2809,2229,593,95
2810,2230,593,72
2811,2231,593,14
2812,2231,628,24
2813,2232,628,52
2814,2233,559,94
2815,2234,559,24
2816,2235,559,24
2817,2236,559,53
2818,2237,630,46
2819,2238,630,53
2820,2239,630,39
2821,2240,630,15
2822,2240,665,50
2823,2241,631,88
2824,2242,631,55
2825,2243,631,119
2826,2244,631,34
2827,2244,666,25
2828,2245,562,97
2829,2246,562,5
2830,2246,597,70
2831,2247,597,46
2832,2248,597,44
2833,2248,632,83
2834,2249,563,12
2835,2249,598,43
2836,2250,598,105
2837,2251,598,30
2838,2252,598,63
2839,2253,634,111
2840,2254,634,96
2841,2255,634,22
2842,2255,669,8
2843,2256,669,48
2844,2257,635,149
2845,2258,635,31
2846,2258,670,30
2847,2259,670,49
2848,2260,670,101
2849,2261,601,9
2850,2261,636,74
2851,2262,636,63
2852,2263,636,16
2853,2264,636,45
2854,2264,671,79
2855,2265,567,19
2856,2265,602,55
2857,2266,602,104
2858,2267,602,30
2859,2268,602,65
2860,2269,568,32
2861,2269,603,90
2862,2270,603,69
2863,2271,603,41
2864,2272,603,29
2865,2273,639,25
2866,2273,674,59
2867,2274,674,33
2868,2275,674,45
2869,2276,674,34
2870,2276,709,43
2871,2277,535,31
2872,2277,570,62
2873,2278,570,55
2874,2279,570,40
2875,2280,570,79
2876,2280,605,4
2877,2281,606,137
2878,2282,606,13
2879,2282,641,62
2880,2283,641,46
2881,2284,641,73
2882,2285,572,2
2883,2285,607,65
2884,2286,607,61
2885,2287,607,15
2886,2288,607,92
2887,2289,608,77
2888,2290,608,30
2889,2291,608,60
2890,2292,608,43
2891,2292,643,64
2892,2293,609,73
2893,2293,644,26
2894,2294,644,41
2895,2295,644,36
2896,2296,644,106
2897,2297,610,103
2898,2298,610,73
2899,2299,610,13
2900,2300,610,11
2901,2300,645,42
2902,2301,611,121
2903,2301,646,30
2904,2302,646,21
2905,2303,646,64
2906,2304,646,49
2907,2305,612,63
2908,2306,612,41
2909,2306,647,7
2910,2307,647,65
2911,2308,647,82
2912,2309,613,157
2913,2310,613,25
2914,2311,613,66
2915,2312,613,2
2916,2312,648,71
2917,2313,579,79
2918,2314,579,3
2919,2314,614,95
2920,2315,614,48
2921,2316,614,56
2922,2316,649,36
2923,2317,615,68
2924,2318,615,66
2925,2319,615,24
2926,2320,615,58
2927,2320,650,99
2928,2321,581,80
2929,2322,581,68
2930,2323,581,34
2931,2323,616,13
2932,2324,616,77
2933,2325,617,94
2934,2325,652,53
2935,2326,652,25
2936,2327,652,40
2937,2328,652,12
2938,2329,653,36
2939,2330,653,38
2940,2330,688,33
2941,2331,688,48
2942,2332,688,28
2943,2333,619,83
2944,2333,654,17
2945,2334,654,61
2946,2335,654,71
2947,2336,654,47
2948,2336,689,15
2949,2337,585,118
2950,2338,585,87
2951,2339,585,23
2952,2339,620,54
2953,2340,620,47
2954,2341,621,62
2955,2342,621,60
2956,2343,621,59
2957,2344,621,48
2958,2344,656,15
2959,2345,657,97
2960,2346,657,74
2961,2347,657,32
2962,2347,692,25
2963,2348,692,74
2964,2349,588,122
2965,2349,623,6
2966,2350,623,46
2967,2351,623,27
2968,2352,623,92
2969,2352,658,41
2970,2353,624,85
2971,2354,624,47
2972,2355,624,44
2973,2356,624,37
2974,2356,659,25
2975,2357,625,38
2976,2357,660,53
2977,2358,660,92
2978,2359,660,33
2979,2360,660,38
2980,2361,591,50
2981,2361,626,52
2982,2362,626,61
2983,2363,626,54
2984,2363,661,13
2985,2364,661,44
2986,2365,627,96
2987,2365,662,24
2988,2366,662,71
2989,2367,662,31
2990,2368,662,58
2991,2368,697,23
2992,2369,628,89
2993,2370,628,64
2994,2371,628,51
2995,2372,663,62
2996,2373,559,25
2997,2373,594,77
2998,2374,594,75
2999,2375,594,15
3000,2375,629,53
3001,2376,629,76
3002,2377,665,72
3003,2378,665,26
3004,2379,665,73
3005,2380,665,19
3006,2380,700,55
3007,2381,666,65
3008,2382,666,75
3009,2383,666,27
3010,2384,666,48
3011,2385,632,70
3012,2386,632,43
3013,2386,667,38
3014,2387,667,56
3015,2388,667,84
3016,2389,598,54
3017,2389,633,17
3018,2390,633,54
3019,2391,633,81
3020,2392,633,109
3021,2393,669,178
3022,2394,669,19
3023,2394,704,93
3024,2395,704,39
3025,2396,704,36
3026,2397,670,32
3027,2397,705,95
3028,2398,705,44
3029,2399,705,50
3030,2399,740,27
3031,2400,740,61
3032,2401,671,114
3033,2402,671,57
3034,2402,706,5
3035,2403,706,43
3036,2404,706,123
3037,2405,602,6
3038,2405,637,97
3039,2406,637,78
3040,2407,637,41
3041,2407,672,3
3042,2408,672,37
3043,2409,603,33
3044,2409,638,109
3045,2410,638,130
3046,2411,638,18
3047,2411,673,59
3048,2412,673,112
3049,2413,709,148
3050,2414,709,86
3051,2415,709,36
3052,2415,744,68
3053,2416,744,44
3054,2417,605,121
3055,2418,605,73
3056,2418,640,37
3057,2419,640,30
3058,2420,640,96
3059,2421,641,58
3060,2421,676,84
3061,2422,676,61
3062,2423,676,26
3063,2424,676,87
3064,2425,607,51
3065,2425,642,51
3066,2426,642,48
3067,2427,642,73
3068,2427,677,38
3069,2428,677,89
3070,2429,643,108
3071,2430,643,50
3072,2430,678,65
3073,2431,678,28
3074,2432,678,143
3075,2433,644,78
3076,2433,679,58
3077,2434,679,47
3078,2435,679,31
3079,2435,714,12
3080,2436,714,56
3081,2437,645,105
3082,2438,645,48
3083,2438,680,31
3084,2439,680,110
3085,2440,680,53
3086,2441,646,15
3087,2441,681,71
3088,2442,681,117
3089,2443,681,27
3090,2444,681,51
3091,2444,716,48
3092,2445,647,21
3093,2445,682,71
3094,2446,682,95
3095,2447,682,52
3096,2448,682,43
3097,2448,717,42
3098,2449,648,94
3099,2449,683,35
3100,2450,683,64
3101,2451,683,100
3102,2452,683,23
3103,2452,718,24
3104,2453,649,73
3105,2454,649,62
3106,2455,649,61
3107,2455,684,39
3108,2456,684,28
3109,2457,650,95
3110,2457,685,36
3111,2458,685,59
3112,2459,685,32
3113,2460,685,81
3114,2460,720,51
3115,2461,616,69
3116,2462,616,64
3117,2462,651,19
3118,2463,651,74
3119,2464,651,98
3120,2465,652,66
3121,2465,687,29
3122,2466,687,95
3123,2467,687,79
3124,2468,687,9
3125,2468,722,65
3126,2469,688,125
3127,2470,688,11
3128,2470,723,33
3129,2471,723,53
3130,2472,723,150
3131,2473,689,78
3132,2474,689,98
3133,2475,689,48
3134,2476,689,7
3135,2476,724,52
3136,2477,620,77
3137,2478,620,67
3138,2478,655,18
3139,2479,655,58
3140,2480,655,71
3141,2481,656,206
3142,2481,691,22
3143,2482,691,90
3144,2483,691,63
3145,2484,691,68
3146,2484,726,31
3147,2485,692,40
3148,2486,692,43
3149,2486,727,109
3150,2487,727,69
3151,2488,727,87
3152,2489,658,79
3153,2490,658,68
3154,2490,693,12
3155,2491,693,59
3156,2492,693,92
3157,2493,659,116
3158,2494,659,121
3159,2494,694,18
3160,2495,694,64
3161,2496,694,98
3162,2497,660,24
3163,2497,695,163
3164,2498,695,37
3165,2498,730,54
3166,2499,730,74
3167,2500,730,106
3168,2500,765,27
3169,2501,661,122
3170,2502,661,73
3171,2502,696,58
3172,2503,696,63
3173,2504,696,81
3174,2504,731,28
3175,2505,697,67
3176,2506,697,140
3177,2506,732,3
3178,2507,732,81
3179,2508,732,76
3180,2509,663,142
3181,2510,663,54
3182,2510,698,20
3183,2511,698,21
3184,2512,698,93
3185,2513,629,111
3186,2514,629,49
3187,2514,664,13
3188,2515,664,99
3189,2516,664,38
3190,2517,700,154
3191,2518,700,55
3192,2518,735,41
3193,2519,735,18
3194,2520,735,84
3195,2521,666,5
3196,2521,701,206
3197,2522,701,43
3198,2522,736,74
3199,2523,736,79
3200,2524,736,74
3201,2525,667,94
3202,2525,702,48
3203,2526,702,67
3204,2527,702,128
3205,2528,702,53
3206,2529,633,11
3207,2529,668,72
3208,2530,668,54
3209,2531,668,58
3210,2532,668,44
3211,2532,703,119
3212,2533,704,46
3213,2533,739,62
3214,2534,739,106
3215,2535,739,70
3216,2536,739,28
3217,2536,774,116
3218,2537,740,106
3219,2538,740,72
3220,2538,775,31
3221,2539,775,55
3222,2540,775,139
3223,2541,706,107
3224,2542,706,28
3225,2542,741,43
3226,2543,741,75
3227,2544,741,106
3228,2545,672,61
3229,2546,672,101
3230,2547,672,13
3231,2547,707,60
3232,2548,707,188
3233,2549,673,34
3234,2549,708,79
3235,2550,708,74
3236,2551,708,57
3237,2552,708,56
3238,2552,743,46
3239,2553,744,110
3240,2554,744,58
3241,2555,744,33
3242,2555,779,9
3243,2556,779,182
3244,2557,640,103
3245,2557,675,52
3246,2558,675,126
3247,2559,675,16
3248,2559,710,104
3249,2560,710,94
3250,2560,745,57
3251,2561,676,9
3252,2561,711,58
3253,2562,711,113
3254,2563,711,53
3255,2563,746,80
3256,2564,746,58
3257,2565,677,176
3258,2565,712,15
3259,2566,712,149
3260,2567,712,114
3261,2567,747,15
3262,2568,747,87
3263,2569,678,45
3264,2569,713,92
3265,2570,713,36
3266,2571,713,54
3267,2572,713,73
3268,2573,714,38
3269,2574,714,140
3270,2575,714,63
3271,2576,714,98
3272,2576,749,52
3273,2577,680,88
3274,2577,715,65
3275,2578,715,119
3276,2579,715,73
3277,2580,715,61
3278,2581,716,156
3279,2582,716,39
3280,2583,716,31
3281,2584,716,28
3282,2584,751,121
3283,2585,717,148
3284,2586,717,96
3285,2586,752,55
3286,2587,752,53
3287,2588,752,60
3288,2589,718,124
3289,2590,718,77
3290,2591,718,65
3291,2592,718,48
3292,2592,753,96
3293,2593,684,120
3294,2594,684,67
3295,2594,719,44
3296,2595,719,56
3297,2596,719,143
3298,2597,720,113
3299,2598,720,43
3300,2599,720,84
3301,2600,720,21
3302,2600,755,145
3303,2601,651,18
3304,2601,686,67
3305,2602,686,59
3306,2603,686,72
3307,2603,721,57
3308,2604,721,80
3309,2605,722,131
3310,2606,722,36
3311,2607,722,25
3312,2608,722,32
3313,2608,757,89
3314,2609,723,57
3315,2609,758,25
3316,2610,758,57
3317,2611,758,61
3318,2612,758,47
3319,2613,724,97
3320,2614,724,79
3321,2615,724,28
3322,2616,724,76
3323,2617,655,88
3324,2617,690,104
3325,2618,690,64
3326,2619,690,52
3327,2619,725,14
3328,2620,725,104
3329,2621,726,145
3330,2622,726,103
3331,2623,726,48
3332,2624,726,15
3333,2624,761,124
3334,2625,727,18
3335,2625,762,69
3336,2626,762,43
3337,2627,762,92
3338,2628,762,33
3339,2628,797,28
3340,2629,693,45
3341,2629,728,68
3342,2630,728,180
3343,2631,728,18
3344,2631,763,62
3345,2632,763,162
3346,2633,694,35
3347,2633,729,163
3348,2634,729,85
3349,2635,729,57
3350,2636,729,9
3351,2636,764,134
3352,2637,765,108
3353,2638,765,42
3354,2639,765,62
3355,2640,765,34
3356,2640,800,72
3357,2641,731,140
3358,2642,731,83
3359,2643,731,40
3360,2644,731,19
3361,2644,766,112
3362,2645,732,62
3363,2646,732,63
3364,2647,732,68
3365,2647,767,24
3366,2648,767,52
3367,2649,698,103
3368,2649,733,24
3369,2650,733,79
3370,2651,733,46
3371,2652,733,53
3372,2653,664,167
3373,2653,699,9
3374,2654,699,51
3375,2655,699,102
3376,2656,699,102
3377,2656,734,29
3378,2657,735,113
3379,2657,770,42
3380,2658,770,67
3381,2659,770,78
3382,2660,770,28
3383,2660,805,61
3384,2661,736,96
3385,2662,736,15
3386,2662,771,35
3387,2663,771,68
3388,2664,771,58
3389,2665,702,8
3390,2665,737,101
3391,2666,737,56
3392,2667,737,41
3393,2668,737,68
3394,2669,703,149
3395,2670,703,111
3396,2671,703,46
3397,2671,738,54
3398,2672,738,69
3399,2673,774,174
3400,2674,774,23
3401,2674,809,74
3402,2675,809,101
3403,2676,809,70
3404,2677,775,2
3405,2677,810,41
3406,2678,810,97
3407,2679,810,95
3408,2680,810,28
3409,2680,845,41
3410,2681,741,25
3411,2681,776,99
3412,2682,776,48
3413,2683,776,67
3414,2684,776,87
3415,2685,707,56
3416,2685,742,186
3417,2686,742,68
3418,2686,777,1
3419,2687,777,81
3420,2688,777,60
3421,2689,743,152
3422,2690,743,59
3423,2691,743,94
3424,2692,743,8
3425,2692,778,43
3426,2693,779,63
3427,2693,814,31
3428,2694,814,57
3429,2695,814,59
3430,2696,814,118
3431,2697,745,104
3432,2698,745,120
3433,2699,745,39
3434,2700,745,21
3435,2700,780,56
3436,2701,746,87
3437,2701,781,38
3438,2702,781,109
3439,2703,781,94
3440,2704,781,59
3441,2705,747,117
3442,2706,747,66
3443,2706,782,69
3444,2707,782,90
3445,2708,782,74
3446,2709,713,31
3447,2709,748,42
3448,2710,748,58
3449,2711,748,83
3450,2712,748,58
3451,2713,749,175
3452,2714,749,105
3453,2715,749,3
3454,2715,784,29
3455,2716,784,70
3456,2717,750,150
3457,2718,750,97
3458,2719,750,13
3459,2719,785,33
3460,2720,785,174
3461,2721,751,193
3462,2721,786,7
3463,2722,786,56
3464,2723,786,64
3465,2724,786,71
3466,2724,821,32
3467,2725,752,77
3468,2725,787,32
3469,2726,787,69
3470,2727,787,149
3471,2728,787,93
3472,2729,753,143
3473,2730,753,93
3474,2730,788,22
3475,2731,788,21
3476,2732,788,176
3477,2733,719,60
3478,2733,754,139
3479,2734,754,66
3480,2735,754,2
3481,2735,789,36
3482,2736,789,107
3483,2737,755,78
3484,2738,755,76
3485,2739,755,80
3486,2740,755,29
3487,2740,790,28
3488,2741,721,116
3489,2741,756,6
3490,2742,756,125
3491,2743,756,40
3492,2744,756,74
3493,2745,757,163
3494,2746,757,51
3495,2747,757,48
3496,2748,757,78
3497,2748,792,19
3498,2749,758,136
3499,2749,793,24
3500,2750,793,134
3501,2751,793,62
3502,2752,793,71
3503,2753,724,29
3504,2753,759,79
3505,2754,759,86
3506,2755,759,67
3507,2756,759,79
3508,2756,794,30
3509,2757,725,60
3510,2758,725,133
3511,2759,725,16
3512,2759,760,26
3513,2760,760,117
3514,2761,761,94
3515,2761,796,17
3516,2762,796,106
3517,2763,796,139
3518,2764,796,55
3519,2765,797,159
3520,2766,797,71
3521,2767,797,45
3522,2767,832,66
3523,2768,832,76
3524,2769,763,21
3525,2769,798,123
3526,2770,798,66
3527,2771,798,46
3528,2772,798,67
3529,2772,833,16
3530,2773,764,156
3531,2774,764,14
3532,2774,799,73
3533,2775,799,46
3534,2776,799,164
3535,2776,834,2
3536,2777,800,182
3537,2778,800,48
3538,2779,800,10
3539,2779,835,48
3540,2780,835,78
3541,2781,766,102
3542,2782,766,81
3543,2783,766,11
3544,2783,801,56
3545,2784,801,77
3546,2785,767,86
3547,2786,767,62
3548,2787,767,41
3549,2787,802,6
3550,2788,802,73
3551,2789,733,42
3552,2789,768,66
3553,2790,768,107
3554,2791,768,48
3555,2791,803,20
3556,2792,803,107
3557,2793,734,69
3558,2794,734,72
3559,2795,734,117
3560,2796,734,5
3561,2796,769,70
3562,2797,805,116
3563,2798,805,134
3564,2799,805,51
3565,2800,805,18
3566,2800,840,85
3567,2801,771,105
3568,2802,771,34
3569,2802,806,12
3570,2803,806,43
3571,2804,806,23
3572,2805,737,4
3573,2805,772,22
3574,2806,772,27
3575,2807,772,10
3576,2808,772,88
3577,2809,738,84
3578,2810,738,31
3579,2811,738,58
3580,2812,738,36
3581,2812,773,21
3582,2813,809,44
3583,2814,809,56
3584,2815,809,20
3585,2815,844,25
3586,2816,844,25
3587,2817,845,66
3588,2818,845,34
3589,2819,845,34
3590,2820,845,36
3591,2821,776,49
3592,2822,776,11
3593,2822,811,41
3594,2823,811,40
3595,2824,811,35
3596,2825,777,57
3597,2826,777,67
3598,2827,777,18
3599,2827,812,22
3600,2828,812,83
3601,2829,778,85
3602,2830,778,15
3603,2831,778,28
3604,2832,778,62
3605,2833,814,78
3606,2833,849,15
3607,2834,849,32
3608,2835,849,39
3609,2836,849,67
3610,2837,780,63
3611,2838,780,19
3612,2839,780,14
3613,2840,780,78
3614,2841,781,43
3615,2841,816,24
3616,2842,816,39
3617,2843,816,56
3618,2844,816,53
3619,2845,782,44
3620,2845,817,9
3621,2846,817,52
3622,2847,817,50
3623,2848,817,72
3624,2849,748,1
3625,2849,783,57
3626,2850,783,71
3627,2851,783,39
3628,2852,783,45
3629,2853,784,71
3630,2854,784,23
3631,2855,784,28
3632,2856,784,30
3633,2856,819,6
3634,2857,785,34
3635,2858,785,37
3636,2859,785,29
3637,2860,785,40
3638,2861,821,37
3639,2862,821,49
3640,2863,821,26
3641,2864,821,59
3642,2864,856,7
3643,2865,787,7
3644,2865,822,23
3645,2866,822,43
3646,2867,822,22
3647,2868,822,15
3648,2869,788,52
3649,2870,788,43
3650,2871,788,44
3651,2871,823,20
3652,2872,823,52
3653,2873,789,55
3654,2874,789,36
3655,2875,789,40
3656,2876,789,25
3657,2876,824,12
3658,2877,790,70
3659,2878,790,54
3660,2879,790,28
3661,2880,790,68
3662,2881,756,66
3663,2881,791,16
3664,2882,791,67
3665,2883,791,27
3666,2884,791,59
3667,2885,792,134
3668,2886,792,23
3669,2887,792,48
3670,2888,792,46
3671,2888,827,44
3672,2889,793,4
3673,2889,828,35
3674,2890,828,71
3675,2891,828,65
3676,2892,828,75
3677,2893,794,43
3678,2894,794,43
3679,2895,794,20
3680,2896,794,51
3681,2897,760,56
3682,2898,760,35
3683,2898,795,14
3684,2899,795,38
3685,2900,795,54
3686,2901,796,35
3687,2901,831,21
3688,2902,831,62
3689,2903,831,28
3690,2904,831,32
3691,2905,832,30
3692,2906,832,71
3693,2907,832,47
3694,2908,832,40
3695,2908,867,43
3696,2909,833,41
3697,2910,833,72
3698,2911,833,20
3699,2912,833,103
3700,2913,834,75
3701,2914,834,44
3702,2915,834,35
3703,2916,834,59
3704,2917,835,97
3705,2918,835,48
3706,2919,835,24
3707,2920,835,39
3708,2921,801,47
3709,2921,836,23
3710,2922,836,51
3711,2923,836,37
3712,2924,836,51
3713,2925,802,106
3714,2926,802,35
3715,2927,802,22
3716,2928,802,69
3717,2929,803,53
3718,2930,803,22
3719,2931,803,53
3720,2932,803,21
3721,2932,838,55
3722,2933,769,95
3723,2934,769,81
3724,2935,769,9
3725,2935,804,34
3726,2936,804,56
3727,2937,840,24
3728,2938,840,54
3729,2939,840,24
3730,2940,840,47
3731,2941,806,60
3732,2942,806,50
3733,2943,806,30
3734,2944,806,36
3735,2945,772,63
3736,2946,772,99
3737,2947,772,30
3738,2948,772,47
3739,2948,807,18
3740,2949,773,42
3741,2950,773,53
3742,2951,773,43
3743,2952,773,57
3744,2953,844,60
3745,2954,844,33
3746,2955,844,52
3747,2956,844,61
3748,2957,845,55
3749,2957,880,33
3750,2958,880,53
3751,2959,880,51
3752,2960,880,38
3753,2961,811,14
3754,2962,811,55
3755,2963,811,21
3756,2964,811,53
3757,2965,812,78
3758,2966,812,49
3759,2967,812,13
3760,2968,812,8
3761,2968,847,24
3762,2969,778,59
3763,2970,778,59
3764,2970,813,2
3765,2971,813,36
3766,2972,813,47
3767,2973,849,55
3768,2974,849,37
3769,2975,849,41
3770,2976,849,68
3771,2977,780,61
3772,2977,815,31
3773,2978,815,50
3774,2979,815,51
3775,2980,815,29
3776,2981,816,56
3777,2981,851,14
3778,2982,851,50
3779,2983,851,38
3780,2984,851,86
3781,2985,817,67
3782,2985,852,24
3783,2986,852,57
3784,2987,852,48
3785,2988,852,56
3786,2989,783,60
3787,2990,783,34
3788,2991,783,4
3789,2991,818,114
3790,2992,818,50
3791,2993,819,74
3792,2994,819,81
3793,2995,819,37
3794,2996,819,56
3795,2997,785,30
3796,2997,820,19
3797,2998,820,71
3798,2999,820,24
3799,3000,820,62
3800,3001,856,86
3801,3002,856,25
3802,3003,856,44
3803,3004,856,41
3804,3005,822,100
3805,3006,822,59
3806,3007,822,42
3807,3008,822,19
3808,3009,823,82
3809,3010,823,67
3810,3011,823,38
3811,3012,823,4
3812,3012,858,58
3813,3013,824,45
3814,3014,824,19
3815,3015,824,25
3816,3016,824,37
3817,3017,790,38
3818,3018,790,37
3819,3018,825,46
3820,3019,825,21
3821,3020,825,40
3822,3021,791,97
3823,3022,791,39
3824,3022,826,15
3825,3023,826,62
3826,3024,826,58
3827,3025,827,35
3828,3026,827,40
3829,3027,827,25
3830,3028,827,56
3831,3029,828,34
3832,3029,863,62
3833,3030,863,62
3834,3031,863,68
3835,3032,863,73
3836,3032,898,58
3837,3033,794,39
3838,3034,794,8
3839,3034,829,25
3840,3035,829,45
3841,3036,829,44
3842,3037,795,52
3843,3038,795,32
3844,3039,795,22
3845,3040,795,50
3846,3041,831,75
3847,3042,831,72
3848,3043,831,41
3849,3044,831,41
3850,3044,866,17
3851,3045,867,56
3852,3046,867,85
3853,3047,867,54
3854,3048,867,14
3855,3048,902,51
3856,3049,833,89
3857,3050,833,34
3858,3051,833,29
3859,3052,833,22
3860,3052,868,42
3861,3053,834,85
3862,3053,869,14
3863,3054,869,29
3864,3055,869,26
3865,3056,869,53
3866,3057,835,2
3867,3057,870,62
3868,3058,870,18
3869,3059,870,19
3870,3060,870,54
3871,3061,836,36
3872,3062,836,49
3873,3063,836,38
3874,3063,871,18
3875,3064,871,45
3876,3065,802,38
3877,3065,837,3
3878,3066,837,91
3879,3067,837,38
3880,3068,837,32
3881,3069,838,29
3882,3070,838,42
3883,3071,838,35
3884,3072,838,52
3885,3072,873,18
3886,3073,804,66
3887,3074,804,64
3888,3075,804,3
3889,3075,839,49
3890,3076,839,79
3891,3077,840,69
3892,3077,875,15
3893,3078,875,26
3894,3079,875,36
3895,3080,875,54
3896,3081,806,84
3897,3081,841,31
3898,3082,841,84
3899,3083,841,28
3900,3084,841,51
3901,3085,807,118
3902,3086,807,38
3903,3087,807,30
3904,3088,807,46
3905,3089,773,73
3906,3090,773,20
3907,3091,773,44
3908,3092,773,24
3909,3092,808,65
3910,3093,844,35
3911,3093,879,36
3912,3094,879,39
3913,3095,879,46
3914,3096,879,52
3915,3097,880,57
3916,3098,880,33
3917,3099,880,62
3918,3100,880,5
3919,3100,915,82
3920,3101,811,60
3921,3101,846,83
3922,3102,846,62
3923,3103,846,49
3924,3104,846,83
3925,3104,881,18
3926,3105,847,42
3927,3106,847,80
3928,3107,847,58
3929,3108,847,52
3930,3109,813,55
3931,3110,813,61
3932,3111,813,19
3933,3112,813,101
3934,3112,848,14
3935,3113,849,75
3936,3113,884,14
3937,3114,884,66
3938,3115,884,31
3939,3116,884,78
3940,3117,815,110
3941,3118,815,57
3942,3119,815,4
3943,3119,850,34
3944,3120,850,88
3945,3121,851,108
3946,3121,886,7
3947,3122,886,90
3948,3123,886,40
3949,3124,886,33
3950,3125,852,49
3951,3126,852,94
3952,3127,852,32
3953,3128,852,13
3954,3128,887,36
3955,3129,818,33
3956,3129,853,58
3957,3130,853,63
3958,3131,853,96
3959,3132,888,41
3960,3133,819,80
3961,3133,854,16
3962,3134,854,33
3963,3135,854,42
3964,3136,854,33
3965,3137,820,70
3966,3137,855,14
3967,3138,855,129
3968,3139,855,60
3969,3140,855,30
3970,3140,890,35
3971,3141,856,15
3972,3141,891,65
3973,3142,891,39
3974,3143,891,16
3975,3144,891,35
3976,3145,822,65
3977,3145,857,20
3978,3146,857,61
3979,3147,857,39
3980,3148,857,83
3981,3149,858,59
3982,3150,858,40
3983,3151,858,29
3984,3152,858,19
3985,3152,893,39
3986,3153,824,89
3987,3154,824,17
3988,3154,859,74
3989,3155,859,54
3990,3156,859,30
3991,3157,825,58
3992,3158,825,44
3993,3159,825,72
3994,3160,825,20
3995,3160,860,42
3996,3161,826,66
3997,3162,826,29
3998,3163,826,62
3999,3164,826,7
4000,3164,861,110
4001,3165,827,42
4002,3165,862,101
4003,3166,862,95
4004,3167,862,42
4005,3168,862,17
4006,3168,897,23
4007,3169,898,82
4008,3170,898,62
4009,3171,898,10
4010,3172,898,73
4011,3173,829,89
4012,3174,829,57
4013,3175,829,1
4014,3175,864,59
4015,3176,864,76
4016,3177,795,50
4017,3178,795,30
4018,3178,830,11
4019,3179,830,47
4020,3180,830,37
4021,3181,866,91
4022,3182,866,48
4023,3183,866,54
4024,3184,866,82
4025,3184,901,18
4026,3185,902,101
4027,3186,902,28
4028,3187,902,51
4029,3188,902,27
4030,3189,868,64
4031,3190,868,43
4032,3191,868,53
4033,3192,868,75
4034,3192,903,2
4035,3193,869,72
4036,3194,869,54
4037,3194,904,15
4038,3195,904,42
4039,3196,904,62
4040,3197,870,84
4041,3198,870,112
4042,3199,870,24
4043,3200,870,32
4044,3201,871,79
4045,3202,871,39
4046,3203,871,32
4047,3204,871,26
4048,3205,837,70
4049,3206,837,47
4050,3207,837,22
4051,3207,872,52
4052,3208,872,29
4053,3209,873,83
4054,3210,873,75
4055,3211,873,42
4056,3212,873,28
4057,3212,908,18
4058,3213,839,57
4059,3214,839,71
4060,3215,839,12
4061,3215,874,18
4062,3216,874,118
4063,3217,875,98
4064,3218,875,38
4065,3219,875,23
4066,3220,875,45
4067,3220,910,8
4068,3221,841,92
4069,3222,841,71
4070,3222,876,14
4071,3223,876,58
4072,3224,876,37
4073,3225,807,15
4074,3225,842,78
4075,3226,842,12
4076,3227,842,37
4077,3228,842,47
4078,3229,808,76
4079,3230,808,46
4080,3231,808,55
4081,3232,808,48
4082,3233,879,159
4083,3234,879,69
4084,3234,914,12
4085,3235,914,21
4086,3236,914,48
4087,3237,915,65
4088,3238,915,76
4089,3239,915,40
4090,3240,915,69
4091,3241,881,56
4092,3242,881,105
4093,3243,881,27
4094,3244,881,77
4095,3245,847,23
4096,3245,882,52
4097,3246,882,85
4098,3247,882,48
4099,3248,882,60
4100,3248,917,23
4101,3249,848,65
4102,3250,848,42
4103,3251,848,26
4104,3252,848,112
4105,3253,884,112
4106,3254,884,33
4107,3254,919,42
4108,3255,919,79
4109,3256,919,90
4110,3257,850,51
4111,3258,850,52
4112,3259,850,29
4113,3260,850,18
4114,3260,885,30
4115,3261,886,51
4116,3262,886,22
4117,3263,886,24
4118,3264,886,85
4119,3265,887,100
4120,3266,887,81
4121,3267,887,44
4122,3267,922,11
4123,3268,922,48
4124,3269,888,81
4125,3270,888,45
4126,3271,888,66
4127,3272,888,47
4128,3273,854,78
4129,3274,854,72
4130,3275,854,13
4131,3275,889,21
4132,3276,889,49
4133,3277,890,81
4134,3278,890,38
4135,3279,890,34
4136,3280,890,82
4137,3280,925,32
4138,3281,891,84
4139,3282,891,50
4140,3283,891,26
4141,3283,926,26
4142,3284,926,63
4143,3285,857,33
4144,3285,892,30
4145,3286,892,54
4146,3287,892,28
4147,3288,892,93
4148,3289,893,43
4149,3290,893,57
4150,3291,893,63
4151,3292,893,62
4152,3292,928,10
4153,3293,859,105
4154,3293,894,20
4155,3294,894,64
4156,3295,894,58
4157,3296,894,76
4158,3297,860,77
4159,3298,860,42
4160,3299,860,42
4161,3300,860,72
4162,3301,861,75
4163,3302,861,59
4164,3303,861,29
4165,3304,861,61
4166,3305,897,42
4167,3306,897,51
4168,3307,897,21
4169,3308,897,70
4170,3309,898,3
4171,3309,933,68
4172,3310,933,63
4173,3311,933,51
4174,3312,933,98
4175,3313,864,87
4176,3314,864,44
4177,3315,864,41
4178,3316,864,18
4179,3316,899,38
4180,3317,830,102
4181,3318,830,27
4182,3319,830,68
4183,3320,830,6
4184,3320,865,74
4185,3321,901,49
4186,3322,901,46
4187,3323,901,59
4188,3324,901,97
4189,3324,936,42
4190,3325,902,72
4191,3325,937,13
4192,3326,937,79
4193,3327,937,60
4194,3328,937,105
4195,3328,972,31
4196,3329,903,128
4197,3330,903,92
4198,3331,903,15
4199,3331,938,23
4200,3332,938,30
4201,3333,904,61
4202,3334,904,35
4203,3335,904,53
4204,3336,904,19
4205,3336,939,41
4206,3337,870,21
4207,3337,905,110
4208,3338,905,64
4209,3338,940,11
4210,3339,940,48
4211,3340,940,49
4212,3341,871,76
4213,3342,871,34
4214,3342,906,25
4215,3343,906,130
4216,3344,906,111
4217,3344,941,7
4218,3345,872,127
4219,3346,872,43
4220,3347,872,44
4221,3348,872,5
4222,3348,907,74
4223,3349,908,74
4224,3350,908,38
4225,3351,908,51
4226,3352,908,56
4227,3353,874,84
4228,3354,874,17
4229,3354,909,62
4230,3355,909,21
4231,3356,909,69
4232,3357,910,65
4233,3358,910,20
4234,3359,910,49
4235,3360,910,74
4236,3361,876,70
4237,3362,876,58
4238,3363,876,69
4239,3363,911,22
4240,3364,911,134
4241,3365,842,143
4242,3366,877,57
4243,3367,877,65
4244,3368,877,137
4245,3369,808,5
4246,3369,843,103
4247,3370,843,84
4248,3371,843,82
4249,3372,843,82
4250,3372,878,23
4251,3373,914,62
4252,3374,914,91
4253,3375,914,45
4254,3375,949,1
4255,3376,949,75
4256,3377,915,10
4257,3377,950,75
4258,3378,950,68
4259,3379,950,55
4260,3380,950,90
4261,3380,985,26
4262,3381,881,13
4263,3381,916,87
4264,3382,916,64
4265,3383,916,39
4266,3383,951,40
4267,3384,951,41
4268,3385,917,174
4269,3386,917,68
4270,3386,952,31
4271,3387,952,48
4272,3388,952,79
4273,3389,848,53
4274,3389,883,73
4275,3390,883,65
4276,3391,883,52
4277,3392,883,73
4278,3393,919,29
4279,3393,954,134
4280,3394,954,48
4281,3395,954,93
4282,3395,989,2
4283,3396,989,77
4284,3397,885,65
4285,3398,885,47
4286,3399,885,80
4287,3400,885,72
4288,3401,886,5
4289,3401,921,66
4290,3402,921,91
4291,3403,921,41
4292,3404,921,99
4293,3404,956,45
4294,3405,922,89
4295,3406,922,66
4296,3407,922,44
4297,3407,957,57
4298,3408,957,113
4299,3409,888,42
4300,3409,923,50
4301,3410,923,64
4302,3411,923,51
4303,3412,923,56
4304,3412,958,1
4305,3413,889,94
4306,3414,889,89
4307,3415,889,22
4308,3415,924,50
4309,3416,924,56
4310,3417,925,90
4311,3418,925,47
4312,3419,925,60
4313,3420,925,42
4314,3420,960,18
4315,3421,926,90
4316,3421,961,30
4317,3422,961,62
4318,3423,961,76
4319,3424,961,80
4320,3425,892,54
4321,3425,927,72
4322,3426,927,61
4323,3427,927,80
4324,3428,927,73
4325,3429,928,120
4326,3430,928,38
4327,3431,928,45
4328,3432,928,61
4329,3433,894,46
4330,3433,929,67
4331,3434,929,53
4332,3435,929,65
4333,3435,964,37
4334,3436,964,96
4335,3437,860,96
4336,3437,895,40
4337,3438,895,89
4338,3439,895,69
4339,3440,895,57
4340,3441,861,25
4341,3441,896,82
4342,3442,896,82
4343,3443,896,41
4344,3444,896,132
4345,3444,931,50
4346,3445,897,50
4347,3445,932,34
4348,3446,932,64
4349,3447,932,76
4350,3448,932,72
4351,3448,967,1
4352,3449,933,56
4353,3449,968,14
4354,3450,968,49
4355,3451,968,54
4356,3452,968,61
4357,3453,899,108
4358,3454,899,59
4359,3455,899,33
4360,3456,899,71
4361,3457,865,125
4362,3458,865,22
4363,3458,900,11
4364,3459,900,23
4365,3460,900,48
4366,3461,936,150
4367,3462,936,69
4368,3463,936,47
4369,3464,936,5
4370,3464,971,76
4371,3465,972,114
4372,3466,972,55
4373,3467,972,62
4374,3468,972,36
4375,3468,1007,72
4376,3469,938,79
4377,3470,938,103
4378,3471,938,51
4379,3471,973,41
4380,3472,973,117
4381,3473,939,96
4382,3474,939,88
4383,3475,939,86
4384,3476,939,34
4385,3476,974,73
4386,3477,940,132
4387,3477,975,37
4388,3478,975,41
4389,3479,975,41
4390,3480,975,56
4391,3480,1010,70
4392,3481,941,107
4393,3482,941,58
4394,3483,941,49
4395,3484,941,3
4396,3484,976,102
4397,3485,907,86
4398,3486,907,53
4399,3487,907,40
4400,3487,942,29
4401,3488,942,43
4402,3489,908,8
4403,3489,943,180
4404,3490,943,76
4405,3491,943,24
4406,3491,978,43
4407,3492,978,51
4408,3493,909,100
4409,3494,909,81
4410,3495,909,32
4411,3495,944,15
4412,3496,944,63
4413,3497,910,29
4414,3497,945,176
4415,3498,945,12
4416,3499,945,24
4417,3499,980,54
4418,3500,980,70
4419,3501,911,140
4420,3502,911,21
4421,3502,946,1
4422,3503,946,54
4423,3504,946,97
4424,3505,877,8
4425,3505,912,29
4426,3506,912,65
4427,3507,912,51
4428,3508,912,48
4429,3509,878,61
4430,3510,878,55
4431,3511,878,56
4432,3512,878,100
4433,3512,913,68
4434,3513,949,47
4435,3514,949,75
4436,3515,949,58
4437,3515,984,5
4438,3516,984,134
4439,3517,985,54
4440,3518,985,32
4441,3519,985,87
4442,3520,985,55
4443,3521,951,56
4444,3522,951,52
4445,3523,951,59
4446,3524,951,38
4447,3524,986,8
4448,3525,952,46
4449,3525,987,17
4450,3526,987,62
4451,3527,987,37
4452,3528,987,66
4453,3529,883,20
4454,3529,918,66
4455,3530,918,45
4456,3531,918,24
4457,3532,918,63
4458,3533,989,64
4459,3534,989,69
4460,3535,989,27
4461,3536,989,44
4462,3537,885,23
4463,3537,920,111
4464,3538,920,73
4465,3539,920,40
4466,3540,920,21
4467,3540,955,54
4468,3541,956,70
4469,3542,956,44
4470,3543,956,41
4471,3544,956,58
4472,3545,957,56
4473,3545,992,41
4474,3546,992,77
4475,3547,992,38
4476,3548,992,75
4477,3548,1027,5
4478,3549,958,62
4479,3550,958,54
4480,3551,958,85
4481,3552,958,19
4482,3553,924,58
4483,3554,924,58
4484,3555,924,42
4485,3556,924,4
4486,3556,959,108
4487,3557,960,60
4488,3558,960,42
4489,3559,960,87
4490,3560,960,45
4491,3561,961,21
4492,3561,996,63
4493,3562,996,124
4494,3563,996,28
4495,3564,996,47
4496,3565,927,44
4497,3565,962,44
4498,3566,962,85
4499,3567,962,46
4500,3568,962,48
4501,3569,928,48
4502,3569,963,25
4503,3570,963,54
4504,3571,963,29
4505,3572,963,40
4506,3573,964,66
4507,3574,964,17
4508,3575,964,28
4509,3576,964,35
4510,3576,999,41
4511,3577,895,57
4512,3577,930,54
4513,3578,930,34
4514,3579,930,53
4515,3580,930,97
4516,3581,931,96
4517,3582,931,59
4518,3583,931,22
4519,3584,931,119
4520,3585,967,130
4521,3586,967,49
4522,3587,967,50
4523,3588,967,52
4524,3589,968,76
4525,3590,968,50
4526,3591,968,11
4527,3591,1003,44
4528,3592,1003,52
4529,3593,899,21
4530,3593,934,33
4531,3594,934,32
4532,3595,934,34
4533,3596,934,50
4534,3597,900,136
4535,3598,900,35
4536,3598,935,54
4537,3599,935,33
4538,3600,935,74
4539,3601,971,86
4540,3602,971,44
4541,3603,971,49
4542,3604,971,46
4543,3605,1007,133
4544,3606,1007,31
4545,3607,1007,93
4546,3607,1042,8
4547,3608,1042,38
4548,3609,973,93
4549,3610,973,47
4550,3611,973,34
4551,3612,973,12
4552,3612,1008,48
4553,3613,974,112
4554,3614,974,48
4555,3614,1009,6
4556,3615,1009,35
4557,3616,1009,56
4558,3617,1010,138
4559,3618,1010,41
4560,3619,1010,37
4561,3620,1010,48
4562,3621,976,76
4563,3622,976,28
4564,3622,1011,49
4565,3623,1011,63
4566,3624,1011,100
4567,3625,942,91
4568,3626,942,63
4569,3626,977,31
4570,3627,977,56
4571,3628,977,60
4572,3629,978,94
4573,3630,978,56
4574,3631,978,40
4575,3632,978,8
4576,3632,1013,35
4577,3633,944,64
4578,3634,944,47
4579,3635,944,33
4580,3636,944,84
4581,3637,980,33
4582,3638,980,41
4583,3639,980,50
4584,3640,980,61
4585,3640,1015,1
4586,3641,946,73
4587,3641,981,27
4588,3642,981,62
4589,3643,981,45
4590,3644,981,68
4591,3644,1016,6
4592,3645,912,43
4593,3646,912,41
4594,3646,947,2
4595,3647,947,51
4596,3648,947,43
4597,3649,913,63
4598,3650,913,57
4599,3651,913,30
4600,3651,948,16
4601,3652,948,47
4602,3653,984,83
4603,3653,1019,43
4604,3654,1019,56
4605,3655,1019,55
4606,3656,1019,72
4607,3657,985,74
4608,3657,1020,27
4609,3658,1020,52
4610,3659,1020,42
4611,3660,1020,45
4612,3661,986,102
4613,3662,986,85
4614,3663,986,4
4615,3663,1021,24
4616,3664,1021,41
4617,3665,987,57
4618,3665,1022,25
4619,3666,1022,25
4620,3667,1022,59
4621,3668,1022,83
4622,3669,918,53
4623,3669,953,114
4624,3670,953,45
4625,3671,953,43
4626,3672,953,32
4627,3672,988,43
4628,3673,989,103
4629,3674,989,36
4630,3674,1024,8
4631,3675,1024,30
4632,3676,1024,128
4633,3677,955,78
4634,3678,955,61
4635,3679,955,16
4636,3679,990,73
4637,3680,990,51
4638,3681,956,64
4639,3681,991,6
4640,3682,991,69
4641,3683,991,56
4642,3684,991,72
4643,3684,1026,3
4644,3685,1027,89
4645,3686,1027,66
4646,3687,1027,26
4647,3688,1027,96
4648,3689,958,74
4649,3690,958,39
4650,3691,958,24
4651,3692,958,2
4652,3692,993,84
4653,3693,959,50
4654,3694,959,77
4655,3695,959,17
4656,3696,959,38
4657,3697,995,89
4658,3698,995,38
4659,3699,995,49
4660,3700,995,79
4661,3701,996,41
4662,3702,996,21
4663,3703,996,53
4664,3703,1031,14
4665,3704,1031,30
4666,3705,962,48
4667,3706,962,35
4668,3706,997,22
4669,3707,997,46
4670,3708,997,93
4671,3709,963,65
4672,3710,963,27
4673,3711,963,3
4674,3711,998,50
4675,3712,998,34
4676,3713,999,72
4677,3714,999,30
4678,3715,999,24
4679,3716,999,27
4680,3716,1034,19
4681,3717,930,65
4682,3717,965,15
4683,3718,965,71
4684,3719,965,52
4685,3720,965,98
4686,3721,931,18
4687,3721,966,50
4688,3722,966,63
4689,3723,966,32
4690,3724,966,21
4691,3725,967,2
4692,3725,1002,78
4693,3726,1002,36
4694,3727,1002,57
4695,3728,1002,16
4696,3729,1003,90
4697,3730,1003,37
4698,3730,1038,26
4699,3731,1038,48
4700,3732,1038,33
4701,3733,934,54
4702,3734,934,78
4703,3735,934,32
4704,3735,969,14
4705,3736,969,49
4706,3737,935,80
4707,3738,935,32
4708,3738,970,29
4709,3739,970,29
4710,3740,970,82
4711,3741,971,2
4712,3741,1006,131
4713,3742,1006,60
4714,3743,1006,9
4715,3743,1041,70
4716,3744,1041,54
4717,3745,1042,84
4718,3746,1042,37
4719,3747,1042,28
4720,3748,1042,85
4721,3749,1008,35
4722,3750,1008,46
4723,3751,1008,59
4724,3752,1008,38
4725,3753,1009,92
4726,3754,1009,47
4727,3755,1009,41
4728,3755,1044,16
4729,3756,1044,50
4730,3757,1010,62
4731,3758,1010,31
4732,3758,1045,17
4733,3759,1045,44
4734,3760,1045,28
4735,3761,1011,56
4736,3762,1011,50
4737,3763,1011,37
4738,3764,1011,32
4739,3764,1046,48
4740,3765,977,59
4741,3766,977,33
4742,3767,977,28
4743,3768,977,31
4744,3768,1012,14
4745,3769,1013,100
4746,3770,1013,42
4747,3771,1013,38
4748,3772,1013,62
4749,3773,944,60
4750,3773,979,59
4751,3774,979,35
4752,3775,979,84
4753,3776,979,51
4754,3777,1015,69
4755,3778,1015,19
4756,3779,1015,73
4757,3780,1015,64
4758,3781,1016,61
4759,3782,1016,21
4760,3783,1016,34
4761,3784,1016,69
4762,3785,947,25
4763,3786,947,30
4764,3787,947,18
4765,3788,947,44
4766,3789,948,41
4767,3790,948,33
4768,3791,948,22
4769,3792,948,64
4770,3793,1019,21
4771,3794,1019,9
4772,3795,1019,25
4773,3796,1019,15
4774,3796,1054,9
4775,3797,1020,14
4776,3797,1055,33
4777,3798,1055,26
4778,3799,1055,37
4779,3800,1055,31
4780,3801,1021,32
4781,3802,1021,36
4782,3803,1021,18
4783,3804,1021,55
4784,3805,1022,18
4785,3805,1057,37
4786,3806,1057,38
4787,3807,1057,24
4788,3808,1057,23
4789,3809,988,28
4790,3810,988,29
4791,3811,988,29
4792,3812,988,35
4793,3813,1024,88
4794,3814,1024,26
4795,3814,1059,1
4796,3815,1059,13
4797,3816,1059,19
4798,3817,990,45
4799,3818,990,20
4800,3819,990,31
4801,3820,990,33
4802,3821,1026,44
4803,3822,1026,52
4804,3823,1026,35
4805,3824,1026,52
4806,3825,1027,5
4807,3825,1062,67
4808,3826,1062,21
4809,3827,1062,15
4810,3827,1097,21
4811,3828,1097,25
4812,3829,993,73
4813,3830,993,42
4814,3831,993,13
4815,3832,993,29
4816,3832,1028,1
4817,3833,959,24
4818,3833,994,2
4819,3834,994,52
4820,3835,994,35
4821,3836,994,40
4822,3837,995,23
4823,3838,995,12
4824,3839,995,21
4825,3840,995,35
4826,3840,1030,16
4827,3841,1031,35
4828,3842,1031,35
4829,3843,1031,12
4830,3844,1031,12
4831,3845,997,35
4832,3846,997,20
4833,3847,997,18
4834,3848,997,27
4835,3849,998,61
4836,3850,998,36
4837,3851,998,43
4838,3852,998,54
4839,3853,1034,42
4840,3854,1034,21
4841,3855,1034,34
4842,3856,1034,48
4843,3857,965,9
4844,3857,1000,34
4845,3858,1000,34
4846,3859,1000,31
4847,3860,1000,31
4848,3861,966,34
4849,3862,966,17
4850,3863,966,23
4851,3864,966,6
4852,3864,1001,13
4853,3865,1002,28
4854,3866,1002,11
4855,3866,1037,23
4856,3867,1037,32
4857,3868,1037,38
4858,3869,1038,58
4859,3870,1038,17
4860,3871,1038,37
4861,3872,1038,12
4862,3872,1073,50
4863,3873,969,34
4864,3874,969,22
4865,3875,969,34
4866,3876,969,51
4867,3877,970,43
4868,3878,970,28
4869,3878,1005,14
4870,3879,1005,24
4871,3880,1005,46
4872,3881,1041,42
4873,3882,1041,37
4874,3883,1041,7
4875,3884,1041,37
4876,3885,1042,32
4877,3886,1042,19
4878,3886,1077,1
4879,3887,1077,21
4880,3888,1077,34
4881,3889,1008,57
4882,3890,1008,18
4883,3891,1008,17
4884,3892,1008,3
4885,3892,1043,20
4886,3893,1044,20
4887,3894,1044,21
4888,3895,1044,19
4889,3896,1044,32
4890,3897,1045,38
4891,3898,1045,26
4892,3899,1045,12
4893,3900,1045,36
4894,3901,1046,49
4895,3902,1046,24
4896,3903,1046,15
4897,3904,1046,28
4898,3905,1012,35
4899,3906,1012,31
4900,3907,1012,10
4901,3908,1012,19
4902,3909,1013,36
4903,3910,1013,6
4904,3910,1048,43
4905,3911,1048,12
4906,3912,1048,37
4907,3913,979,35
4908,3914,979,23
4909,3915,979,13
4910,3916,979,1
4911,3916,1014,28
4912,3917,1050,40
4913,3918,1050,28
4914,3919,1050,45
4915,3920,1050,43
4916,3921,1016,37
4917,3922,1016,20
4918,3923,1016,17
4919,3924,1016,44
4920,3925,947,47
4921,3926,947,21
4922,3927,947,15
4923,3928,947,62
4924,3929,948,42
4925,3929,983,19
4926,3930,983,20
4927,3931,983,14
4928,3932,983,41
4929,3933,1054,28
4930,3934,1054,10
4931,3935,1054,14
4932,3936,1054,45
4933,3937,1055,35
4934,3937,1090,1
4935,3938,1090,38
4936,3939,1090,14
4937,3940,1090,19
4938,3941,1021,25
4939,3942,1021,52
4940,3943,1021,20
4941,3944,1021,29
4942,3945,1057,30
4943,3945,1092,11
4944,3946,1092,58
4945,3947,1092,20
4946,3948,1092,31
4947,3949,988,23
4948,3950,988,53
4949,3951,988,14
4950,3952,988,41
4951,3953,1059,33
4952,3954,1059,35
4953,3955,1059,25
4954,3956,1059,16
4955,3956,1094,11
4956,3957,990,31
4957,3958,990,28
4958,3959,990,12
4959,3959,1025,32
4960,3960,1025,30
4961,3961,1026,43
4962,3962,1026,22
4963,3963,1026,10
4964,3963,1061,12
4965,3964,1061,32
4966,3965,1097,57
4967,3966,1097,20
4968,3967,1097,19
4969,3968,1097,34
4970,3969,1028,44
4971,3970,1028,34
4972,3971,1028,37
4973,3972,1028,37
4974,3973,994,54
4975,3974,994,27
4976,3975,994,18
4977,3976,994,28
4978,3977,1030,16
4979,3978,1030,29
4980,3979,1030,33
4981,3980,1030,23
4982,3981,1031,63
4983,3982,1031,57
4984,3983,1031,34
4985,3984,1031,27
4986,3985,997,13
4987,3985,1032,44
4988,3986,1032,38
4989,3987,1032,31
4990,3988,1032,41
4991,3989,998,26
4992,3989,1033,35
4993,3990,1033,26
4994,3991,1033,17
4995,3992,1033,45
4996,3993,1034,26
4997,3994,1034,19
4998,3995,1034,30
4999,3996,1034,29
5000,3996,1069,5
5001,3997,1000,41
5002,3998,1000,18
5003,3999,1000,10
5004,4000,1000,44
5005,4001,1001,69
5006,4002,1001,49
5007,4003,1001,36
5008,4004,1001,11
5009,4005,1037,38
5010,4006,1037,11
5011,4007,1037,21
5012,4008,1037,23
5013,4009,1073,31
5014,4010,1073,6
5015,4010,1108,1
5016,4011,1108,17
5017,4012,1108,41
5018,4013,969,71
5019,4014,969,22
5020,4015,969,14
5021,4016,969,36
5022,4017,1005,86
5023,4018,1005,55
5024,4019,1005,15
5025,4020,1005,24
5026,4020,1040,8
5027,4021,1041,49
5028,4022,1041,19
5029,4023,1041,21
5030,4023,1076,1
5031,4024,1076,36
5032,4025,1077,42
5033,4026,1077,18
5034,4027,1077,15
5035,4028,1077,18
5036,4028,1112,27
5037,4029,1043,35
5038,4030,1043,21
5039,4031,1043,19
5040,4032,1043,36
5041,4033,1044,27
5042,4034,1044,29
5043,4035,1044,28
5044,4035,1079,4
5045,4036,1079,39
5046,4037,1045,28
5047,4038,1045,26
5048,4039,1045,4
5049,4039,1080,40
5050,4040,1080,20
5051,4041,1046,32
5052,4042,1046,48
5053,4043,1046,18
5054,4043,1081,2
5055,4044,1081,60
5056,4045,1012,37
5057,4046,1012,19
5058,4047,1012,32
5059,4048,1012,35
5060,4049,1048,47
5061,4050,1048,20
5062,4051,1048,31
5063,4052,1048,14
5064,4053,1014,51
5065,4054,1014,53
5066,4055,1014,18
5067,4056,1014,33
5068,4057,1050,47
5069,4058,1050,16
5070,4058,1085,1
5071,4059,1085,20
5072,4060,1085,65
5073,4061,1051,19
5074,4062,1051,51
5075,4063,1051,40
5076,4064,1051,9
5077,4064,1086,22
5078,4065,947,8
5079,4065,982,44
5080,4066,982,35
5081,4067,982,13
5082,4068,982,16
5083,4069,983,57
5084,4070,983,42
5085,4071,983,31
5086,4072,983,37
5087,4073,1054,12
5088,4073,1089,28
5089,4074,1089,32
5090,4075,1089,23
5091,4076,1089,48
5092,4077,1090,57
5093,4077,1125,5
5094,4078,1125,23
5095,4079,1125,29
5096,4080,1125,23
5097,4081,1021,12
5098,4081,1056,50
5099,4082,1056,29
5100,4083,1056,35
5101,4084,1056,33
5102,4084,1091,30
5103,4085,1092,17
5104,4085,1127,77
5105,4086,1127,27
5106,4087,1127,21
5107,4088,1127,22
5108,4088,1162,4
5109,4089,988,12
5110,4089,1023,41
5111,4090,1023,36
5112,4091,1023,17
5113,4092,1023,49
5114,4093,1094,49
5115,4094,1094,54
5116,4095,1094,20
5117,4096,1094,58
5118,4096,1129,2
5119,4097,1025,35
5120,4098,1025,35
5121,4099,1025,30
5122,4100,1025,72
5123,4101,1061,47
5124,4102,1061,36
5125,4103,1061,10
5126,4103,1096,19
5127,4104,1096,65
5128,4105,1097,17
5129,4105,1132,31
5130,4106,1132,28
5131,4107,1132,22
5132,4108,1132,28
5133,4109,1028,27
5134,4110,1028,4
5135,4110,1063,21
5136,4111,1063,12
5137,4112,1063,28
5138,4113,994,44
5139,4114,994,51
5140,4115,994,30
5141,4116,994,7
5142,4116,1029,25
5143,4117,1030,63
5144,4118,1030,26
5145,4119,1030,23
5146,4120,1030,28
5147,4121,1031,63
5148,4122,1031,10
5149,4122,1066,18
5150,4123,1066,39
5151,4124,1066,57
5152,4125,1032,53
5153,4126,1032,26
5154,4127,1032,22
5155,4128,1032,31
5156,4129,1033,52
5157,4130,1033,69
5158,4130,1068,2
5159,4131,1068,22
5160,4132,1068,41
5161,4133,1069,52
5162,4134,1069,10
5163,4135,1069,26
5164,4136,1069,23
5165,4136,1104,5
5166,4137,1000,18
5167,4138,1000,17
5168,4139,1000,38
5169,4140,1035,26
5170,4141,1001,16
5171,4141,1036,61
5172,4142,1036,39
5173,4143,1036,33
5174,4144,1036,68
5175,4145,1037,47
5176,4146,1037,46
5177,4147,1037,26
5178,4147,1072,8
5179,4148,1072,33
5180,4149,1108,52
5181,4150,1108,41
5182,4151,1108,21
5183,4152,1108,4
5184,4152,1143,26
5185,4153,969,11
5186,4153,1004,7
5187,4154,1004,31
5188,4155,1004,27
5189,4156,1004,42
5190,4157,1040,39
5191,4158,1040,70
5192,4159,1040,10
5193,4160,1040,56
5194,4161,1076,53
5195,4162,1076,24
5196,4163,1076,12
5197,4164,1076,44
5198,4164,1111,4
5199,4165,1112,38
5200,4166,1112,44
5201,4166,1147,10
5202,4167,1147,33
5203,4168,1147,24
5204,4169,1043,50
5205,4170,1043,29
5206,4171,1043,20
5207,4172,1043,29
5208,4172,1078,8
5209,4173,1079,49
5210,4174,1079,65
5211,4175,1079,18
5212,4176,1079,3
5213,4176,1114,32
5214,4177,1080,53
5215,4178,1080,42
5216,4179,1080,19
5217,4180,1080,23
5218,4180,1115,40
5219,4181,1081,65
5220,4182,1081,2
5221,4182,1116,41
5222,4183,1116,39
5223,4184,1116,37
5224,4185,1012,66
5225,4186,1012,59
5226,4187,1012,5
5227,4187,1047,24
5228,4188,1047,29
5229,4189,1048,66
5230,4190,1048,41
5231,4191,1048,7
5232,4191,1083,15
5233,4192,1083,74
5234,4193,1014,25
5235,4194,1014,55
5236,4195,1014,3
5237,4195,1049,14
5238,4196,1049,77
5239,4197,1085,69
5240,4198,1085,5
5241,4198,1120,35
5242,4199,1120,29
5243,4200,1120,31
5244,4201,1086,64
5245,4202,1086,32
5246,4203,1086,24
5247,4203,1121,15
5248,4204,1121,37
5249,4205,982,35
5250,4206,982,42
5251,4207,982,50
5252,4207,1017,3
5253,4208,1017,22
5254,4209,983,34
5255,4209,1018,4
5256,4210,1018,30
5257,4211,1018,50
5258,4212,1018,35
5259,4213,1089,27
5260,4213,1124,29
5261,4214,1124,40
5262,4215,1124,28
5263,4216,1124,62
5264,4217,1125,38
5265,4218,1125,10
5266,4218,1160,32
5267,4219,1160,37
5268,4220,1160,50
5269,4221,1091,62
5270,4222,1091,27
5271,4223,1091,6
5272,4223,1126,14
5273,4224,1126,27
5274,4225,1162,49
5275,4226,1162,38
5276,4227,1162,4
5277,4227,1197,33
5278,4228,1197,51
5279,4229,1023,84
5280,4230,1023,33
5281,4230,1058,16
5282,4231,1058,15
5283,4232,1058,34
5284,4233,1129,42
5285,4234,1129,37
5286,4235,1129,29
5287,4236,1129,28
5288,4237,1025,28
5289,4237,1060,60
5290,4238,1060,30
5291,4239,1060,75
5292,4240,1060,20
5293,4240,1095,34
5294,4241,1096,49
5295,4241,1131,4
5296,4242,1131,36
5297,4243,1131,27
5298,4244,1131,45
5299,4245,1132,19
5300,4245,1167,35
5301,4246,1167,39
5302,4247,1167,34
5303,4248,1167,33
5304,4248,1202,14
5305,4249,1063,58
5306,4250,1063,1
5307,4250,1098,31
5308,4251,1098,24
5309,4252,1098,30
5310,4253,1029,84
5311,4254,1029,43
5312,4255,1029,35
5313,4256,1029,17
5314,4257,1030,4
5315,4257,1065,47
5316,4258,1065,36
5317,4259,1065,46
5318,4260,1065,26
5319,4261,1066,27
5320,4261,1101,48
5321,4262,1101,26
5322,4263,1101,15
5323,4263,1136,27
5324,4264,1136,41
5325,4265,1032,44
5326,4265,1067,2
5327,4266,1067,57
5328,4267,1067,36
5329,4268,1067,41
5330,4269,1068,22
5331,4270,1068,28
5332,4271,1068,20
5333,4271,1103,13
5334,4272,1103,52
5335,4273,1104,45
5336,4274,1104,33
5337,4275,1104,30
5338,4275,1139,14
5339,4276,1139,70
5340,4277,1035,56
5341,4278,1035,37
5342,4279,1035,40
5343,4280,1035,31
5344,4281,1036,3
5345,4281,1071,52
5346,4282,1071,35
5347,4283,1071,25
5348,4283,1106,26
5349,4284,1106,45
5350,4285,1072,49
5351,4286,1072,21
5352,4287,1107,17
5353,4288,1107,29
5354,4289,1143,56
5355,4290,1143,27
5356,4291,1143,29
5357,4292,1143,3
5358,4292,1178,28
5359,4293,1004,14
5360,4294,1004,47
5361,4295,1004,41
5362,4296,1004,8
5363,4296,1039,55
5364,4297,1040,69
5365,4298,1040,14
5366,4298,1075,48
5367,4299,1075,16
5368,4300,1075,47
5369,4300,1110,6
5370,4301,1111,53
5371,4302,1111,20
5372,4303,1111,25
5373,4304,1111,33
5374,4304,1146,14
5375,4305,1147,44
5376,4306,1147,24
5377,4307,1147,28
5378,4308,1147,3
5379,4308,1182,41
5380,4309,1078,30
5381,4310,1078,83
5382,4311,1078,14
5383,4311,1113,15
5384,4312,1113,50
5385,4313,1114,21
5386,4314,1114,63
5387,4315,1114,2
5388,4315,1149,32
5389,4316,1149,50
5390,4317,1115,57
5391,4318,1115,48
5392,4319,1115,2
5393,4319,1150,38
5394,4320,1150,45
5395,4321,1116,18
5396,4321,1151,22
5397,4322,1151,33
5398,4323,1151,29
5399,4324,1151,34
5400,4325,1047,59
5401,4326,1047,49
5402,4327,1047,14
5403,4328,1047,55
5404,4329,1083,47
5405,4329,1118,32
5406,4330,1118,28
5407,4331,1118,7
5408,4332,1118,44
5409,4333,1049,26
5410,4334,1049,68
5411,4335,1049,36
5412,4336,1049,2
5413,4336,1084,24
5414,4337,1120,31
5415,4337,1155,12
5416,4338,1155,25
5417,4339,1155,23
5418,4340,1155,42
5419,4341,1121,66
5420,4342,1121,2
5421,4342,1156,53
5422,4343,1156,25
5423,4344,1156,63
5424,4345,1017,86
5425,4346,1017,73
5426,4347,1017,39
5427,4348,1017,89
5428,4348,1052,2
5429,4349,1018,56
5430,4350,1018,55
5431,4351,1018,14
5432,4351,1053,31
5433,4352,1053,71
5434,4353,1124,53
5435,4354,1124,20
5436,4355,1124,8
5437,4355,1159,9
5438,4356,1159,32
5439,4357,1195,53
5440,4358,1195,40
5441,4359,1195,34
5442,4360,1195,23
5443,4360,1230,23
5444,4361,1126,80
5445,4362,1126,3
5446,4362,1161,49
5447,4363,1161,34
5448,4364,1161,31
5449,4365,1197,49
5450,4366,1197,4
5451,4366,1232,66
5452,4367,1232,41
5453,4368,1232,28
5454,4369,1058,58
5455,4370,1058,31
5456,4370,1093,3
5457,4371,1093,39
5458,4372,1093,75
5459,4373,1129,9
5460,4373,1164,31
5461,4374,1164,31
5462,4375,1164,44
5463,4376,1164,33
5464,4376,1199,34
5465,4377,1095,63
5466,4378,1095,34
5467,4379,1095,61
5468,4379,1130,14
5469,4380,1130,76
5470,4381,1131,27
5471,4381,1166,59
5472,4382,1166,31
5473,4383,1166,46
5474,4384,1166,48
5475,4385,1202,88
5476,4386,1202,22
5477,4386,1237,28
5478,4387,1237,39
5479,4388,1237,72
5480,4389,1098,34
5481,4389,1133,29
5482,4390,1133,61
5483,4391,1133,23
5484,4392,1133,14
5485,4392,1168,12
5486,4393,1029,75
5487,4393,1064,70
5488,4394,1064,37
5489,4395,1064,50
5490,4395,1099,3
5491,4396,1099,58
5492,4397,1065,31
5493,4397,1100,24
5494,4398,1100,36
5495,4399,1100,21
5496,4400,1100,55
5497,4401,1136,74
5498,4402,1136,4
5499,4402,1171,52
5500,4403,1171,49
5501,4404,1171,3
5502,4404,1206,84
5503,4405,1067,14
5504,4405,1102,79
5505,4406,1102,43
5506,4407,1102,22
5507,4407,1137,9
5508,4408,1137,24
5509,4409,1103,27
5510,4410,1103,20
5511,4411,1103,51
5512,4412,1138,35
5513,4413,1139,56
5514,4413,1174,28
5515,4414,1174,72
5516,4415,1174,25
5517,4415,1209,1
5518,4416,1209,36
5519,4417,1035,58
5520,4417,1070,19
5521,4418,1070,21
5522,4419,1070,27
5523,4420,1070,54
5524,4420,1105,24
5525,4421,1106,37
5526,4421,1141,30
5527,4422,1141,39
5528,4423,1141,44
5529,4424,1141,7
5530,4424,1176,41
5531,4425,1107,74
5532,4426,1107,41
5533,4426,1142,13
5534,4427,1142,33
5535,4428,1142,61
5536,4429,1178,83
5537,4430,1178,57
5538,4431,1178,31
5539,4432,1178,4
5540,4432,1213,34
5541,4433,1039,85
5542,4434,1039,19
5543,4435,1039,35
5544,4436,1039,12
5545,4436,1074,68
5546,4437,1110,69
5547,4438,1110,28
5548,4439,1110,9
5549,4440,1110,19
5550,4440,1145,26
5551,4441,1146,47
5552,4442,1146,36
5553,4443,1146,27
5554,4444,1146,36
5555,4445,1182,79
5556,4446,1182,13
5557,4447,1182,3
5558,4447,1217,50
5559,4448,1217,57
5560,4449,1113,60
5561,4450,1113,43
5562,4450,1148,41
5563,4451,1148,32
5564,4452,1148,51
5565,4453,1149,72
5566,4454,1149,6
5567,4454,1184,49
5568,4455,1184,38
5569,4456,1184,86
5570,4457,1150,35
5571,4457,1185,48
5572,4458,1185,16
5573,4459,1185,36
5574,4460,1185,23
5575,4460,1220,3
5576,4461,1151,25
5577,4461,1186,64
5578,4462,1186,24
5579,4463,1186,33
5580,4464,1186,22
5581,4464,1221,71
5582,4465,1047,76
5583,4466,1047,26
5584,4466,1082,18
5585,4467,1082,45
5586,4468,1082,23
5587,4469,1118,53
5588,4470,1118,16
5589,4470,1153,15
5590,4471,1153,66
5591,4472,1153,39
5592,4473,1084,38
5593,4474,1084,38
5594,4475,1084,17
5595,4476,1084,66
5596,4477,1155,39
5597,4477,1190,9
5598,4478,1190,52
5599,4479,1190,28
5600,4480,1190,27
5601,4480,1225,29
5602,4481,1156,16
5603,4481,1191,62
5604,4482,1191,58
5605,4483,1191,11
5606,4483,1226,27
5607,4484,1226,57
5608,4485,1052,110
5609,4485,1087,27
5610,4486,1087,50
5611,4487,1087,55
5612,4487,1122,1
5613,4488,1122,85
5614,4489,1053,55
5615,4489,1088,70
5616,4490,1088,42
5617,4491,1088,29
5618,4491,1123,20
5619,4492,1123,86
5620,4493,1159,53
5621,4494,1159,30
5622,4495,1159,36
5623,4496,1159,12
5624,4496,1194,86
5625,4497,1230,80
5626,4498,1230,24
5627,4498,1265,13
5628,4499,1265,44
5629,4500,1265,49
5630,4500,1300,45
5631,4501,1161,29
5632,4501,1196,45
5633,4502,1196,71
5634,4503,1196,18
5635,4503,1231,27
5636,4504,1231,74
5637,4505,1232,46
5638,4505,1267,26
5639,4506,1267,42
5640,4507,1267,55
5641,4508,1267,24
5642,4508,1302,27
5643,4509,1093,53
5644,4509,1128,15
5645,4510,1128,29
5646,4511,1128,77
5647,4512,1128,49
5648,4512,1163,27
5649,4513,1199,91
5650,4514,1199,6
5651,4514,1234,30
5652,4515,1234,14
5653,4516,1234,62
5654,4517,1130,98
5655,4518,1130,16
5656,4518,1165,41
5657,4519,1165,33
5658,4520,1165,63
5659,4521,1166,10
5660,4521,1201,113
5661,4522,1201,6
5662,4522,1236,45
5663,4523,1236,58
5664,4524,1236,60
5665,4525,1237,8
5666,4525,1272,30
5667,4526,1272,50
5668,4527,1272,61
5669,4528,1272,11
5670,4528,1307,53
5671,4529,1168,86
5672,4529,1203,4
5673,4530,1203,63
5674,4531,1203,53
5675,4531,1238,49
5676,4532,1238,35
5677,4533,1099,96
5678,4534,1099,18
5679,4534,1134,68
5680,4535,1134,43
5681,4536,1134,20
5682,4536,1169,108
5683,4537,1100,17
5684,4537,1135,43
5685,4538,1135,68
5686,4538,1170,10
5687,4539,1170,37
5688,4540,1170,106
5689,4541,1206,44
5690,4541,1241,9
5691,4542,1241,72
5692,4543,1241,42
5693,4544,1241,23
5694,4544,1276,31
5695,4545,1137,75
5696,4546,1137,19
5697,4546,1172,10
5698,4547,1172,56
5699,4548,1172,59
5700,4548,1207,75
5701,4549,1138,72
5702,4550,1138,53
5703,4550,1173,31
5704,4551,1173,25
5705,4552,1173,68
5706,4553,1209,79
5707,4554,1209,21
5708,4554,1244,15
5709,4555,1244,43
5710,4556,1244,38
5711,4556,1279,2
5712,4557,1105,105
5713,4558,1105,6
5714,4558,1140,70
5715,4559,1140,33
5716,4560,1140,73
5717,4560,1175,66
5718,4561,1176,92
5719,4562,1176,8
5720,4562,1211,42
5721,4563,1211,60
5722,4564,1211,12
5723,4564,1246,96
5724,4565,1142,62
5725,4565,1177,22
5726,4566,1177,41
5727,4567,1177,36
5728,4568,1177,56
5729,4569,1213,86
5730,4570,1213,18
5731,4570,1248,28
5732,4571,1248,43
5733,4572,1248,30
5734,4572,1283,12
5735,4573,1074,29
5736,4574,1074,59
5737,4575,1074,34
5738,4575,1109,36
5739,4576,1109,106
5740,4577,1145,69
5741,4578,1145,59
5742,4578,1180,47
5743,4579,1180,19
5744,4580,1180,20
5745,4580,1215,18
5746,4581,1181,50
5747,4582,1181,50
5748,4583,1181,31
5749,4583,1216,11
5750,4584,1216,104
5751,4585,1217,45
5752,4585,1252,33
5753,4586,1252,43
5754,4587,1252,27
5755,4587,1287,29
5756,4588,1287,46
5757,4589,1148,83
5758,4590,1148,4
5759,4590,1183,61
5760,4591,1183,47
5761,4592,1183,36
5762,4592,1218,20
5763,4593,1184,29
5764,4593,1219,53
5765,4594,1219,43
5766,4595,1219,6
5767,4595,1254,50
5768,4596,1254,109
5769,4597,1220,60
5770,4598,1220,69
5771,4598,1255,1
5772,4599,1255,35
5773,4600,1255,70
5774,4601,1221,59
5775,4602,1221,59
5776,4603,1221,9
5777,4603,1256,50
5778,4604,1256,99
5779,4605,1082,60
5780,4605,1117,32
5781,4606,1117,51
5782,4606,1152,4
5783,4607,1152,54
5784,4608,1152,59
5785,4609,1153,46
5786,4609,1188,3
5787,4610,1188,64
5788,4611,1188,25
5789,4612,1188,59
5790,4612,1223,22
5791,4613,1084,23
5792,4613,1119,39
5793,4614,1119,45
5794,4615,1119,64
5795,4616,1154,47
5796,4617,1225,58
5797,4617,1260,44
5798,4618,1260,92
5799,4619,1260,38
5800,4620,1260,7
5801,4620,1295,66
5802,4621,1226,43
5803,4622,1226,12
5804,4622,1261,63
5805,4623,1261,49
5806,4624,1261,22
5807,4624,1296,34
5808,4625,1122,41
5809,4625,1157,7
5810,4626,1157,62
5811,4627,1157,15
5812,4628,1157,69
5813,4628,1192,1
5814,4629,1123,25
5815,4629,1158,30
5816,4630,1158,34
5817,4631,1158,49
5818,4632,1158,27
5819,4633,1194,26
5820,4633,1229,37
5821,4634,1229,51
5822,4635,1229,31
5823,4635,1264,13
5824,4636,1264,127
5825,4637,1300,58
5826,4638,1300,36
5827,4639,1300,4
5828,4639,1335,55
5829,4640,1335,54
5830,4641,1231,19
5831,4641,1266,107
5832,4642,1266,36
5833,4642,1301,8
5834,4643,1301,49
5835,4644,1301,57
5836,4645,1302,88
5837,4646,1302,45
5838,4647,1302,4
5839,4647,1337,44
5840,4648,1337,54
5841,4649,1163,79
5842,4650,1163,27
5843,4650,1198,7
5844,4651,1198,42
5845,4652,1198,55
5846,4652,1233,19
5847,4653,1234,49
5848,4653,1269,14
5849,4654,1269,24
5850,4655,1269,28
5851,4656,1269,82
5852,4657,1165,17
5853,4657,1200,38
5854,4658,1200,61
5855,4659,1200,46
5856,4659,1235,25
5857,4660,1235,112
5858,4661,1236,9
5859,4661,1271,76
5860,4662,1271,36
5861,4662,1306,16
5862,4663,1306,41
5863,4664,1306,54
5864,4665,1307,46
5865,4666,1307,36
5866,4667,1307,35
5867,4667,1342,11
5868,4668,1342,86
5869,4669,1238,46
5870,4669,1273,61
5871,4670,1273,59
5872,4671,1273,19
5873,4671,1308,4
5874,4672,1308,67
5875,4673,1169,30
5876,4673,1204,32
5877,4674,1204,86
5878,4675,1204,24
5879,4675,1239,44
5880,4676,1239,43
5881,4677,1170,23
5882,4677,1205,92
5883,4678,1205,66
5884,4679,1205,10
5885,4679,1240,19
5886,4680,1240,61
5887,4681,1276,106
5888,4682,1276,57
5889,4682,1311,15
5890,4683,1311,51
5891,4684,1311,36
5892,4685,1207,78
5893,4685,1242,34
5894,4686,1242,74
5895,4687,1242,49
5896,4687,1277,28
5897,4688,1277,47
5898,4689,1173,50
5899,4689,1208,48
5900,4690,1208,70
5901,4691,1208,18
5902,4692,1208,7
5903,4692,1243,52
5904,4693,1279,85
5905,4694,1279,38
5906,4694,1314,9
5907,4695,1314,33
5908,4696,1314,78
5909,4697,1175,76
5910,4697,1210,10
5911,4698,1210,52
5912,4699,1210,51
5913,4700,1210,5
5914,4700,1245,44
5915,4701,1246,54
5916,4701,1281,6
5917,4702,1281,58
5918,4703,1281,54
5919,4704,1281,26
5920,4704,1316,66
5921,4705,1177,36
5922,4705,1212,52
5923,4706,1212,48
5924,4707,1212,30
5925,4708,1212,34
5926,4708,1247,33
5927,4709,1283,88
5928,4710,1283,9
5929,4710,1318,59
5930,4711,1318,44
5931,4712,1318,27
5932,4713,1109,3
5933,4713,1144,88
5934,4714,1144,40
5935,4715,1144,7
5936,4715,1179,28
5937,4716,1179,88
5938,4717,1215,108
5939,4717,1250,67
5940,4718,1250,56
5941,4718,1285,16
5942,4719,1285,63
5943,4720,1285,66
5944,4720,1320,50
5945,4721,1216,46
5946,4721,1251,53
5947,4722,1251,36
5948,4723,1251,34
5949,4724,1251,33
5950,4724,1286,21
5951,4725,1287,58
5952,4725,1322,1
5953,4726,1322,33
5954,4727,1322,41
5955,4728,1322,49
5956,4729,1218,95
5957,4730,1218,63
5958,4730,1253,41
5959,4731,1253,45
5960,4732,1253,17
5961,4732,1288,73
5962,4733,1289,136
5963,4734,1289,50
5964,4735,1289,3
5965,4735,1324,33
5966,4736,1324,41
5967,4737,1255,84
5968,4737,1290,71
5969,4738,1290,40
5970,4739,1290,17
5971,4739,1325,37
5972,4740,1325,48
5973,4741,1256,3
5974,4741,1291,105
5975,4742,1291,34
5976,4742,1326,24
5977,4743,1326,40
5978,4744,1326,67
5979,4745,1152,55
5980,4745,1187,5
5981,4746,1187,67
5982,4747,1187,29
5983,4748,1187,17
5984,4748,1222,24
5985,4749,1223,29
5986,4750,1223,35
5987,4751,1223,20
5988,4751,1258,52
5989,4752,1258,25
5990,4753,1154,67
5991,4754,1154,61
5992,4754,1189,12
5993,4755,1189,31
5994,4756,1189,56
5995,4757,1295,105
5996,4758,1295,17
5997,4758,1330,66
5998,4759,1330,33
5999,4760,1330,20
6000,4760,1365,27
6001,4761,1296,40
6002,4762,1296,15
6003,4763,1296,29
6004,4764,1296,38
6005,4764,1331,13
6006,4765,1192,46
6007,4766,1192,43
6008,4767,1192,32
6009,4768,1192,3
6010,4768,1227,38
6011,4769,1158,46
6012,4769,1193,12
6013,4770,1193,13
6014,4771,1193,33
6015,4772,1193,27
6016,4773,1264,18
6017,4773,1299,15
6018,4774,1299,35
6019,4775,1299,18
6020,4776,1299,45
6021,4777,1335,27
6022,4778,1335,22
6023,4779,1335,5
6024,4779,1370,40
6025,4780,1370,52
6026,4781,1301,44
6027,4781,1336,20
6028,4782,1336,31
6029,4783,1336,19
6030,4784,1336,44
6031,4785,1337,37
6032,4785,1372,14
6033,4786,1372,38
6034,4787,1372,10
6035,4788,1372,31
6036,4789,1233,28
6037,4790,1233,36
6038,4791,1233,20
6039,4792,1233,43
6040,4793,1269,16
6041,4793,1304,31
6042,4794,1304,23
6043,4795,1304,24
6044,4796,1304,23
6045,4797,1235,20
6046,4797,1270,6
6047,4798,1270,29
6048,4799,1270,25
6049,4800,1270,55
6050,4801,1306,26
6051,4801,1341,1
6052,4802,1341,25
6053,4803,1341,40
6054,4804,1341,41
6055,4805,1342,32
6056,4805,1377,12
6057,4806,1377,30
6058,4807,1377,19
6059,4808,1377,39
6060,4809,1308,29
6061,4810,1308,23
6062,4811,1308,3
6063,4811,1343,19
6064,4812,1343,16
6065,4813,1239,74
6066,4813,1274,16
6067,4814,1274,29
6068,4815,1274,26
6069,4816,1274,28
6070,4817,1240,18
6071,4818,1240,28
6072,4819,1240,13
6073,4820,1275,60
6074,4821,1311,30
6075,4821,1346,21
6076,4822,1346,26
6077,4823,1346,8
6078,4824,1346,34
6079,4825,1277,36
6080,4826,1277,16
6081,4827,1277,8
6082,4827,1312,22
6083,4828,1312,35
6084,4829,1243,55
6085,4830,1243,36
6086,4831,1243,13
6087,4831,1278,5
6088,4832,1278,21
6089,4833,1314,29
6090,4834,1314,11
6091,4834,1349,25
6092,4835,1349,39
6093,4836,1349,59
6094,4837,1245,49
6095,4838,1245,14
6096,4838,1280,19
6097,4839,1280,35
6098,4840,1280,30
6099,4841,1316,53
6100,4842,1316,22
6101,4843,1351,27
6102,4844,1351,26
6103,4845,1247,14
6104,4846,1247,14
6105,4847,1247,23
6106,4848,1247,24
6107,4849,1318,34
6108,4849,1353,40
6109,4850,1353,40
6110,4851,1353,20
6111,4852,1353,33
6112,4853,1179,29
6113,4854,1179,42
6114,4855,1214,23
6115,4856,1214,27
6116,4857,1320,40
6117,4858,1320,29
6118,4859,1320,27
6119,4859,1355,13
6120,4860,1355,16
6121,4861,1286,60
6122,4862,1286,15
6123,4863,1286,9
6124,4863,1321,9
6125,4864,1321,20
6126,4865,1322,26
6127,4866,1322,12
6128,4866,1357,8
6129,4867,1357,36
6130,4868,1357,17
6131,4869,1288,57
6132,4870,1288,1
6133,4870,1323,56
6134,4871,1323,11
6135,4872,1323,28
6136,4873,1324,23
6137,4874,1324,43
6138,4875,1324,18
6139,4876,1324,11
6140,4876,1359,33
6141,4877,1325,30
6142,4878,1325,31
6143,4879,1325,1
6144,4879,1360,31
6145,4880,1360,26
6146,4881,1326,45
6147,4881,1361,20
6148,4882,1361,15
6149,4883,1361,7
6150,4884,1361,72
6151,4885,1222,55
6152,4886,1222,30
6153,4887,1222,16
6154,4888,1222,33
6155,4889,1258,22
6156,4890,1258,31
6157,4891,1258,13
6158,4891,1293,19
6159,4892,1293,23
6160,4893,1189,32
6161,4894,1189,22
6162,4895,1189,1
6163,4895,1224,25
6164,4896,1224,33
6165,4897,1365,34
6166,4898,1365,37
6167,4899,1365,11
6168,4900,1365,40
6169,4901,1331,36
6170,4902,1331,11
6171,4903,1331,29
6172,4904,1331,26
6173,4905,1227,36
6174,4906,1227,32
6175,4907,1227,28
6176,4908,1262,21
6177,4909,1193,39
6178,4910,1193,12
6179,4910,1228,36
6180,4911,1228,16
6181,4912,1228,12
6182,4913,1299,30
6183,4914,1299,19
6184,4915,1299,16
6185,4916,1299,12
6186,4916,1334,36
6187,4917,1370,17
6188,4918,1370,40
6189,4919,1370,10
6190,4919,1405,11
6191,4920,1405,27
6192,4921,1336,29
6193,4921,1371,22
6194,4922,1371,28
6195,4923,1371,34
6196,4924,1371,35
6197,4925,1372,20
6198,4925,1407,25
6199,4926,1407,39
6200,4927,1407,10
6201,4928,1407,40
6202,4929,1233,28
6203,4930,1233,9
6204,4930,1268,31
6205,4931,1268,8
6206,4932,1268,19
6207,4933,1304,71
6208,4934,1304,5
6209,4934,1339,49
6210,4935,1339,35
6211,4936,1339,8
6212,4936,1374,38
6213,4937,1270,13
6214,4937,1305,65
6215,4938,1305,24
6216,4939,1305,18
6217,4940,1305,28
6218,4941,1341,16
6219,4941,1376,17
6220,4942,1376,35
6221,4943,1376,24
6222,4944,1376,20
6223,4945,1377,31
6224,4946,1377,25
6225,4947,1412,24
6226,4948,1412,42
6227,4949,1343,30
6228,4950,1343,44
6229,4951,1343,45
6230,4952,1343,5
6231,4952,1378,30
6232,4953,1274,60
6233,4953,1309,2
6234,4954,1309,30
6235,4955,1309,36
6236,4956,1309,57
6237,4957,1275,36
6238,4958,1275,19
6239,4959,1275,24
6240,4960,1275,38
6241,4960,1310,7
6242,4961,1346,2
6243,4961,1381,46
6244,4962,1381,37
6245,4963,1381,18
6246,4964,1381,22
6247,4965,1312,39
6248,4966,1312,28
6249,4967,1312,14
6250,4967,1347,2
6251,4968,1347,20
6252,4969,1278,42
6253,4970,1278,39
6254,4971,1278,19
6255,4972,1278,39
6256,4973,1349,27
6257,4974,1349,9
6258,4974,1384,25
6259,4975,1384,18
6260,4976,1384,27
6261,4977,1280,49
6262,4978,1280,19
6263,4979,1280,26
6264,4980,1280,46
6265,4981,1351,44
6266,4982,1351,22
6267,4983,1351,9
6268,4984,1351,23
6269,4985,1247,24
6270,4986,1247,25
6271,4987,1247,3
6272,4987,1282,9
6273,4988,1282,33
6274,4989,1353,23
6275,4989,1388,24
6276,4990,1388,23
6277,4991,1388,17
6278,4992,1388,38
6279,4992,1423,7
6280,4993,1214,52
6281,4994,1214,28
6282,4995,1214,13
6283,4996,1214,32
6284,4997,1355,31
6285,4998,1355,35
6286,4999,1355,13
6287,5000,1355,29
6288,5001,1321,46
6289,5002,1321,56
6290,5003,1321,14
6291,5003,1356,8
6292,5004,1356,22
6293,5005,1357,34
6294,5006,1357,11
6295,5007,1357,14
6296,5008,1357,17
6297,5009,1323,24
6298,5009,1358,20
6299,5010,1358,33
6300,5011,1358,49
6301,5012,1358,15
6302,5013,1359,38
6303,5014,1359,24
6304,5015,1359,38
6305,5016,1359,10
6306,5017,1360,57
6307,5018,1360,48
6308,5018,1395,7
6309,5019,1395,29
6310,5020,1395,27
6311,5021,1361,9
6312,5021,1396,13
6313,5022,1396,17
6314,5023,1396,26
6315,5024,1396,28
6316,5025,1222,23
6317,5025,1257,42
6318,5026,1257,20
6319,5027,1257,13
6320,5028,1257,23
6321,5028,1292,3
6322,5029,1293,64
6323,5030,1293,9
6324,5030,1328,28
6325,5031,1328,6
6326,5032,1328,28
6327,5033,1224,55
6328,5034,1224,22
6329,5035,1224,25
6330,5035,1259,5
6331,5036,1259,35
6332,5037,1365,12
6333,5037,1400,8
6334,5038,1400,32
6335,5039,1400,34
6336,5040,1400,15
6337,5041,1331,33
6338,5042,1331,15
6339,5043,1331,1
6340,5043,1366,20
6341,5044,1366,17
6342,5045,1262,36
6343,5046,1262,44
6344,5047,1262,31
6345,5048,1262,12
6346,5048,1297,14
6347,5049,1228,27
6348,5050,1228,15
6349,5051,1228,21
6350,5052,1228,36
6351,5053,1334,25
6352,5054,1334,54
6353,5055,1334,16
6354,5055,1369,3
6355,5056,1369,38
6356,5057,1405,47
6357,5058,1405,47
6358,5059,1405,15
6359,5059,1440,7
6360,5060,1440,21
6361,5061,1371,36
6362,5061,1406,3
6363,5062,1406,53
6364,5063,1406,25
6365,5064,1406,46
6366,5065,1407,42
6367,5066,1407,19
6368,5066,1442,2
6369,5067,1442,40
6370,5068,1442,38
6371,5069,1268,70
6372,5069,1303,5
6373,5070,1303,29
6374,5071,1303,34
6375,5072,1303,68
6376,5073,1374,70
6377,5074,1374,28
6378,5074,1409,5
6379,5075,1409,24
6380,5076,1409,34
6381,5077,1305,3
6382,5077,1340,16
6383,5078,1340,17
6384,5079,1340,23
6385,5080,1340,57
6386,5080,1375,2
6387,5081,1376,50
6388,5082,1376,26
6389,5082,1411,26
6390,5083,1411,13
6391,5084,1411,65
6392,5085,1412,34
6393,5086,1412,25
6394,5087,1412,38
6395,5088,1412,17
6396,5088,1447,46
6397,5089,1378,42
6398,5090,1378,21
6399,5091,1378,43
6400,5091,1413,7
6401,5092,1413,17
6402,5093,1309,31
6403,5094,1309,20
6404,5095,1309,14
6405,5096,1309,4
6406,5096,1344,43
6407,5097,1310,42
6408,5098,1310,24
6409,5099,1310,44
6410,5100,1310,6
6411,5100,1345,45
6412,5101,1381,37
6413,5101,1416,14
6414,5102,1416,30
6415,5103,1416,19
6416,5104,1416,21
6417,5105,1347,28
6418,5106,1347,47
6419,5107,1347,16
6420,5108,1347,16
6421,5109,1278,5
6422,5109,1313,26
6423,5110,1313,41
6424,5111,1313,26
6425,5112,1313,30
6426,5112,1348,25
6427,5113,1384,69
6428,5113,1419,1
6429,5114,1419,27
6430,5115,1419,35
6431,5116,1419,37
6432,5117,1280,9
6433,5117,1315,19
6434,5118,1315,21
6435,5119,1315,16
6436,5120,1315,15
6437,5121,1351,21
6438,5121,1386,38
6439,5122,1386,27
6440,5123,1386,39
6441,5124,1386,49
6442,5125,1282,45
6443,5126,1282,13
6444,5126,1317,14
6445,5127,1317,32
6446,5128,1317,41
6447,5128,1352,17
6448,5129,1423,79
6449,5130,1423,42
6450,5131,1423,38
6451,5132,1423,12
6452,5132,1458,6
6453,5133,1214,15
6454,5133,1249,70
6455,5134,1249,28
6456,5135,1249,21
6457,5136,1249,21
6458,5136,1284,6
6459,5137,1355,4
6460,5137,1390,49
6461,5138,1390,36
6462,5139,1390,17
6463,5139,1425,16
6464,5140,1425,32
6465,5141,1356,69
6466,5142,1356,17
6467,5143,1356,21
6468,5144,1356,63
6469,5144,1391,17
6470,5145,1357,27
6471,5145,1392,28
6472,5146,1392,25
6473,5147,1392,21
6474,5148,1392,19
6475,5149,1358,45
6476,5150,1393,35
6477,5151,1393,11
6478,5152,1393,21
6479,5153,1359,38
6480,5153,1394,52
6481,5154,1394,41
6482,5155,1394,10
6483,5156,1394,33
6484,5157,1395,35
6485,5158,1395,22
6486,5159,1395,11
6487,5159,1430,25
6488,5160,1430,39
6489,5161,1396,5
6490,5161,1431,66
6491,5162,1431,13
6492,5163,1431,32
6493,5164,1431,31
6494,5164,1466,1
6495,5165,1292,33
6496,5166,1292,73
6497,5167,1292,38
6498,5167,1327,8
6499,5168,1327,30
6500,5169,1328,22
6501,5170,1328,25
6502,5171,1328,17
6503,5172,1328,42
6504,5172,1363,35
6505,5173,1259,62
6506,5174,1259,40
6507,5175,1259,16
6508,5175,1294,11
6509,5176,1294,53
6510,5177,1400,35
6511,5178,1400,33
6512,5179,1400,17
6513,5179,1435,7
6514,5180,1435,31
6515,5181,1366,53
6516,5182,1366,50
6517,5183,1366,24
6518,5184,1366,20
6519,5184,1401,11
6520,5185,1297,36
6521,5186,1297,26
6522,5187,1297,18
6523,5187,1332,15
6524,5188,1332,63
6525,5189,1228,16
6526,5189,1263,37
6527,5190,1263,26
6528,5191,1263,18
6529,5192,1263,54
6530,5193,1369,54
6531,5194,1369,46
6532,5195,1369,12
6533,5195,1404,19
6534,5196,1404,29
6535,5197,1440,49
6536,5198,1440,11
6537,5199,1440,26
6538,5200,1440,6
6539,5200,1475,42
6540,5201,1406,43
6541,5202,1406,17
6542,5202,1441,21
6543,5203,1441,53
6544,5204,1441,27
6545,5205,1442,33
6546,5206,1442,62
6547,5207,1442,29
6548,5208,1477,61
6549,5209,1303,16
6550,5209,1338,21
6551,5210,1338,29
6552,5211,1338,33
6553,5212,1338,33
6554,5213,1409,35
6555,5214,1409,34
6556,5215,1409,28
6557,5216,1409,31
6558,5217,1375,42
6559,5218,1375,33
6560,5219,1375,10
6561,5219,1410,14
6562,5220,1410,17
6563,5221,1411,39
6564,5222,1411,20
6565,5222,1446,7
6566,5223,1446,22
6567,5224,1446,46
6568,5225,1447,26
6569,5226,1447,26
6570,5227,1447,31
6571,5228,1447,14
6572,5228,1482,23
6573,5229,1413,58
6574,5230,1413,52
6575,5230,1448,7
6576,5231,1448,55
6577,5232,1448,77
6578,5232,1483,2
6579,5233,1344,40
6580,5234,1344,4
6581,5234,1379,41
6582,5235,1379,29
6583,5236,1379,65
6584,5236,1414,15
6585,5237,1345,42
6586,5238,1345,20
6587,5239,1345,15
6588,5240,1345,23
6589,5240,1380,30
6590,5241,1416,33
6591,5241,1451,56
6592,5242,1451,18
6593,5242,1486,12
6594,5243,1486,39
6595,5244,1486,34
6596,5245,1347,41
6597,5246,1347,3
6598,5246,1382,47
6599,5247,1382,19
6600,5248,1382,39
6601,5249,1348,20
6602,5250,1348,52
6603,5251,1348,17
6604,5252,1348,38
6605,5252,1383,4
6606,5253,1419,41
6607,5254,1419,45
6608,5255,1419,15
6609,5255,1454,18
6610,5256,1454,22
6611,5257,1315,41
6612,5257,1350,15
6613,5258,1350,33
6614,5259,1350,19
6615,5260,1350,36
6616,5261,1386,51
6617,5261,1421,12
6618,5262,1421,43
6619,5263,1421,41
6620,5264,1421,24
6621,5265,1352,49
6622,5266,1352,37
6623,5267,1352,2
6624,5267,1387,10
6625,5268,1387,57
6626,5269,1458,58
6627,5270,1458,27
6628,5271,1458,14
6629,5272,1458,40
6630,5272,1493,19
6631,5273,1284,30
6632,5274,1284,22
6633,5275,1284,48
6634,5276,1284,7
6635,5276,1319,30
6636,5277,1425,33
6637,5278,1425,35
6638,5279,1425,25
6639,5279,1460,19
6640,5280,1460,32
6641,5281,1391,69
6642,5282,1391,33
6643,5283,1391,20
6644,5284,1391,54
6645,5285,1392,26
6646,5286,1392,16
6647,5286,1427,7
6648,5287,1427,35
6649,5288,1427,49
6650,5289,1393,69
6651,5289,1428,17
6652,5290,1428,42
6653,5291,1428,8
6654,5292,1428,77
6655,5293,1394,37
6656,5294,1394,39
6657,5295,1394,12
6658,5295,1429,17
6659,5296,1429,40
6660,5297,1430,104
6661,5297,1465,1
6662,5298,1465,17
6663,5299,1465,12
6664,5300,1465,38
6665,5301,1466,25
6666,5302,1466,43
6667,5303,1466,46
6668,5304,1466,19
6669,5305,1327,47
6670,5306,1327,33
6671,5306,1362,7
6672,5307,1362,34
6673,5308,1362,38
6674,5309,1363,52
6675,5310,1363,44
6676,5311,1363,20
6677,5312,1363,6
6678,5312,1398,15
6679,5313,1294,43
6680,5314,1294,35
6681,5314,1329,3
6682,5315,1329,27
6683,5316,1329,24
6684,5317,1435,103
6685,5318,1435,19
6686,5319,1435,5
6687,5319,1470,28
6688,5320,1470,65
6689,5321,1401,66
6690,5322,1401,66
6691,5323,1401,6
6692,5323,1436,37
6693,5324,1436,66
6694,5325,1332,58
6695,5326,1332,6
6696,5326,1367,53
6697,5327,1367,36
6698,5328,1367,40
6699,5328,1402,72
6700,5329,1263,2
6701,5329,1298,81
6702,5330,1298,32
6703,5331,1298,25
6704,5331,1333,22
6705,5332,1333,52
6706,5333,1404,77
6707,5334,1404,43
6708,5334,1439,11
6709,5335,1439,25
6710,5336,1439,16
6711,5337,1475,102
6712,5338,1475,35
6713,5338,1510,8
6714,5339,1510,11
6715,5340,1510,52
6716,5341,1441,33
6717,5342,1441,11
6718,5342,1476,60
6719,5343,1476,41
6720,5344,1476,59
6721,5345,1477,52
6722,5346,1477,53
6723,5346,1512,9
6724,5347,1512,51
6725,5348,1512,63
6726,5349,1338,54
6727,5349,1373,10
6728,5350,1373,73
6729,5351,1373,44
6730,5351,1408,22
6731,5352,1408,34
6732,5353,1409,3
6733,5353,1444,19
6734,5354,1444,35
6735,5355,1444,22
6736,5356,1444,80
6737,5357,1410,92
6738,5358,1410,6
6739,5358,1445,57
6740,5359,1445,46
6741,5360,1445,37
6742,5361,1446,44
6743,5362,1446,54
6744,5363,1446,6
6745,5363,1481,29
6746,5364,1481,81
6747,5365,1482,90
6748,5366,1482,2
6749,5366,1517,53
6750,5367,1517,32
6751,5368,1517,65
6752,5369,1483,86
6753,5370,1483,35
6754,5370,1518,6
6755,5371,1518,49
6756,5372,1518,67
6757,5373,1414,42
6758,5374,1414,68
6759,5375,1414,33
6760,5376,1414,21
6761,5376,1449,26
6762,5377,1380,41
6763,5378,1380,79
6764,5379,1380,15
6765,5379,1415,16
6766,5380,1415,65
6767,5381,1486,55
6768,5381,1521,11
6769,5382,1521,12
6770,5383,1521,52
6771,5384,1521,55
6772,5385,1382,59
6773,5385,1417,42
6774,5386,1417,54
6775,5387,1417,47
6776,5388,1417,43
6777,5388,1452,29
6778,5389,1383,39
6779,5390,1383,30
6780,5391,1383,57
6781,5391,1418,1
6782,5392,1418,87
6783,5393,1454,39
6784,5394,1454,25
6785,5394,1489,28
6786,5395,1489,22
6787,5396,1489,40
6788,5397,1350,57
6789,5398,1350,14
6790,5398,1385,11
6791,5399,1385,37
6792,5400,1385,56
6793,5401,1421,36
6794,5401,1456,35
6795,5402,1456,47
6796,5403,1456,23
6797,5404,1456,47
6798,5404,1491,14
6799,5405,1387,22
6800,5406,1387,47
6801,5407,1387,26
6802,5408,1387,10
6803,5408,1422,65
6804,5409,1493,65
6805,5410,1493,47
6806,5411,1493,17
6807,5412,1493,11
6808,5412,1528,47
6809,5413,1319,63
6810,5414,1319,23
6811,5415,1319,22
6812,5416,1319,32
6813,5416,1354,3
6814,5417,1460,58
6815,5418,1460,30
6816,5418,1495,4
6817,5419,1495,49
6818,5420,1495,52
6819,5421,1391,5
6820,5421,1426,36
6821,5422,1426,76
6822,5423,1426,33
6823,5424,1426,10
6824,5424,1461,81
6825,5425,1427,69
6826,5425,1462,12
6827,5426,1462,30
6828,5427,1462,37
6829,5428,1462,54
6830,5429,1428,36
6831,5429,1463,49
6832,5430,1463,60
6833,5431,1463,26
6834,5431,1498,19
6835,5432,1498,43
6836,5433,1429,71
6837,5434,1429,23
6838,5434,1464,31
6839,5435,1464,44
6840,5436,1464,61
6841,5436,1499,7
6842,5437,1465,48
6843,5437,1500,3
6844,5438,1500,21
6845,5439,1500,45
6846,5440,1500,54
6847,5441,1466,56
6848,5442,1466,6
6849,5442,1501,38
6850,5443,1501,53
6851,5444,1501,43
6852,5445,1362,50
6853,5446,1362,29
6854,5447,1362,33
6855,5448,1362,21
6856,5448,1397,32
6857,5449,1398,76
6858,5450,1398,18
6859,5451,1398,22
6860,5451,1433,29
6861,5452,1433,67
6862,5453,1329,47
6863,5454,1329,91
6864,5455,1329,19
6865,5455,1364,37
6866,5456,1364,29
6867,5457,1470,51
6868,5458,1470,46
6869,5458,1505,10
6870,5459,1505,53
6871,5460,1505,72
6872,5461,1436,32
6873,5461,1471,103
6874,5462,1471,54
6875,5463,1471,2
6876,5463,1506,46
6877,5464,1506,46
6878,5465,1402,82
6879,5466,1402,22
6880,5466,1437,10
6881,5467,1437,45
6882,5468,1437,87
6883,5469,1333,56
6884,5469,1368,31
6885,5470,1368,43
6886,5471,1368,47
6887,5471,1403,37
6888,5472,1403,67
6889,5473,1439,88
6890,5473,1474,19
6891,5474,1474,54
6892,5475,1474,87
6893,5476,1474,15
6894,5476,1509,32
6895,5477,1510,82
6896,5477,1545,48
6897,5478,1545,27
6898,5479,1545,106
6899,5480,1545,22
6900,5480,1580,85
6901,5481,1476,48
6902,5481,1511,23
6903,5482,1511,95
6904,5483,1511,22
6905,5483,1546,60
6906,5484,1546,53
6907,5485,1512,27
6908,5485,1547,10
6909,5486,1547,42
6910,5487,1547,42
6911,5488,1547,47
6912,5488,1582,25
6913,5489,1408,65
6914,5490,1408,38
6915,5491,1408,3
6916,5491,1443,85
6917,5492,1443,109
6918,5493,1444,42
6919,5493,1479,34
6920,5494,1479,87
6921,5495,1479,33
6922,5495,1514,18
6923,5496,1514,47
6924,5497,1445,26
6925,5497,1480,162
6926,5498,1480,17
6927,5498,1515,54
6928,5499,1515,50
6929,5500,1515,1
6930,5500,1550,55
6931,5501,1481,77
6932,5501,1516,48
6933,5502,1516,17
6934,5503,1516,19
6935,5504,1516,54
6936,5505,1517,20
6937,5505,1552,107
6938,5506,1552,31
6939,5507,1552,16
6940,5507,1587,16
6941,5508,1587,35
6942,5509,1518,36
6943,5509,1553,36
6944,5510,1553,89
6945,5511,1553,23
6946,5511,1588,14
6947,5512,1588,37
6948,5513,1449,23
6949,5514,1449,59
6950,5515,1449,47
6951,5515,1484,25
6952,5516,1484,71
6953,5517,1415,49
6954,5518,1415,49
6955,5519,1415,5
6956,5519,1450,47
6957,5520,1450,80
6958,5521,1521,50
6959,5521,1556,40
6960,5522,1556,87
6961,5523,1556,62
6962,5524,1556,47
6963,5525,1452,69
6964,5526,1452,39
6965,5527,1452,16
6966,5527,1487,71
6967,5528,1487,81
6968,5529,1418,60
6969,5530,1418,55
6970,5530,1453,4
6971,5531,1453,31
6972,5532,1453,20
6973,5533,1489,16
6974,5533,1524,72
6975,5534,1524,45
6976,5535,1524,30
6977,5536,1524,70
6978,5537,1385,44
6979,5537,1420,98
6980,5538,1420,14
6981,5538,1455,31
6982,5539,1455,81
6983,5540,1455,43
6984,5541,1491,116
6985,5542,1491,42
6986,5542,1526,5
6987,5543,1526,54
6988,5544,1526,63
6989,5545,1422,87
6990,5546,1422,7
6991,5546,1457,38
6992,5547,1457,57
6993,5548,1457,41
6994,5549,1528,109
6995,5550,1528,46
6996,5550,1563,36
6997,5551,1563,39
6998,5552,1563,42
6999,5553,1354,122
7000,5554,1354,35
7001,5555,1354,10
7002,5555,1389,69
7003,5556,1389,60
7004,5557,1495,43
7005,5557,1530,36
7006,5558,1530,97
7007,5559,1530,51
7008,5560,1530,26
7009,5560,1565,20
7010,5561,1461,40
7011,5562,1461,55
7012,5563,1461,12
7013,5563,1496,14
7014,5564,1496,84
7015,5565,1462,53
7016,5565,1497,37
7017,5566,1497,32
7018,5567,1497,37
7019,5568,1497,45
7020,5569,1498,94
7021,5569,1533,11
7022,5570,1533,70
7023,5571,1533,50
7024,5572,1533,79
7025,5572,1568,12
7026,5573,1499,57
7027,5574,1499,68
7028,5575,1499,10
7029,5575,1534,55
7030,5576,1534,85
7031,5577,1500,36
7032,5578,1500,21
7033,5578,1535,6
7034,5579,1535,68
7035,5580,1535,67
7036,5581,1501,24
7037,5581,1536,76
7038,5582,1536,30
7039,5583,1536,37
7040,5583,1571,32
7041,5584,1571,46
7042,5585,1397,72
7043,5585,1432,2
7044,5586,1432,39
7045,5587,1432,70
7046,5588,1432,66
7047,5588,1467,6
7048,5589,1433,80
7049,5589,1468,99
7050,5590,1468,36
7051,5591,1468,10
7052,5591,1503,46
7053,5592,1503,62
7054,5593,1364,81
7055,5593,1399,28
7056,5594,1399,67
7057,5595,1399,23
7058,5595,1434,30
7059,5596,1434,77
7060,5597,1505,21
7061,5597,1540,34
7062,5598,1540,64
7063,5599,1540,24
7064,5599,1575,21
7065,5600,1575,61
7066,5601,1506,52
7067,5601,1541,66
7068,5602,1541,36
7069,5603,1541,19
7070,5604,1541,69
7071,5605,1472,113
7072,5606,1472,7
7073,5606,1507,22
7074,5607,1507,31
7075,5608,1507,90
7076,5609,1403,45
7077,5609,1438,10
7078,5610,1438,42
7079,5611,1438,42
7080,5612,1438,58
7081,5613,1509,63
7082,5614,1509,43
7083,5614,1544,4
7084,5615,1544,67
7085,5616,1544,36
7086,5617,1580,26
7087,5617,1615,98
7088,5618,1615,55
7089,5618,1650,7
7090,5619,1650,53
7091,5620,1650,46
7092,5621,1546,58
7093,5622,1546,41
7094,5622,1581,36
7095,5623,1581,20
7096,5624,1581,68
7097,5625,1582,46
7098,5626,1582,74
7099,5627,1582,49
7100,5628,1582,11
7101,5628,1617,85
7102,5629,1443,26
7103,5629,1478,45
7104,5630,1478,41
7105,5631,1478,33
7106,5632,1478,47
7107,5633,1514,54
7108,5634,1514,55
7109,5635,1549,33
7110,5636,1549,55
7111,5637,1550,65
7112,5638,1550,42
7113,5638,1585,19
7114,5639,1585,31
7115,5640,1585,85
7116,5641,1516,34
7117,5641,1551,33
7118,5642,1551,38
7119,5643,1551,47
7120,5644,1551,26
7121,5644,1586,36
7122,5645,1587,82
7123,5646,1587,52
7124,5647,1587,22
7125,5648,1587,30
7126,5648,1622,24
7127,5649,1588,42
7128,5650,1588,17
7129,5651,1588,41
7130,5652,1588,51
7131,5652,1623,6
7132,5653,1484,38
7133,5653,1519,18
7134,5654,1519,45
7135,5655,1519,56
7136,5656,1519,8
7137,5656,1554,52
7138,5657,1450,93
7139,5658,1485,63
7140,5659,1485,46
7141,5660,1485,60
7142,5661,1556,45
7143,5661,1591,64
7144,5662,1591,46
7145,5663,1591,25
7146,5664,1591,55
7147,5665,1487,37
7148,5665,1522,13
7149,5666,1522,30
7150,5667,1522,16
7151,5668,1522,87
7152,5668,1557,9
7153,5669,1453,59
7154,5669,1488,71
7155,5670,1488,38
7156,5671,1488,43
7157,5671,1523,13
7158,5672,1523,31
7159,5673,1559,81
7160,5674,1559,33
7161,5675,1559,24
7162,5676,1559,3
7163,5676,1594,71
7164,5677,1455,7
7165,5677,1490,46
7166,5678,1490,63
7167,5679,1490,53
7168,5680,1490,43
7169,5680,1525,66
7170,5681,1526,18
7171,5681,1561,82
7172,5682,1561,24
7173,5683,1561,42
7174,5684,1561,21
7175,5684,1596,40
7176,5685,1457,5
7177,5685,1492,100
7178,5686,1492,27
7179,5686,1527,44
7180,5687,1527,32
7181,5688,1527,50
7182,5689,1563,63
7183,5689,1598,32
7184,5690,1598,46
7185,5691,1598,38
7186,5692,1598,22
7187,5693,1389,17
7188,5693,1424,87
7189,5694,1424,83
7190,5694,1459,33
7191,5695,1459,38
7192,5696,1459,72
7193,5697,1565,61
7194,5698,1565,45
7195,5699,1565,59
7196,5700,1565,20
7197,5700,1600,66
7198,5701,1496,48
7199,5701,1531,54
7200,5702,1531,53
7201,5703,1531,39
7202,5703,1566,20
7203,5704,1566,74
7204,5705,1497,7
7205,5705,1532,42
7206,5706,1532,37
7207,5707,1532,49
7208,5708,1532,76
7209,5709,1568,71
7210,5710,1568,73
7211,5711,1568,41
7212,5712,1568,4
7213,5712,1603,83
7214,5713,1534,14
7215,5713,1569,48
7216,5714,1569,5
7217,5715,1569,36
7218,5716,1569,48
7219,5717,1535,64
7220,5717,1570,6
7221,5718,1570,90
7222,5719,1570,59
7223,5720,1570,8
7224,5720,1605,52
7225,5721,1571,48
7226,5722,1571,45
7227,5723,1571,10
7228,5723,1606,21
7229,5724,1606,81
7230,5725,1467,131
7231,5726,1467,26
7232,5727,1467,5
7233,5727,1502,46
7234,5728,1502,43
7235,5729,1503,45
7236,5729,1538,28
7237,5730,1538,96
7238,5731,1538,16
7239,5731,1573,50
7240,5732,1573,58
7241,5733,1434,33
7242,5733,1469,17
7243,5734,1469,25
7244,5735,1469,44
7245,5736,1469,61
7246,5737,1575,23
7247,5737,1610,42
7248,5738,1610,97
7249,5739,1610,48
7250,5740,1610,15
7251,5741,1541,3
7252,5741,1576,30
7253,5742,1576,46
7254,5743,1576,20
7255,5744,1576,30
7256,5745,1507,1
7257,5745,1542,26
7258,5746,1542,16
7259,5747,1542,22
7260,5748,1542,24
7261,5749,1438,31
7262,5750,1438,6
7263,5750,1473,25
7264,5751,1473,29
7265,5752,1473,30
7266,5753,1544,40
7267,5754,1544,22
7268,5755,1544,36
7269,5755,1579,3
7270,5756,1579,42
7271,5757,1650,25
7272,5758,1650,16
7273,5759,1650,13
7274,5760,1650,30
7275,5760,1685,1
7276,5761,1581,24
7277,5762,1581,21
7278,5763,1581,27
7279,5764,1581,19
7280,5765,1617,54
7281,5766,1617,22
7282,5767,1617,22
7283,5768,1617,35
7284,5769,1478,39
7285,5769,1513,19
7286,5770,1513,21
7287,5771,1513,12
7288,5772,1513,53
7289,5773,1549,33
7290,5774,1549,40
7291,5775,1549,23
7292,5775,1584,2
7293,5776,1584,39
7294,5777,1585,52
7295,5778,1585,33
7296,5779,1585,16
7297,5779,1620,1
7298,5780,1620,27
7299,5781,1586,55
7300,5782,1586,17
7301,5783,1586,29
7302,5784,1586,28
7303,5785,1622,36
7304,5786,1622,24
7305,5787,1622,13
7306,5788,1622,26
7307,5789,1623,35
7308,5790,1623,12
7309,5791,1623,15
7310,5792,1623,21
7311,5793,1554,40
7312,5794,1554,19
7313,5795,1554,18
7314,5796,1554,35
7315,5797,1485,35
7316,5798,1485,2
7317,5798,1520,18
7318,5799,1520,28
7319,5800,1520,29
7320,5801,1591,27
7321,5802,1591,9
7322,5802,1626,12
7323,5803,1626,16
7324,5804,1626,16
7325,5805,1557,26
7326,5806,1557,23
7327,5807,1557,23
7328,5808,1557,53
7329,5809,1523,35
7330,5810,1523,31
7331,5811,1523,20
7332,5812,1523,5
7333,5812,1558,18
7334,5813,1594,32
7335,5814,1594,37
7336,5815,1594,39
7337,5816,1594,53
7338,5817,1525,45
7339,5818,1525,31
7340,5819,1525,1
7341,5819,1560,14
7342,5820,1560,22
7343,5821,1596,24
7344,5822,1596,35
7345,5823,1596,36
7346,5824,1596,23
7347,5825,1527,22
7348,5825,1562,9
7349,5826,1562,24
7350,5827,1562,29
7351,5828,1562,12
7352,5829,1598,33
7353,5830,1598,15
7354,5831,1598,7
7355,5831,1633,31
7356,5832,1633,25
7357,5833,1459,25
7358,5833,1494,31
7359,5834,1494,23
7360,5835,1494,24
7361,5836,1494,25
7362,5837,1600,83
7363,5838,1600,24
7364,5839,1600,4
7365,5839,1635,15
7366,5840,1635,38
7367,5841,1566,28
7368,5842,1566,19
7369,5843,1566,27
7370,5843,1601,19
7371,5844,1601,21
7372,5845,1532,46
7373,5845,1567,18
7374,5846,1567,47
7375,5847,1567,17
7376,5848,1567,49
7377,5849,1603,65
7378,5850,1603,24
7379,5850,1638,2
7380,5851,1638,9
7381,5852,1638,34
7382,5853,1569,33
7383,5854,1569,22
7384,5855,1569,9
7385,5855,1604,24
7386,5856,1604,36
7387,5857,1605,35
7388,5858,1605,18
7389,5859,1605,13
7390,5860,1605,41
7391,5861,1606,17
7392,5862,1606,19
7393,5863,1606,14
7394,5864,1606,23
7395,5865,1502,26
7396,5866,1502,38
7397,5867,1502,10
7398,5867,1537,1
7399,5868,1537,16
7400,5869,1573,26
7401,5870,1573,17
7402,5871,1573,24
7403,5872,1573,14
7404,5873,1469,9
7405,5873,1504,29
7406,5874,1504,21
7407,5875,1504,22
7408,5876,1504,60
7409,5877,1610,39
7410,5878,1645,19
7411,5879,1645,21
7412,5880,1645,40
7413,5881,1576,32
7414,5881,1611,3
7415,5882,1611,28
7416,5883,1611,16
7417,5884,1611,26
7418,5885,1542,51
7419,5886,1542,36
7420,5887,1542,7
7421,5887,1577,8
7422,5888,1577,33
7423,5889,1473,10
7424,5890,1473,21
7425,5891,1473,20
7426,5891,1508,5
7427,5892,1508,29
7428,5893,1579,62
7429,5894,1579,31
7430,5895,1579,15
7431,5896,1579,10
7432,5897,1685,43
7433,5898,1685,44
7434,5899,1685,20
7435,5900,1685,26
7436,5901,1581,10
7437,5901,1616,14
7438,5902,1616,16
7439,5903,1616,46
7440,5904,1616,67
7441,5905,1617,33
7442,5906,1617,15
7443,5906,1652,8
7444,5907,1652,32
7445,5908,1652,38
7446,5909,1513,25
7447,5910,1513,20
7448,5911,1513,28
7449,5911,1548,34
7450,5912,1548,27
7451,5913,1584,33
7452,5914,1584,22
7453,5915,1584,27
7454,5916,1584,14
7455,5916,1619,20
7456,5917,1620,59
7457,5918,1620,41
7458,5919,1620,18
7459,5920,1620,54
7460,5921,1586,52
7461,5922,1586,29
7462,5922,1621,5
7463,5923,1621,30
7464,5924,1621,39
7465,5925,1622,12
7466,5925,1657,16
7467,5926,1657,24
7468,5927,1657,30
7469,5928,1657,29
7470,5929,1623,43
7471,5930,1623,11
7472,5930,1658,32
7473,5931,1658,18
7474,5932,1658,36
7475,5933,1554,34
7476,5933,1589,23
7477,5934,1589,15
7478,5935,1589,14
7479,5936,1589,34
7480,5937,1520,35
7481,5938,1520,11
7482,5938,1555,12
7483,5939,1555,12
7484,5940,1555,29
7485,5941,1626,27
7486,5942,1626,35
7487,5943,1626,20
7488,5944,1626,23
7489,5944,1661,21
7490,5945,1557,3
7491,5945,1592,19
7492,5946,1592,21
7493,5947,1592,33
7494,5948,1592,52
7495,5948,1627,5
7496,5949,1558,71
7497,5950,1558,21
7498,5951,1558,22
7499,5952,1558,23
7500,5952,1593,33
7501,5953,1594,27
7502,5953,1629,12
7503,5954,1629,31
7504,5955,1629,16
7505,5956,1629,39
7506,5957,1560,59
7507,5958,1560,33
7508,5959,1560,34
7509,5960,1560,2
7510,5960,1595,7
7511,5961,1596,26
7512,5962,1596,24
7513,5962,1631,4
7514,5963,1631,27
7515,5964,1631,22
7516,5965,1562,42
7517,5966,1562,43
7518,5967,1562,33
7519,5968,1562,25
7520,5968,1597,7
7521,5969,1633,33
7522,5970,1633,38
7523,5971,1633,16
7524,5971,1668,4
7525,5972,1668,26
7526,5973,1494,16
7527,5973,1529,19
7528,5974,1529,22
7529,5975,1529,19
7530,5976,1529,16
7531,5977,1635,35
7532,5978,1635,27
7533,5979,1635,14
7534,5980,1635,30
7535,5981,1601,28
7536,5982,1601,24
7537,5983,1601,29
7538,5984,1601,38
7539,5984,1636,18
7540,5985,1567,51
7541,5985,1602,6
7542,5986,1602,27
7543,5987,1602,31
7544,5988,1602,31
7545,5989,1638,45
7546,5990,1638,15
7547,5991,1638,34
7548,5992,1638,36
7549,5992,1673,10
7550,5993,1604,35
7551,5994,1604,26
7552,5995,1604,18
7553,5996,1604,48
7554,5997,1605,25
7555,5997,1640,15
7556,5998,1640,31
7557,5999,1640,31
7558,6000,1640,65
7559,6001,1606,35
7560,6001,1641,33
7561,6002,1641,51
7562,6003,1641,24
7563,6004,1641,19
7564,6005,1537,21
7565,6006,1537,42
7566,6007,1537,16
7567,6008,1537,30
7568,6009,1573,14
7569,6010,1573,20
7570,6011,1573,20
7571,6011,1608,3
7572,6012,1608,54
7573,6013,1504,37
7574,6013,1539,8
7575,6014,1539,37
7576,6015,1539,34
7577,6016,1539,30
7578,6017,1645,87
7579,6018,1680,23
7580,6019,1680,33
7581,6020,1680,29
7582,6021,1611,39
7583,6022,1611,11
7584,6023,1611,41
7585,6024,1611,37
7586,6025,1577,24
7587,6026,1577,44
7588,6027,1577,21
7589,6028,1577,22
7590,6029,1508,46
7591,6030,1508,21
7592,6031,1508,22
7593,6031,1543,5
7594,6032,1543,47
7595,6033,1579,36
7596,6033,1614,8
7597,6034,1614,16
7598,6035,1614,22
7599,6036,1614,38
7600,6037,1720,38
7601,6038,1720,35
7602,6039,1720,24
7603,6040,1720,57
7604,6041,1651,54
7605,6042,1651,53
7606,6043,1651,25
7607,6044,1651,37
7608,6045,1652,60
7609,6046,1652,53
7610,6047,1652,8
7611,6048,1652,1
7612,6048,1687,24
7613,6049,1548,61
7614,6049,1583,1
7615,6050,1583,48
7616,6051,1583,41
7617,6052,1583,39
7618,6053,1619,91
7619,6054,1619,46
7620,6054,1654,14
7621,6055,1654,28
7622,6056,1654,45
7623,6057,1620,22
7624,6057,1655,33
7625,6058,1655,45
7626,6059,1655,25
7627,6060,1655,47
7628,6061,1621,92
7629,6062,1621,49
7630,6062,1656,14
7631,6063,1656,40
7632,6064,1656,41
7633,6065,1657,36
7634,6066,1657,26
7635,6067,1657,12
7636,6068,1657,3
7637,6068,1692,16
7638,6069,1658,31
7639,6070,1658,14
7640,6071,1658,15
7641,6072,1658,35
7642,6072,1693,10
7643,6073,1589,34
7644,6073,1624,23
7645,6074,1624,54
7646,6075,1624,16
7647,6076,1624,35
7648,6077,1555,23
7649,6078,1555,31
7650,6079,1555,21
7651,6079,1590,9
7652,6080,1590,66
7653,6081,1661,65
7654,6082,1661,37
7655,6083,1661,30
7656,6084,1661,30
7657,6084,1696,9
7658,6085,1627,104
7659,6086,1627,25
7660,6087,1627,28
7661,6088,1627,43
7662,6089,1593,44
7663,6090,1593,39
7664,6091,1593,11
7665,6092,1593,31
7666,6092,1628,7
7667,6093,1629,56
7668,6094,1629,44
7669,6095,1629,2
7670,6095,1664,45
7671,6096,1664,42
7672,6097,1595,37
7673,6098,1595,27
7674,6099,1595,25
7675,6100,1595,38
7676,6101,1631,43
7677,6102,1631,48
7678,6103,1631,47
7679,6104,1631,44
7680,6105,1597,47
7681,6106,1597,32
7682,6107,1597,50
7683,6108,1597,15
7684,6108,1632,29
7685,6109,1668,73
7686,6110,1668,23
7687,6111,1668,15
7688,6112,1668,25
7689,6113,1529,45
7690,6113,1564,24
7691,6114,1564,51
7692,6115,1564,59
7693,6116,1564,33
7694,6117,1635,8
7695,6117,1670,43
7696,6118,1670,31
7697,6119,1670,40
7698,6120,1670,32
7699,6121,1636,38
7700,6122,1636,26
7701,6123,1636,42
7702,6124,1636,30
7703,6125,1602,63
7704,6126,1602,43
7705,6126,1637,17
7706,6127,1637,40
7707,6128,1637,22
7708,6129,1673,48
7709,6130,1673,26
7710,6131,1673,43
7711,6132,1673,25
7712,6133,1604,10
7713,6133,1639,67
7714,6134,1639,12
7715,6135,1639,11
7716,6136,1639,38
7717,6137,1640,32
7718,6138,1640,11
7719,6138,1675,27
7720,6139,1675,30
7721,6140,1675,47
7722,6141,1641,42
7723,6141,1676,36
7724,6142,1676,16
7725,6143,1676,21
7726,6144,1676,29
7727,6145,1537,8
7728,6145,1572,29
7729,6146,1572,31
7730,6147,1572,44
7731,6148,1572,36
7732,6149,1608,46
7733,6150,1608,33
7734,6151,1608,26
7735,6151,1643,16
7736,6152,1643,19
7737,6153,1539,20
7738,6154,1539,7
7739,6154,1574,9
7740,6155,1574,23
7741,6156,1574,26
7742,6157,1680,46
7743,6158,1680,35
7744,6159,1680,5
7745,6159,1715,17
7746,6160,1715,52
7747,6161,1611,13
7748,6161,1646,17
7749,6162,1646,38
7750,6163,1646,17
7751,6164,1646,42
7752,6165,1577,7
7753,6165,1612,62
7754,6166,1612,39
7755,6167,1612,18
7756,6168,1612,36
7757,6169,1543,51
7758,6170,1543,41
7759,6170,1578,5
7760,6171,1578,35
7761,6172,1578,23
7762,6173,1614,40
7763,6173,1649,4
7764,6174,1649,29
7765,6175,1649,25
7766,6176,1649,66
7767,6177,1720,15
7768,6177,1755,32
7769,6178,1755,27
7770,6179,1755,13
7771,6180,1755,31
7772,6181,1651,26
7773,6182,1651,35
7774,6183,1651,15
7775,6184,1651,6
7776,6184,1686,27
7777,6185,1687,74
7778,6186,1687,38
7779,6187,1687,20
7780,6187,1722,18
7781,6188,1722,51
7782,6189,1583,52
7783,6189,1618,41
7784,6190,1618,29
7785,6191,1618,10
7786,6192,1618,46
7787,6193,1654,35
7788,6194,1654,33
7789,6195,1654,22
7790,6196,1654,24
7791,6197,1655,22
7792,6198,1655,27
7793,6199,1655,10
7794,6199,1690,15
7795,6200,1690,38
7796,6201,1656,36
7797,6201,1691,10
7798,6202,1691,12
7799,6203,1691,14
7800,6204,1691,37
7801,6205,1692,61
7802,6206,1692,54
7803,6207,1692,20
7804,6208,1692,6
7805,6208,1727,44
7806,6209,1693,42
7807,6210,1693,29
7808,6211,1693,23
7809,6212,1693,55
7810,6213,1624,15
7811,6213,1659,63
7812,6214,1659,34
7813,6215,1659,19
7814,6216,1659,59
7815,6217,1590,68
7816,6218,1590,10
7817,6218,1625,21
7818,6219,1625,39
7819,6220,1625,60
7820,6221,1696,53
7821,6222,1696,20
7822,6223,1696,30
7823,6224,1696,44
7824,6225,1662,39
7825,6226,1662,34
7826,6227,1662,36
7827,6228,1662,17
7828,6228,1697,16
7829,6229,1628,57
7830,6230,1628,53
7831,6231,1628,22
7832,6232,1628,29
7833,6232,1663,30
7834,6233,1664,60
7835,6234,1664,31
7836,6235,1664,35
7837,6235,1699,15
7838,6236,1699,39
7839,6237,1595,54
7840,6237,1630,16
7841,6238,1630,23
7842,6239,1630,20
7843,6240,1630,69
7844,6241,1631,18
7845,6241,1666,66
7846,6242,1666,53
7847,6243,1666,29
7848,6244,1666,47
7849,6245,1632,44
7850,6246,1632,52
7851,6247,1632,24
7852,6248,1632,2
7853,6248,1667,44
7854,6249,1668,29
7855,6249,1703,36
7856,6250,1703,46
7857,6251,1703,55
7858,6252,1703,53
7859,6253,1564,16
7860,6253,1599,47
7861,6254,1599,36
7862,6255,1599,35
7863,6256,1599,59
7864,6257,1705,44
7865,6258,1705,22
7866,6259,1705,42
7867,6260,1705,55
7868,6261,1636,33
7869,6262,1636,30
7870,6262,1671,17
7871,6263,1671,16
7872,6264,1671,57
7873,6265,1637,66
7874,6266,1637,17
7875,6267,1637,34
7876,6268,1637,4
7877,6268,1672,26
7878,6269,1673,26
7879,6269,1708,61
7880,6270,1708,68
7881,6271,1708,27
7882,6272,1708,8
7883,6272,1743,62
7884,6273,1639,16
7885,6273,1674,26
7886,6274,1674,23
7887,6275,1674,32
7888,6276,1674,60
7889,6277,1675,41
7890,6278,1675,45
7891,6279,1675,8
7892,6279,1710,23
7893,6280,1710,55
7894,6281,1676,45
7895,6282,1676,20
7896,6283,1676,37
7897,6284,1676,17
7898,6284,1711,4
7899,6285,1572,46
7900,6286,1572,42
7901,6287,1572,3
7902,6287,1607,38
7903,6288,1607,56
7904,6289,1643,76
7905,6290,1643,22
7906,6291,1643,25
7907,6291,1678,26
7908,6292,1678,35
7909,6293,1574,51
7910,6294,1574,45
7911,6295,1574,16
7912,6295,1609,21
7913,6296,1609,36
7914,6297,1715,49
7915,6298,1715,20
7916,6299,1715,26
7917,6300,1715,26
7918,6300,1750,16
7919,6301,1646,103
7920,6302,1646,44
7921,6302,1681,17
7922,6303,1681,40
7923,6304,1681,49
7924,6305,1612,19
7925,6305,1647,51
7926,6306,1647,25
7927,6307,1647,24
7928,6308,1647,67
7929,6309,1578,95
7930,6310,1578,40
7931,6311,1578,48
7932,6312,1578,12
7933,6312,1613,27
7934,6313,1649,43
7935,6313,1684,8
7936,6314,1684,21
7937,6315,1684,26
7938,6316,1684,53
7939,6317,1755,51
7940,6318,1755,59
7941,6319,1755,9
7942,6319,1790,16
7943,6320,1790,42
7944,6321,1686,50
7945,6322,1686,41
7946,6323,1686,45
7947,6324,1686,1
7948,6324,1721,28
7949,6325,1722,80
7950,6325,1757,14
7951,6326,1757,44
7952,6327,1757,26
7953,6328,1757,23
7954,6329,1618,36
7955,6330,1618,57
7956,6331,1618,2
7957,6331,1653,28
7958,6332,1653,38
7959,6333,1654,1
7960,6333,1689,77
7961,6334,1689,56
7962,6335,1689,37
7963,6336,1689,16
7964,6336,1724,38
7965,6337,1690,37
7966,6338,1690,33
7967,6339,1690,46
7968,6339,1725,26
7969,6340,1725,26
7970,6341,1691,60
7971,6342,1691,63
7972,6343,1691,3
7973,6343,1726,38
7974,6344,1726,37
7975,6345,1727,49
7976,6346,1727,84
7977,6347,1727,33
7978,6348,1727,26
7979,6348,1762,23
7980,6349,1693,32
7981,6349,1728,51
7982,6350,1728,70
7983,6351,1728,36
7984,6352,1728,27
7985,6353,1659,27
7986,6353,1694,28
7987,6354,1694,66
7988,6355,1694,29
7989,6356,1694,37
7990,6356,1729,21
7991,6357,1625,27
7992,6357,1660,34
7993,6358,1660,33
7994,6359,1660,40
7995,6359,1695,18
7996,6360,1695,57
7997,6361,1696,16
7998,6361,1731,51
7999,6362,1731,69
8000,6363,1731,60
8001,6364,1731,37
8002,6365,1697,41
8003,6366,1697,47
8004,6367,1697,39
8005,6368,1697,50
8006,6369,1663,68
8007,6370,1663,24
8008,6371,1663,29
8009,6372,1663,2
8010,6372,1698,59
8011,6373,1699,79
8012,6373,1734,30
8013,6374,1734,59
8014,6375,1734,31
8015,6376,1734,41
8016,6377,1630,77
8017,6377,1665,20
8018,6378,1665,29
8019,6379,1665,27
8020,6380,1665,46
8021,6381,1666,5
8022,6381,1701,71
8023,6382,1701,43
8024,6382,1736,1
8025,6383,1736,52
8026,6384,1736,62
8027,6385,1667,58
8028,6386,1667,41
8029,6387,1667,32
8030,6388,1667,9
8031,6388,1702,46
8032,6389,1703,1
8033,6389,1738,52
8034,6390,1738,30
8035,6391,1738,49
8036,6392,1738,29
8037,6393,1599,3
8038,6393,1634,96
8039,6394,1634,21
8040,6395,1634,19
8041,6396,1634,19
8042,6396,1669,25
8043,6397,1705,61
8044,6397,1740,21
8045,6398,1740,82
8046,6399,1740,26
8047,6400,1740,44
8048,6401,1671,40
8049,6401,1706,6
8050,6402,1706,56
8051,6403,1706,32
8052,6404,1706,71
8053,6404,1741,23
8054,6405,1672,37
8055,6406,1672,29
8056,6407,1672,24
8057,6407,1707,24
8058,6408,1707,113
8059,6409,1743,96
8060,6410,1743,26
8061,6411,1778,42
8062,6412,1778,72
8063,6413,1674,43
8064,6413,1709,36
8065,6414,1709,26
8066,6415,1709,52
8067,6416,1709,41
8068,6416,1744,8
8069,6417,1710,48
8070,6418,1710,54
8071,6419,1710,36
8072,6419,1745,5
8073,6420,1745,86
8074,6421,1711,52
8075,6422,1711,34
8076,6423,1711,21
8077,6424,1711,40
8078,6424,1746,10
8079,6425,1607,26
8080,6426,1607,29
8081,6427,1607,26
8082,6427,1642,29
8083,6428,1642,50
8084,6429,1678,80
8085,6430,1678,14
8086,6430,1713,1
8087,6431,1713,59
8088,6432,1713,69
8089,6433,1609,76
8090,6434,1609,40
8091,6435,1609,61
8092,6436,1609,19
8093,6436,1644,29
8094,6437,1750,75
8095,6438,1750,15
8096,6439,1750,30
8097,6439,1785,11
8098,6440,1785,52
8099,6441,1681,97
8100,6441,1716,27
8101,6442,1716,85
8102,6443,1716,85
8103,6444,1716,26
8104,6444,1751,29
8105,6445,1647,18
8106,6445,1682,68
8107,6446,1682,62
8108,6447,1682,64
8109,6447,1717,10
8110,6448,1717,66
8111,6449,1613,80
8112,6450,1613,24
8113,6450,1648,78
8114,6451,1648,24
8115,6452,1648,120
8116,6453,1684,42
8117,6454,1684,31
8118,6455,1684,29
8119,6455,1719,11
8120,6456,1719,46
8121,6457,1790,172
8122,6458,1790,8
8123,6458,1825,23
8124,6459,1825,35
8125,6460,1825,39
8126,6461,1721,77
8127,6462,1721,62
8128,6462,1756,9
8129,6463,1756,45
8130,6464,1756,74
8131,6465,1757,62
8132,6466,1757,32
8133,6467,1757,34
8134,6467,1792,40
8135,6468,1792,82
8136,6469,1653,63
8137,6470,1653,86
8138,6470,1688,14
8139,6471,1688,48
8140,6472,1688,54
8141,6473,1724,82
8142,6474,1724,43
8143,6475,1724,12
8144,6475,1759,29
8145,6476,1759,89
8146,6477,1725,75
8147,6478,1725,33
8148,6479,1725,28
8149,6479,1760,25
8150,6480,1760,50
8151,6481,1726,64
8152,6482,1726,30
8153,6483,1726,16
8154,6483,1761,12
8155,6484,1761,68
8156,6485,1762,60
8157,6486,1762,73
8158,6487,1762,26
8159,6487,1797,16
8160,6488,1797,45
8161,6489,1728,41
8162,6489,1763,39
8163,6490,1763,75
8164,6491,1763,24
8165,6492,1763,30
8166,6492,1798,13
8167,6493,1729,80
8168,6494,1729,69
8169,6495,1729,44
8170,6495,1764,47
8171,6496,1764,77
8172,6497,1695,138
8173,6498,1695,8
8174,6498,1730,40
8175,6499,1730,30
8176,6500,1730,63
8177,6501,1731,16
8178,6501,1766,74
8179,6502,1766,49
8180,6503,1766,95
8181,6504,1766,47
8182,6504,1801,80
8183,6505,1697,42
8184,6505,1732,53
8185,6506,1732,40
8186,6507,1732,23
8187,6508,1732,67
8188,6509,1698,80
8189,6509,1733,30
8190,6510,1733,84
8191,6511,1733,66
8192,6512,1733,12
8193,6512,1768,115
8194,6513,1734,3
8195,6513,1769,58
8196,6514,1769,46
8197,6515,1769,32
8198,6516,1769,38
8199,6517,1665,47
8200,6517,1700,72
8201,6518,1700,60
8202,6519,1700,9
8203,6519,1735,32
8204,6520,1735,69
8205,6521,1736,11
8206,6521,1771,54
8207,6522,1771,52
8208,6523,1771,69
8209,6524,1771,34
8210,6524,1806,1
8211,6525,1702,68
8212,6526,1702,58
8213,6527,1702,28
8214,6527,1737,35
8215,6528,1737,54
8216,6529,1738,6
8217,6529,1773,84
8218,6530,1773,22
8219,6531,1773,62
8220,6532,1773,27
8221,6533,1669,68
8222,6534,1669,29
8223,6535,1669,50
8224,6535,1704,6
8225,6536,1704,95
8226,6537,1740,84
8227,6537,1775,26
8228,6538,1775,90
8229,6539,1775,57
8230,6540,1775,40
8231,6540,1810,19
8232,6541,1741,62
8233,6542,1741,67
8234,6543,1741,22
8235,6543,1776,41
8236,6544,1776,59
8237,6545,1707,73
8238,6546,1707,14
8239,6546,1742,74
8240,6547,1742,15
8241,6548,1742,88
8242,6548,1777,7
8243,6549,1778,101
8244,6550,1778,31
8245,6551,1778,6
8246,6551,1813,46
8247,6552,1813,48
8248,6553,1744,69
8249,6554,1744,73
8250,6555,1744,3
8251,6555,1779,52
8252,6556,1779,47
8253,6557,1745,75
8254,6558,1745,55
8255,6559,1745,7
8256,6559,1780,66
8257,6560,1780,52
8258,6561,1746,74
8259,6562,1746,39
8260,6563,1746,45
8261,6563,1781,11
8262,6564,1781,95
8263,6565,1642,69
8264,6566,1642,46
8265,6566,1677,49
8266,6567,1677,65
8267,6568,1677,61
8268,6568,1712,28
8269,6569,1713,3
8270,6569,1748,85
8271,6570,1748,19
8272,6570,1783,44
8273,6571,1783,16
8274,6572,1783,52
8275,6573,1644,41
8276,6574,1644,47
8277,6575,1644,45
8278,6576,1644,32
8279,6577,1785,118
8280,6578,1785,24
8281,6578,1820,93
8282,6579,1820,78
8283,6580,1820,80
8284,6580,1855,35
8285,6581,1751,69
8286,6582,1751,56
8287,6583,1751,1
8288,6583,1786,29
8289,6584,1786,90
8290,6585,1717,24
8291,6586,1717,56
8292,6586,1752,2
8293,6587,1752,26
8294,6588,1752,86
8295,6589,1648,26
8296,6589,1683,31
8297,6590,1683,39
8298,6591,1683,47
8299,6592,1683,41
8300,6593,1719,56
8301,6594,1719,49
8302,6595,1719,49
8303,6595,1754,13
8304,6596,1754,59
8305,6597,1825,118
8306,6597,1860,4
8307,6598,1860,43
8308,6599,1860,20
8309,6600,1860,69
8310,6601,1756,40
8311,6601,1791,100
8312,6602,1791,34
8313,6603,1791,25
8314,6604,1791,5
8315,6604,1826,12
8316,6605,1792,39
8317,6606,1792,37
8318,6607,1792,24
8319,6607,1827,41
8320,6608,1827,71
8321,6609,1688,31
8322,6610,1688,58
8323,6611,1688,11
8324,6612,1688,2
8325,6612,1723,66
8326,6613,1759,43
8327,6614,1759,53
8328,6615,1759,5
8329,6615,1794,14
8330,6616,1794,60
8331,6617,1760,123
8332,6618,1760,8
8333,6618,1795,54
8334,6619,1795,84
8335,6620,1795,33
8336,6621,1761,104
8337,6622,1761,31
8338,6623,1761,13
8339,6623,1796,37
8340,6624,1796,49
8341,6625,1797,50
8342,6626,1797,27
8343,6626,1832,41
8344,6627,1832,86
8345,6628,1832,43
8346,6629,1798,60
8347,6630,1798,46
8348,6631,1798,31
8349,6632,1798,53
8350,6633,1764,77
8351,6634,1764,56
8352,6635,1764,32
8353,6636,1764,15
8354,6636,1799,51
8355,6637,1730,60
8356,6637,1765,8
8357,6638,1765,99
8358,6639,1765,60
8359,6640,1765,45
8360,6641,1801,61
8361,6642,1801,43
8362,6643,1801,5
8363,6643,1836,44
8364,6644,1836,76
8365,6645,1732,28
8366,6645,1767,54
8367,6646,1767,15
8368,6647,1767,35
8369,6648,1767,94
8370,6649,1768,71
8371,6650,1768,23
8372,6650,1803,47
8373,6651,1803,25
8374,6652,1803,81
8375,6653,1769,87
8376,6654,1769,5
8377,6654,1804,31
8378,6655,1804,39
8379,6656,1804,49
8380,6657,1735,55
8381,6658,1735,52
8382,6659,1735,5
8383,6659,1770,55
8384,6660,1770,92
8385,6661,1806,85
8386,6662,1806,52
8387,6663,1806,26
8388,6664,1806,7
8389,6664,1841,69
8390,6665,1737,61
8391,6665,1772,12
8392,6666,1772,40
8393,6667,1772,38
8394,6668,1772,41
8395,6669,1773,43
8396,6670,1773,18
8397,6670,1808,51
8398,6671,1808,39
8399,6672,1808,75
8400,6673,1704,38
8401,6673,1739,59
8402,6674,1739,45
8403,6675,1739,53
8404,6676,1739,40
8405,6677,1810,118
8406,6678,1810,61
8407,6678,1845,12
8408,6679,1845,24
8409,6680,1845,110
8410,6681,1776,61
8411,6682,1776,65
8412,6683,1811,34
8413,6684,1811,57
8414,6685,1777,65
8415,6686,1777,54
8416,6687,1777,55
8417,6688,1777,71
8418,6689,1813,42
8419,6690,1813,85
8420,6691,1813,63
8421,6692,1813,46
8422,6693,1779,43
8423,6693,1814,31
8424,6694,1814,66
8425,6695,1814,24
8426,6696,1814,88
8427,6696,1849,26
8428,6697,1780,70
8429,6698,1780,77
8430,6699,1780,22
8431,6699,1815,16
8432,6700,1815,49
8433,6701,1781,51
8434,6702,1781,36
8435,6703,1781,46
8436,6704,1781,10
8437,6704,1816,80
8438,6705,1712,118
8439,6706,1712,14
8440,6706,1747,55
8441,6707,1747,56
8442,6708,1747,56
8443,6708,1782,65
8444,6709,1783,42
8445,6710,1783,62
8446,6711,1783,33
8447,6711,1818,46
8448,6712,1818,44
8449,6713,1644,26
8450,6714,1644,16
8451,6714,1679,54
8452,6715,1679,54
8453,6716,1679,69
8454,6717,1855,65
8455,6718,1855,74
8456,6719,1855,25
8457,6720,1855,23
8458,6720,1890,5
8459,6721,1786,35
8460,6721,1821,20
8461,6722,1821,12
8462,6723,1821,19
8463,6724,1821,29
8464,6725,1752,43
8465,6726,1752,22
8466,6727,1752,19
8467,6727,1787,11
8468,6728,1787,20
8469,6729,1683,10
8470,6729,1718,6
8471,6730,1718,18
8472,6731,1718,22
8473,6732,1718,56
8474,6733,1754,16
8475,6734,1754,38
8476,6735,1754,18
8477,6736,1754,22
8478,6737,1860,39
8479,6738,1860,6
8480,6738,1895,10
8481,6739,1895,18
8482,6740,1895,23
8483,6741,1826,60
8484,6742,1826,24
8485,6743,1826,15
8486,6744,1826,23
8487,6745,1827,36
8488,6746,1827,31
8489,6747,1827,21
8490,6748,1827,4
8491,6748,1862,17
8492,6749,1723,47
8493,6750,1723,18
8494,6751,1723,18
8495,6752,1723,25
8496,6752,1758,3
8497,6753,1794,35
8498,6754,1794,9
8499,6755,1794,17
8500,6756,1794,16
8501,6757,1795,42
8502,6758,1795,22
8503,6759,1795,7
8504,6759,1830,2
8505,6760,1830,12
8506,6761,1796,28
8507,6762,1796,24
8508,6763,1796,42
8509,6764,1796,40
8510,6765,1832,34
8511,6766,1832,19
8512,6766,1867,18
8513,6767,1867,20
8514,6768,1867,26
8515,6769,1798,20
8516,6769,1833,14
8517,6770,1833,25
8518,6771,1833,19
8519,6772,1833,40
8520,6773,1799,37
8521,6774,1799,37
8522,6775,1799,27
8523,6776,1799,23
8524,6777,1765,37
8525,6778,1765,32
8526,6778,1800,3
8527,6779,1800,17
8528,6780,1800,31
8529,6781,1836,58
8530,6782,1836,30
8531,6783,1836,25
8532,6783,1871,28
8533,6784,1871,22
8534,6785,1767,61
8535,6786,1767,5
8536,6786,1802,19
8537,6787,1802,34
8538,6788,1802,57
8539,6789,1803,25
8540,6790,1803,49
8541,6791,1803,26
8542,6791,1838,7
8543,6792,1838,24
8544,6793,1804,41
8545,6794,1804,41
8546,6795,1804,35
8547,6796,1804,29
8548,6797,1770,14
8549,6797,1805,35
8550,6798,1805,27
8551,6799,1805,29
8552,6800,1805,51
8553,6801,1841,43
8554,6802,1841,29
8555,6803,1841,28
8556,6804,1841,30
8557,6805,1772,38
8558,6806,1772,24
8559,6807,1772,18
8560,6808,1772,35
8561,6808,1807,17
8562,6809,1808,48
8563,6810,1808,30
8564,6811,1808,7
8565,6811,1843,21
8566,6812,1843,49
8567,6813,1739,23
8568,6813,1774,25
8569,6814,1774,20
8570,6815,1774,30
8571,6816,1774,24
8572,6817,1845,21
8573,6818,1845,15
8574,6819,1845,12
8575,6820,1845,38
8576,6820,1880,6
8577,6821,1811,64
8578,6822,1811,36
8579,6823,1811,19
8580,6824,1811,3
8581,6824,1846,23
8582,6825,1777,22
8583,6825,1812,23
8584,6826,1812,46
8585,6827,1812,27
8586,6828,1812,49
8587,6829,1813,9
8588,6829,1848,43
8589,6830,1848,35
8590,6831,1848,22
8591,6832,1848,16
8592,6833,1849,35
8593,6834,1849,11
8594,6835,1849,17
8595,6836,1849,30
8596,6837,1815,57
8597,6838,1815,28
8598,6839,1815,33
8599,6840,1815,36
8600,6841,1816,68
8601,6842,1816,41
8602,6842,1851,1
8603,6843,1851,31
8604,6844,1851,34
8605,6845,1782,40
8606,6846,1782,13
8607,6847,1782,18
8608,6848,1782,38
8609,6849,1818,58
8610,6850,1818,36
8611,6851,1818,20
8612,6852,1818,27
8613,6853,1679,13
8614,6853,1714,27
8615,6854,1714,35
8616,6855,1714,23
8617,6856,1714,21
8618,6857,1890,22
8619,6858,1890,18
8620,6859,1890,17
8621,6860,1890,47
8622,6861,1821,43
8623,6862,1821,40
8624,6863,1821,18
8625,6864,1821,2
8626,6864,1856,45
8627,6865,1787,27
8628,6866,1787,24
8629,6867,1787,31
8630,6868,1787,19
8631,6869,1718,27
8632,6870,1718,15
8633,6871,1718,16
8634,6872,1718,29
8635,6872,1753,10
8636,6873,1754,44
8637,6874,1754,42
8638,6875,1754,17
8639,6875,1789,7
8640,6876,1789,34
8641,6877,1895,18
8642,6878,1895,38
8643,6879,1895,17
8644,6880,1895,24
8645,6881,1826,57
8646,6882,1826,18
8647,6883,1826,12
8648,6884,1826,38
8649,6884,1861,27
8650,6885,1862,38
8651,6886,1862,19
8652,6887,1862,23
8653,6888,1862,48
8654,6889,1758,14
8655,6890,1758,17
8656,6891,1758,24
8657,6892,1758,56
8658,6893,1794,40
8659,6894,1794,26
8660,6895,1794,17
8661,6896,1794,12
8662,6896,1829,31
8663,6897,1830,39
8664,6898,1830,22
8665,6899,1830,19
8666,6900,1830,33
8667,6901,1796,3
8668,6901,1831,46
8669,6902,1831,30
8670,6903,1831,27
8671,6904,1831,24
8672,6905,1867,76
8673,6906,1867,47
8674,6907,1867,23
8675,6908,1867,12
8676,6908,1902,16
8677,6909,1833,44
8678,6910,1833,14
8679,6911,1833,36
8680,6912,1833,56
8681,6913,1799,44
8682,6914,1799,30
8683,6914,1834,4
8684,6915,1834,23
8685,6916,1834,19
8686,6917,1800,52
8687,6918,1800,27
8688,6919,1800,16
8689,6920,1800,16
8690,6921,1871,26
8691,6922,1871,14
8692,6923,1871,12
8693,6924,1871,45
8694,6925,1802,70
8695,6926,1802,45
8696,6927,1802,1
8697,6927,1837,32
8698,6928,1837,49
8699,6929,1838,46
8700,6930,1838,30
8701,6931,1838,9
8702,6932,1838,24
8703,6933,1804,41
8704,6934,1804,14
8705,6934,1839,35
8706,6935,1839,13
8707,6936,1839,29
8708,6937,1805,35
8709,6938,1805,21
8710,6939,1805,24
8711,6940,1805,35
8712,6941,1841,53
8713,6941,1876,10
8714,6942,1876,21
8715,6943,1876,19
8716,6944,1876,22
8717,6945,1807,38
8718,6946,1807,45
8719,6947,1807,24
8720,6948,1807,44
8721,6949,1843,64
8722,6950,1843,23
8723,6951,1843,41
8724,6952,1843,22
8725,6953,1774,43
8726,6954,1774,25
8727,6955,1774,17
8728,6956,1774,5
8729,6956,1809,23
8730,6957,1880,24
8731,6958,1880,11
8732,6959,1880,10
8733,6960,1880,45
8734,6961,1846,31
8735,6962,1846,28
8736,6963,1846,28
8737,6964,1846,56
8738,6965,1812,54
8739,6966,1812,38
8740,6966,1847,2
8741,6967,1847,23
8742,6968,1847,24
8743,6969,1848,54
8744,6970,1848,4
8745,6970,1883,17
8746,6971,1883,38
8747,6972,1883,26
8748,6973,1849,48
8749,6974,1849,32
8750,6975,1849,15
8751,6975,1884,2
8752,6976,1884,21
8753,6977,1815,31
8754,6977,1850,16
8755,6978,1850,33
8756,6979,1850,21
8757,6980,1850,49
8758,6981,1851,46
8759,6982,1851,22
8760,6983,1851,40
8761,6984,1851,25
8762,6985,1782,19
8763,6986,1782,25
8764,6986,1817,21
8765,6987,1817,17
8766,6988,1817,28
8767,6989,1818,34
8768,6989,1853,23
8769,6990,1853,35
8770,6991,1853,20
8771,6992,1853,44
8772,6993,1714,30
8773,6994,1714,19
8774,6995,1714,28
8775,6996,1714,19
8776,6997,1890,27
8777,6998,1890,18
8778,6999,1890,21
8779,6999,1925,9
8780,7000,1925,23
8781,7001,1856,27
8782,7002,1856,44
8783,7003,1856,27
8784,7004,1856,33
8785,7005,1787,33
8786,7006,1787,35
8787,7007,1787,6
8788,7007,1822,55
8789,7008,1822,28
8790,7009,1753,52
8791,7010,1753,46
8792,7011,1753,19
8793,7012,1753,30
8794,7013,1789,40
8795,7014,1789,39
8796,7015,1789,10
8797,7016,1789,23
8798,7017,1895,57
8799,7018,1895,7
8800,7018,1930,23
8801,7019,1930,22
8802,7020,1930,43
8803,7021,1861,28
8804,7022,1861,23
8805,7023,1861,29
8806,7024,1861,22
8807,7025,1862,43
8808,7026,1862,27
8809,7027,1862,10
8810,7027,1897,23
8811,7028,1897,25
8812,7029,1758,32
8813,7030,1758,48
8814,7031,1758,16
8815,7032,1758,33
8816,7032,1793,6
8817,7033,1829,47
8818,7034,1829,53
8819,7035,1829,25
8820,7036,1829,13
8821,7037,1830,44
8822,7038,1830,29
8823,7039,1830,19
8824,7040,1830,6
8825,7040,1865,47
8826,7041,1831,38
8827,7041,1866,21
8828,7042,1866,39
8829,7043,1866,32
8830,7044,1866,6
8831,7045,1902,36
8832,7046,1902,23
8833,7047,1902,16
8834,7048,1902,53
8835,7049,1833,10
8836,7049,1868,76
8837,7050,1868,47
8838,7051,1868,17
8839,7052,1868,8
8840,7052,1903,13
8841,7053,1834,34
8842,7054,1834,26
8843,7055,1834,20
8844,7056,1834,26
8845,7057,1800,61
8846,7057,1835,6
8847,7058,1835,45
8848,7059,1835,18
8849,7060,1835,53
8850,7061,1871,33
8851,7062,1871,10
8852,7062,1906,15
8853,7063,1906,24
8854,7064,1906,34
8855,7065,1837,35
8856,7066,1837,24
8857,7067,1837,5
8858,7068,1837,28
8859,7069,1838,33
8860,7070,1838,22
8861,7071,1838,17
8862,7072,1838,10
8863,7072,1873,14
8864,7073,1839,56
8865,7074,1839,21
8866,7075,1839,36
8867,7076,1839,25
8868,7077,1805,17
8869,7078,1805,13
8870,7078,1840,20
8871,7079,1840,18
8872,7080,1840,66
8873,7081,1876,26
8874,7082,1876,41
8875,7083,1876,34
8876,7084,1876,35
8877,7085,1807,62
8878,7085,1842,17
8879,7086,1842,35
8880,7087,1842,14
8881,7088,1842,23
8882,7089,1843,15
8883,7089,1878,20
8884,7090,1878,20
8885,7091,1878,24
8886,7092,1878,56
8887,7093,1809,73
8888,7094,1809,23
8889,7095,1809,19
8890,7096,1809,49
8891,7097,1880,66
8892,7098,1880,42
8893,7099,1880,14
8894,7100,1880,43
8895,7100,1915,38
8896,7101,1846,50
8897,7102,1846,19
8898,7102,1881,15
8899,7103,1881,19
8900,7104,1881,30
8901,7105,1847,27
8902,7106,1847,28
8903,7107,1847,22
8904,7108,1847,50
8905,7109,1883,44
8906,7110,1883,40
8907,7111,1883,19
8908,7112,1883,20
8909,7112,1918,35
8910,7113,1884,61
8911,7114,1884,52
8912,7115,1884,42
8913,7115,1919,7
8914,7116,1919,53
8915,7117,1850,56
8916,7117,1885,22
8917,7118,1885,42
8918,7119,1885,15
8919,7120,1885,46
8920,7121,1851,3
8921,7121,1886,63
8922,7122,1886,60
8923,7123,1886,36
8924,7124,1886,66
8925,7125,1817,50
8926,7126,1817,10
8927,7127,1817,26
8928,7128,1817,50
8929,7129,1853,36
8930,7130,1853,33
8931,7131,1853,49
8932,7132,1853,32
8933,7133,1714,29
8934,7133,1749,21
8935,7134,1749,62
8936,7135,1749,24
8937,7136,1749,28
8938,7137,1925,37
8939,7138,1925,45
8940,7139,1925,11
8941,7140,1925,28
8942,7141,1856,49
8943,7142,1856,8
8944,7142,1891,50
8945,7143,1891,38
8946,7144,1891,31
8947,7145,1822,55
8948,7146,1822,41
8949,7147,1822,39
8950,7148,1822,25
8951,7149,1753,71
8952,7150,1753,32
8953,7151,1753,38
8954,7152,1753,1
8955,7152,1788,57
8956,7153,1789,28
8957,7154,1789,35
8958,7154,1824,30
8959,7155,1824,17
8960,7156,1824,52
8961,7157,1930,57
8962,7158,1930,41
8963,7159,1930,28
8964,7160,1930,45
8965,7161,1861,59
8966,7162,1861,17
8967,7162,1896,17
8968,7163,1896,37
8969,7164,1896,49
8970,7165,1897,67
8971,7166,1897,44
8972,7167,1897,32
8973,7168,1897,45
8974,7169,1793,30
8975,7170,1793,45
8976,7171,1793,25
8977,7172,1793,51
8978,7172,1828,10
8979,7173,1829,30
8980,7174,1829,58
8981,7174,1864,8
8982,7175,1864,34
8983,7176,1864,57
8984,7177,1865,43
8985,7178,1865,43
8986,7179,1865,29
8987,7180,1865,30
8988,7181,1866,50
8989,7182,1866,34
8990,7183,1866,16
8991,7184,1866,57
8992,7185,1902,56
8993,7186,1902,5
8994,7186,1937,7
8995,7187,1937,17
8996,7188,1937,62
8997,7189,1903,55
8998,7190,1903,20
8999,7191,1903,33
9000,7192,1903,103
9001,7193,1834,27
9002,7194,1834,6
9003,7194,1869,35
9004,7195,1869,27
9005,7196,1869,35
9006,7197,1835,35
9007,7198,1835,33
9008,7199,1835,4
9009,7199,1870,37
9010,7200,1870,61
9011,7201,1906,50
9012,7202,1906,41
9013,7203,1906,8
9014,7203,1941,14
9015,7204,1941,61
9016,7205,1837,48
9017,7205,1872,19
9018,7206,1872,38
9019,7207,1872,38
9020,7208,1872,80
9021,7209,1873,46
9022,7210,1873,34
9023,7211,1873,14
9024,7212,1873,51
9025,7213,1839,24
9026,7213,1874,15
9027,7214,1874,44
9028,7215,1874,44
9029,7216,1874,40
9030,7217,1840,20
9031,7218,1840,29
9032,7219,1840,20
9033,7220,1840,49
9034,7221,1876,75
9035,7222,1876,4
9036,7222,1911,21
9037,7223,1911,23
9038,7224,1911,34
9039,7225,1842,77
9040,7225,1877,25
9041,7226,1877,12
9042,7227,1877,53
9043,7228,1877,33
9044,7229,1878,43
9045,7230,1878,55
9046,7231,1878,25
9047,7231,1913,24
9048,7232,1913,13
9049,7233,1809,31
9050,7234,1809,48
9051,7235,1844,8
9052,7236,1844,59
9053,7237,1915,46
9054,7238,1915,65
9055,7239,1915,31
9056,7240,1915,23
9057,7240,1950,8
9058,7241,1881,46
9059,7242,1881,21
9060,7243,1881,40
9061,7244,1881,41
9062,7245,1847,23
9063,7246,1847,13
9064,7246,1882,37
9065,7247,1882,51
9066,7248,1882,26
9067,7249,1918,90
9068,7250,1918,53
9069,7251,1918,22
9070,7251,1953,22
9071,7252,1953,55
9072,7253,1919,28
9073,7254,1919,50
9074,7255,1919,15
9075,7256,1919,37
9076,7257,1885,36
9077,7258,1885,33
9078,7259,1920,26
9079,7260,1920,27
9080,7261,1886,25
9081,7261,1921,34
9082,7262,1921,26
9083,7263,1921,41
9084,7264,1921,29
9085,7265,1817,19
9086,7265,1852,32
9087,7266,1852,75
9088,7267,1852,62
9089,7268,1852,21
9090,7269,1853,22
9091,7269,1888,17
9092,7270,1888,40
9093,7271,1888,32
9094,7272,1888,69
9095,7273,1749,35
9096,7273,1784,11
9097,7274,1784,20
9098,7275,1784,20
9099,7276,1784,61
9100,7277,1925,51
9101,7278,1925,13
9102,7278,1960,19
9103,7279,1960,28
9104,7280,1960,93
9105,7281,1891,44
9106,7282,1891,76
9107,7283,1891,43
9108,7284,1891,26
9109,7284,1926,37
9110,7285,1822,14
9111,7285,1857,58
9112,7286,1857,22
9113,7287,1857,25
9114,7288,1857,54
9115,7289,1788,53
9116,7290,1788,50
9117,7291,1788,20
9118,7292,1788,85
9119,7292,1823,1
9120,7293,1824,96
9121,7294,1824,10
9122,7294,1859,39
9123,7295,1859,43
9124,7296,1859,64
9125,7297,1930,49
9126,7297,1965,11
9127,7298,1965,71
9128,7299,1965,36
9129,7300,1965,64
9130,7301,1896,45
9131,7302,1896,13
9132,7303,1896,28
9133,7304,1896,44
9134,7305,1897,33
9135,7305,1932,62
9136,7306,1932,26
9137,7307,1932,41
9138,7308,1932,54
9139,7309,1828,80
9140,7310,1828,23
9141,7311,1828,31
9142,7312,1828,62
9143,7313,1864,40
9144,7314,1864,39
9145,7314,1899,45
9146,7315,1899,25
9147,7316,1899,40
9148,7317,1865,25
9149,7317,1900,84
9150,7318,1900,29
9151,7319,1900,37
9152,7320,1900,46
9153,7321,1866,40
9154,7321,1901,2
9155,7322,1901,58
9156,7323,1901,29
9157,7324,1901,86
9158,7325,1937,48
9159,7326,1937,35
9160,7327,1937,40
9161,7328,1937,65
9162,7329,1903,15
9163,7329,1938,57
9164,7330,1938,64
9165,7331,1938,24
9166,7332,1938,100
9167,7333,1869,82
9168,7334,1869,54
9169,7335,1869,10
9170,7335,1904,17
9171,7336,1904,47
9172,7337,1870,58
9173,7338,1870,37
9174,7339,1870,5
9175,7339,1905,49
9176,7340,1905,60
9177,7341,1941,77
9178,7342,1941,46
9179,7343,1941,34
9180,7344,1941,12
9181,7344,1976,42
9182,7345,1872,43
9183,7346,1872,33
9184,7346,1907,48
9185,7347,1907,59
9186,7348,1907,44
9187,7349,1873,32
9188,7349,1908,25
9189,7350,1908,26
9190,7351,1908,19
9191,7352,1908,54
9192,7353,1874,68
9193,7353,1909,5
9194,7354,1909,36
9195,7355,1909,25
9196,7356,1909,27
9197,7357,1840,33
9198,7357,1875,37
9199,7358,1875,52
9200,7359,1875,24
9201,7360,1875,47
9202,7361,1911,49
9203,7362,1911,31
9204,7363,1911,27
9205,7364,1911,38
9206,7365,1877,62
9207,7366,1877,35
9208,7367,1877,7
9209,7367,1912,25
9210,7368,1912,76
9211,7369,1913,72
9212,7370,1913,60
9213,7371,1913,22
9214,7371,1948,9
9215,7372,1948,26
9216,7373,1844,65
9217,7374,1844,52
9218,7375,1844,17
9219,7376,1844,48
9220,7377,1950,53
9221,7378,1950,30
9222,7379,1950,51
9223,7380,1950,65
9224,7381,1881,16
9225,7381,1916,66
9226,7382,1916,59
9227,7383,1916,40
9228,7384,1916,32
9229,7385,1882,56
9230,7386,1882,59
9231,7387,1882,25
9232,7387,1917,13
9233,7388,1917,59
9234,7389,1953,49
9235,7390,1953,44
9236,7391,1953,25
9237,7392,1953,48
9238,7393,1919,33
9239,7393,1954,7
9240,7394,1954,17
9241,7395,1954,50
9242,7396,1954,81
9243,7397,1920,44
9244,7398,1920,40
9245,7399,1920,50
9246,7400,1920,39
9247,7400,1955,73
9248,7401,1921,43
9249,7402,1921,59
9250,7403,1921,22
9251,7403,1956,41
9252,7404,1956,52
9253,7405,1852,68
9254,7406,1852,26
9255,7406,1887,8
9256,7407,1887,19
9257,7408,1887,44
9258,7409,1888,51
9259,7410,1888,5
9260,7410,1923,35
9261,7411,1923,41
9262,7412,1923,25
9263,7413,1784,47
9264,7414,1784,39
9265,7415,1784,11
9266,7415,1819,30
9267,7416,1819,99
9268,7417,1960,64
9269,7418,1960,43
9270,7419,1960,39
9271,7420,1960,43
9272,7420,1995,7
9273,7421,1926,30
9274,7422,1926,35
9275,7423,1926,62
9276,7424,1926,55
9277,7425,1857,27
9278,7425,1892,35
9279,7426,1892,81
9280,7427,1892,54
9281,7428,1892,32
9282,7428,1927,38
9283,7429,1823,79
9284,7430,1823,44
9285,7431,1823,59
9286,7432,1823,25
9287,7432,1858,65
9288,7433,1859,15
9289,7433,1894,46
9290,7434,1894,56
9291,7435,1894,85
9292,7436,1894,43
9293,7437,1965,103
9294,7438,1965,51
9295,7439,1965,31
9296,7440,1965,16
9297,7440,2000,65
9298,7441,1896,16
9299,7441,1931,14
9300,7442,1931,38
9301,7443,1931,42
9302,7444,1931,80
9303,7445,1932,65
9304,7446,1932,67
9305,7447,1932,27
9306,7448,1932,83
9307,7449,1828,62
9308,7449,1863,15
9309,7450,1863,48
9310,7451,1863,70
9311,7452,1863,65
9312,7453,1899,69
9313,7454,1899,40
9314,7454,1934,10
9315,7455,1934,47
9316,7456,1934,109
9317,7457,1900,129
9318,7458,1900,3
9319,7458,1935,38
9320,7459,1935,32
9321,7460,1935,106
9322,7461,1901,9
9323,7461,1936,40
9324,7462,1936,41
9325,7463,1936,84
9326,7464,1936,54
9327,7465,1937,14
9328,7465,1972,125
9329,7466,1972,56
9330,7467,1972,41
9331,7468,1972,63
9332,7469,1938,101
9333,7469,1973,9
9334,7470,1973,84
9335,7471,1973,38
9336,7472,1973,38
9337,7473,1904,83
9338,7473,1939,1
9339,7474,1939,133
9340,7475,1939,39
9341,7476,1939,88
9342,7477,1905,58
9343,7478,1905,83
9344,7479,1905,3
9345,7479,1940,32
9346,7480,1940,72
9347,7481,1976,109
9348,7482,1976,85
9349,7483,1976,7
9350,7484,1976,64
9351,7485,1907,91
9352,7485,1942,38
9353,7486,1942,24
9354,7487,1942,40
9355,7488,1942,35
9356,7489,1908,91
9357,7490,1908,23
9358,7491,1908,1
9359,7491,1943,43
9360,7492,1943,44
9361,7493,1909,89
9362,7494,1909,43
9363,7495,1909,59
9364,7495,1944,16
9365,7496,1944,57
9366,7497,1875,57
9367,7497,1910,67
9368,7498,1910,79
9369,7499,1910,38
9370,7500,1910,33
9371,7500,1945,55
9372,7501,1911,9
9373,7501,1946,72
9374,7502,1946,49
9375,7503,1946,59
9376,7504,1946,35
9377,7505,1912,63
9378,7506,1912,26
9379,7506,1947,91
9380,7507,1947,52
9381,7508,1947,112
9382,7509,1948,61
9383,7510,1948,52
9384,7511,1948,39
9385,7512,1948,100
9386,7513,1844,2
9387,7513,1879,86
9388,7514,1879,52
9389,7515,1879,36
9390,7515,1914,39
9391,7516,1914,76
9392,7517,1950,87
9393,7518,1950,21
9394,7518,1985,57
9395,7519,1985,58
9396,7520,1985,60
9397,7521,1916,83
9398,7522,1916,37
9399,7522,1951,9
9400,7523,1951,43
9401,7524,1951,69
9402,7525,1917,128
9403,7526,1917,40
9404,7526,1952,52
9405,7527,1952,19
9406,7528,1952,36
9407,7529,1953,42
9408,7530,1953,57
9409,7531,1953,22
9410,7531,1988,21
9411,7532,1988,43
9412,7533,1954,73
9413,7534,1954,99
9414,7535,1954,24
9415,7535,1989,37
9416,7536,1989,90
9417,7537,1955,45
9418,7538,1955,50
9419,7539,1955,43
9420,7540,1955,61
9421,7541,1956,88
9422,7542,1956,74
9423,7543,1956,44
9424,7544,1956,106
9425,7545,1887,99
9426,7546,1887,73
9427,7547,1887,50
9428,7548,1887,30
9429,7548,1922,16
9430,7549,1923,63
9431,7550,1923,61
9432,7551,1923,38
9433,7551,1958,49
9434,7552,1958,106
9435,7553,1819,41
9436,7554,1819,34
9437,7555,1819,32
9438,7556,1819,32
9439,7556,1854,39
9440,7557,1995,76
9441,7558,1995,13
9442,7559,1995,29
9443,7560,1995,34
9444,7561,1926,81
9445,7561,1961,50
9446,7562,1961,76
9447,7563,1961,34
9448,7564,1961,11
9449,7565,1927,61
9450,7566,1927,54
9451,7567,1927,39
9452,7568,1927,70
9453,7569,1858,67
9454,7570,1858,20
9455,7570,1893,40
9456,7571,1893,43
9457,7572,1893,56
9458,7573,1894,10
9459,7573,1929,75
9460,7574,1929,124
9461,7575,1929,36
9462,7576,1929,57
9463,7577,2000,69
9464,7578,2000,41
9465,7579,2000,24
9466,7580,2000,94
9467,7581,1931,94
9468,7581,1966,8
9469,7582,1966,30
9470,7583,1966,29
9471,7584,1966,67
9472,7585,1932,20
9473,7585,1967,70
9474,7586,1967,49
9475,7587,1967,52
9476,7588,1967,47
9477,7589,1863,90
9478,7590,1863,18
9479,7590,1898,14
9480,7591,1898,31
9481,7592,1898,81
9482,7593,1934,104
9483,7594,1934,32
9484,7595,1934,45
9485,7596,1934,2
9486,7596,1969,76
9487,7597,1935,105
9488,7598,1935,54
9489,7599,1935,32
9490,7600,1935,9
9491,7600,1970,25
9492,7601,1936,81
9493,7602,1936,58
9494,7603,1936,38
9495,7603,1971,78
9496,7604,1971,50
9497,7605,1972,41
9498,7605,2007,70
9499,7606,2007,45
9500,7607,2007,47
9501,7608,2007,73
9502,7609,1973,55
9503,7610,1973,63
9504,7611,1973,31
9505,7611,2008,19
9506,7612,2008,52
9507,7613,1939,18
9508,7613,1974,43
9509,7614,1974,58
9510,7615,1974,30
9511,7616,1974,66
9512,7617,1940,120
9513,7618,1940,59
9514,7619,1940,31
9515,7620,1940,3
9516,7620,1975,64
9517,7621,1976,18
9518,7621,2011,59
9519,7622,2011,90
9520,7623,2011,42
9521,7624,2011,71
9522,7625,1942,66
9523,7626,1942,100
9524,7627,1942,71
9525,7627,1977,21
9526,7628,1977,85
9527,7629,1943,83
9528,7630,1943,54
9529,7631,1943,65
9530,7632,1943,60
9531,7633,1944,56
9532,7634,1944,91
9533,7635,1944,37
9534,7636,1944,95
9535,7637,1945,117
9536,7638,1945,60
9537,7639,1945,42
9538,7640,1945,75
9539,7640,1980,28
9540,7641,1946,73
9541,7642,1946,36
9542,7643,1946,1
9543,7643,1981,68
9544,7644,1981,107
9545,7645,1947,64
9546,7646,1947,48
9547,7646,1982,38
9548,7647,1982,24
9549,7648,1982,71
9550,7649,1948,89
9551,7650,1948,45
9552,7651,1948,4
9553,7651,1983,69
9554,7652,1983,81
9555,7653,1914,71
9556,7653,1949,31
9557,7654,1949,31
9558,7655,1949,37
9559,7656,1949,84
9560,7657,1985,66
9561,7658,1985,23
9562,7659,1985,43
9563,7660,1985,30
9564,7660,2020,55
9565,7661,1951,97
9566,7662,1951,59
9567,7663,1951,65
9568,7664,1951,91
9569,7665,1952,81
9570,7666,1952,39
9571,7667,1952,33
9572,7668,1952,54
9573,7669,1988,92
9574,7670,1988,32
9575,7671,1988,45
9576,7672,1988,52
9577,7673,1989,104
9578,7674,1989,35
9579,7675,1989,29
9580,7676,1989,46
9581,7677,1955,53
9582,7678,1955,24
9583,7678,1990,76
9584,7679,1990,22
9585,7680,1990,95
9586,7681,1956,56
9587,7681,1991,8
9588,7682,1991,21
9589,7683,1991,32
9590,7684,1991,37
9591,7685,1922,81
9592,7686,1922,60
9593,7687,1922,68
9594,7688,1922,33
9595,7688,1957,37
9596,7689,1958,70
9597,7690,1958,45
9598,7690,1993,24
9599,7691,1993,37
9600,7692,1993,63
9601,7693,1854,49
9602,7694,1854,31
9603,7695,1854,37
9604,7696,1854,48
9605,7697,1995,65
9606,7698,1995,38
9607,7698,2030,7
9608,7699,2030,26
9609,7700,2030,62
9610,7701,1961,17
9611,7702,1961,18
9612,7703,1961,36
9613,7704,1961,26
9614,7705,1927,34
9615,7706,1927,6
9616,7706,1962,20
9617,7707,1962,27
9618,7708,1962,44
9619,7709,1893,52
9620,7710,1893,17
9621,7711,1893,19
9622,7712,1893,44
9623,7713,1929,60
9624,7714,1929,22
9625,7715,1929,20
9626,7716,1929,27
9627,7717,2000,36
9628,7718,2000,29
9629,7719,2000,3
9630,7719,2035,20
9631,7720,2035,29
9632,7721,1966,43
9633,7722,1966,23
9634,7723,1966,18
9635,7724,1966,23
9636,7725,1967,29
9637,7726,1967,27
9638,7727,1967,9
9639,7728,1967,56
9640,7729,1898,35
9641,7730,1898,36
9642,7731,1898,27
9643,7732,1898,25
9644,7732,1933,2
9645,7733,1969,23
9646,7734,1969,18
9647,7735,1969,21
9648,7736,1969,20
9649,7737,1970,44
9650,7738,1970,15
9651,7739,1970,7
9652,7740,1970,21
9653,7741,1971,28
9654,7742,1971,41
9655,7743,1971,27
9656,7743,2006,7
9657,7744,2006,17
9658,7745,2007,57
9659,7746,2007,27
9660,7747,2007,6
9661,7748,2007,30
9662,7749,2008,17
9663,7750,2008,34
9664,7751,2008,9
9665,7752,2008,49
9666,7753,1974,30
9667,7754,1974,23
9668,7754,2009,9
9669,7755,2009,23
9670,7756,2009,17
9671,7757,1975,65
9672,7758,1975,42
9673,7759,1975,19
9674,7760,1975,38
9675,7761,2011,30
9676,7762,2011,25
9677,7763,2011,31
9678,7764,2011,28
9679,7765,1977,58
9680,7766,1977,37
9681,7767,1977,7
9682,7768,1977,35
9683,7769,1943,40
9684,7770,1943,28
9685,7771,1943,7
9686,7771,1978,16
9687,7772,1978,27
9688,7773,1944,8
9689,7773,1979,46
9690,7774,1979,33
9691,7775,1979,12
9692,7776,1979,48
9693,7777,1980,28
9694,7778,1980,52
9695,7779,1980,19
9696,7780,1980,48
9697,7781,1981,85
9698,7782,1981,38
9699,7783,1981,12
9700,7784,1981,38
9701,7785,1982,43
9702,7786,1982,20
9703,7787,1982,13
9704,7788,1982,44
9705,7789,1983,17
9706,7790,1983,20
9707,7791,1983,26
9708,7792,1983,22
9709,7793,1949,65
9710,7794,1949,41
9711,7795,1949,20
9712,7796,1949,12
9713,7796,1984,13
9714,7797,2020,33
9715,7798,2020,43
9716,7799,2020,11
9717,7800,2020,18
9718,7801,1951,24
9719,7801,1986,5
9720,7802,1986,32
9721,7803,1986,19
9722,7804,1986,28
9723,7805,1952,26
9724,7806,1952,35
9725,7806,1987,14
9726,7807,1987,38
9727,7808,1987,47
9728,7809,1988,40
9729,7809,2023,31
9730,7810,2023,22
9731,7811,2023,32
9732,7812,2023,30
9733,7813,1989,20
9734,7814,1989,16
9735,7815,1989,7
9736,7815,2024,19
9737,7816,2024,42
9738,7817,1990,44
9739,7818,1990,28
9740,7819,1990,50
9741,7820,1990,62
9742,7821,1991,79
9743,7822,1991,20
9744,7823,1991,15
9745,7824,1991,57
9746,7825,1957,20
9747,7826,1957,23
9748,7827,1957,40
9749,7828,1957,12
9750,7829,1993,34
9751,7830,1993,15
9752,7831,1993,19
9753,7832,1993,60
9754,7833,1854,30
9755,7834,1854,20
9756,7835,1854,8
9757,7835,1889,22
9758,7836,1889,34
9759,7837,2030,25
9760,7838,2030,23
9761,7839,2030,33
9762,7840,2030,51
9763,7841,1961,62
9764,7842,1961,19
9765,7843,1961,21
9766,7844,1961,29
9767,7845,1962,30
9768,7846,1962,16
9769,7847,1962,24
9770,7848,1962,30
9771,7849,1893,28
9772,7849,1928,10
9773,7850,1928,33
9774,7851,1928,26
9775,7852,1928,17
9776,7853,1929,1
9777,7853,1964,45
9778,7854,1964,15
9779,7855,1964,22
9780,7856,1964,42
9781,7857,2035,36
9782,7858,2035,21
9783,7859,2035,23
9784,7860,2035,52
9785,7861,1966,54
9786,7862,1966,28
9787,7863,1966,26
9788,7864,1966,19
9789,7864,2001,4
9790,7865,1967,3
9791,7865,2002,35
9792,7866,2002,14
9793,7867,2002,33
9794,7868,2002,33
9795,7869,1933,35
9796,7870,1933,9
9797,7871,1933,22
9798,7872,1933,35
9799,7873,1969,53
9800,7874,1969,23
9801,7875,1969,25
9802,7876,1969,52
9803,7877,1970,30
9804,7878,1970,10
9805,7879,1970,13
9806,7880,1970,33
9807,7881,2006,58
9808,7882,2006,18
9809,7883,2006,22
9810,7884,2006,33
9811,7885,2007,39
9812,7886,2007,36
9813,7887,2007,22
9814,7888,2007,19
9815,7889,2008,62
9816,7890,2008,33
9817,7891,2008,34
9818,7892,2008,27
9819,7893,2009,50
9820,7894,2009,37
9821,7895,2009,18
9822,7896,2009,22
9823,7897,1975,24
9824,7898,1975,21
9825,7899,1975,31
9826,7900,1975,26
9827,7901,2011,36
9828,7902,2011,24
9829,7903,2046,6
9830,7904,2046,24
9831,7905,1977,29
9832,7906,1977,41
9833,7907,1977,7
9834,7907,2012,7
9835,7908,2012,12
9836,7909,1978,43
9837,7910,1978,29
9838,7911,1978,15
9839,7912,1978,54
9840,7913,1979,24
9841,7914,1979,23
9842,7915,1979,27
9843,7916,1979,57
9844,7917,1980,80
9845,7918,1980,14
9846,7919,1980,15
9847,7920,1980,56
9848,7921,1981,56
9849,7922,1981,37
9850,7923,1981,22
9851,7923,2016,3
9852,7924,2016,14
9853,7925,1982,37
9854,7926,1982,28
9855,7927,1982,50
9856,7928,1982,24
9857,7929,1983,69
9858,7930,1983,55
9859,7931,1983,20
9860,7932,1983,9
9861,7932,2018,16
9862,7933,1984,39
9863,7934,1984,19
9864,7935,1984,10
9865,7936,1984,23
9866,7937,2020,51
9867,7938,2020,30
9868,7939,2020,25
9869,7939,2055,1
9870,7940,2055,33
9871,7941,1986,37
9872,7942,1986,12
9873,7943,1986,18
9874,7944,1986,24
9875,7945,1987,22
9876,7946,1987,25
9877,7947,1987,18
9878,7948,1987,9
9879,7949,2023,53
9880,7950,2023,21
9881,7951,2023,23
9882,7952,2023,43
9883,7953,2024,43
9884,7954,2024,36
9885,7955,2024,22
9886,7956,2024,22
9887,7957,1990,47
9888,7958,1990,12
9889,7958,2025,6
9890,7959,2025,36
9891,7960,2025,36
9892,7961,1991,25
9893,7962,1991,37
9894,7962,2026,4
9895,7963,2026,24
9896,7964,2026,33
9897,7965,1957,30
9898,7966,1957,21
9899,7967,1957,25
9900,7968,1957,38
9901,7969,1993,77
9902,7970,1993,19
9903,7971,1993,19
9904,7972,1993,13
9905,7972,2028,11
9906,7973,1889,46
9907,7974,1889,42
9908,7975,1889,26
9909,7976,1889,25
9910,7977,2030,30
9911,7978,2030,16
9912,7979,2030,21
9913,7980,2030,43
9914,7980,2065,33
9915,7981,1961,17
9916,7981,1996,36
9917,7982,1996,28
9918,7983,1996,30
9919,7984,1996,57
9920,7985,1962,54
9921,7986,1962,49
9922,7987,1962,54
9923,7988,1962,18
9924,7989,1928,44
9925,7990,1928,27
9926,7991,1928,29
9927,7992,1928,39
9928,7992,1963,2
9929,7993,1964,46
9930,7994,1964,23
9931,7995,1964,17
9932,7996,1964,80
9933,7997,2035,31
9934,7998,2035,37
9935,7999,2035,14
9936,8000,2035,22
9937,8001,2001,50
9938,8002,2001,40
9939,8003,2001,16
9940,8004,2001,40
9941,8005,2002,49
9942,8006,2002,18
9943,8007,2002,22
9944,8008,2002,79
9945,8009,1933,36
9946,8010,1933,26
9947,8011,1933,45
9948,8012,1933,21
9949,8013,1969,65
9950,8014,1969,13
9951,8014,2004,22
9952,8015,2004,19
9953,8016,2004,38
9954,8017,1970,14
9955,8018,1970,20
9956,8019,1970,22
9957,8020,1970,21
9958,8021,2006,70
9959,8022,2006,25
9960,8023,2006,41
9961,8024,2006,45
9962,8025,2007,7
9963,8025,2042,53
9964,8026,2042,37
9965,8027,2042,21
9966,8028,2042,24
9967,8029,2008,32
9968,8030,2008,21
9969,8031,2008,18
9970,8032,2008,52
9971,8032,2043,7
9972,8033,2009,53
9973,8034,2009,40
9974,8035,2009,4
9975,8035,2044,19
9976,8036,2044,32
9977,8037,1975,62
9978,8038,2010,14
9979,8039,2010,26
9980,8040,2010,28
9981,8041,2046,38
9982,8042,2046,39
9983,8043,2046,43
9984,8044,2046,104
9985,8045,2012,34
9986,8046,2012,57
9987,8047,2012,63
9988,8048,2012,36
9989,8049,1978,36
9990,8050,1978,24
9991,8051,1978,12
9992,8052,1978,29
9993,8053,1979,59
9994,8054,1979,25
9995,8055,1979,20
9996,8056,1979,26
9997,8057,1980,43
9998,8058,1980,9
9999,8058,2015,47
10000,8059,2015,29
10001,8060,2015,69
10002,8061,2016,69
10003,8062,2016,27
10004,8063,2016,47
10005,8064,2016,53
10006,8065,1982,34
10007,8066,1982,36
10008,8067,1982,18
10009,8068,1982,20
10010,8068,2017,8
10011,8069,2018,42
10012,8070,2018,29
10013,8071,2018,17
10014,8072,2018,62
10015,8073,1984,14
10016,8074,1984,26
10017,8075,1984,10
10018,8076,1984,57
10019,8077,2055,37
10020,8078,2055,24
10021,8079,2055,23
10022,8080,2055,53
10023,8081,1986,51
10024,8082,1986,41
10025,8083,1986,35
10026,8084,1986,9
10027,8084,2021,29
10028,8085,1987,44
10029,8086,1987,29
10030,8087,1987,11
10031,8088,1987,43
10032,8089,2023,91
10033,8090,2023,34
10034,8091,2023,38
10035,8092,2023,36
10036,8093,2024,49
10037,8094,2024,30
10038,8095,2024,23
10039,8096,2024,53
10040,8097,2025,65
10041,8098,2025,27
10042,8099,2025,36
10043,8100,2025,3
10044,8100,2060,73
10045,8101,2026,32
10046,8102,2026,40
10047,8103,2026,29
10048,8104,2026,57
10049,8105,1957,54
10050,8106,1957,6
10051,8106,1992,43
10052,8107,1992,21
10053,8108,1992,30
10054,8109,2028,40
10055,8110,2028,20
10056,8111,2028,28
10057,8112,2028,36
10058,8113,1889,65
10059,8114,1889,27
10060,8115,1889,12
10061,8115,1924,7
10062,8116,1924,28
10063,8117,2065,40
10064,8118,2065,19
10065,8119,2065,15
10066,8120,2065,17
10067,8121,1996,46
10068,8122,1996,50
10069,8123,1996,43
10070,8124,1996,41
10071,8125,1962,51
10072,8126,1962,32
10073,8127,1962,20
10074,8128,1962,34
10075,8129,1963,38
10076,8130,1963,28
10077,8131,1963,22
10078,8132,1963,59
10079,8133,1964,9
10080,8133,1999,40
10081,8134,1999,44
10082,8135,1999,42
10083,8136,1999,57
10084,8137,2035,27
10085,8138,2035,41
10086,8139,2035,44
10087,8140,2035,29
10088,8141,2001,51
10089,8142,2001,28
10090,8143,2001,31
10091,8144,2001,52
10092,8145,2002,37
10093,8146,2002,51
10094,8147,2002,16
10095,8147,2037,16
10096,8148,2037,42
10097,8149,1933,44
10098,8150,1933,34
10099,8151,1933,17
10100,8152,1933,62
10101,8152,1968,1
10102,8153,2004,44
10103,8154,2004,18
10104,8155,2004,32
10105,8156,2004,38
10106,8157,1970,37
10107,8158,1970,22
10108,8159,1970,2
10109,8159,2005,16
10110,8160,2005,26
10111,8161,2006,34
10112,8162,2006,32
10113,8163,2006,4
10114,8163,2041,10
10115,8164,2041,31
10116,8165,2042,48
10117,8166,2042,28
10118,8167,2042,28
10119,8168,2042,61
10120,8169,2043,58
10121,8170,2043,52
10122,8171,2043,21
10123,8172,2043,53
10124,8173,2044,50
10125,8174,2044,20
10126,8175,2044,38
10127,8176,2044,43
10128,8177,2010,64
10129,8178,2010,37
10130,8179,2010,12
10131,8180,2010,36
10132,8181,2046,66
10133,8182,2046,37
10134,8182,2081,10
10135,8183,2081,27
10136,8184,2081,30
10137,8185,2012,37
10138,8186,2012,68
10139,8187,2012,27
10140,8188,2012,6
10141,8189,1978,58
10142,8190,1978,19
10143,8191,1978,29
10144,8192,1978,22
10145,8193,1979,63
10146,8194,1979,41
10147,8195,1979,3
10148,8195,2014,24
10149,8196,2014,48
10150,8197,2015,25
10151,8198,2015,45
10152,8199,2015,22
10153,8200,2015,51
10154,8201,2016,47
10155,8202,2016,48
10156,8203,2016,35
10157,8204,2016,20
10158,8205,2017,50
10159,8206,2017,41
10160,8207,2017,33
10161,8208,2017,34
10162,8209,2018,55
10163,8210,2018,70
10164,8211,2018,12
10165,8211,2053,5
10166,8212,2053,14
10167,8213,1984,117
10168,8214,1984,26
10169,8215,1984,2
10170,8215,2019,13
10171,8216,2019,18
10172,8217,2055,57
10173,8218,2055,61
10174,8219,2055,17
10175,8219,2090,33
10176,8220,2090,38
10177,8221,2021,41
10178,8222,2021,26
10179,8223,2021,41
10180,8224,2021,34
10181,8225,1987,25
10182,8225,2022,11
10183,8226,2022,60
10184,8227,2022,30
10185,8228,2022,18
10186,8229,2023,35
10187,8229,2058,10
10188,8230,2058,59
10189,8231,2058,39
10190,8232,2058,42
10191,8233,2024,41
10192,8234,2024,20
10193,8234,2059,7
10194,8235,2059,66
10195,8236,2059,53
10196,8237,2060,48
10197,8238,2060,20
10198,8239,2060,38
10199,8240,2060,45
10200,8241,2026,61
10201,8242,2026,12
10202,8243,2026,70
10203,8244,2026,69
10204,8244,2061,6
10205,8245,1992,63
10206,8246,1992,15
10207,8247,1992,23
10208,8248,1992,36
10209,8249,2028,26
10210,8250,2028,35
10211,8251,2028,49
10212,8252,2028,66
10213,8253,1924,41
10214,8254,1924,49
10215,8255,1924,19
10216,8256,1924,45
10217,8257,2065,94
10218,8258,2065,23
10219,8259,2065,25
10220,8260,2065,42
10221,8261,1996,88
10222,8261,2031,1
10223,8262,2031,55
10224,8263,2031,39
10225,8264,2031,58
10226,8265,1962,14
10227,8265,1997,45
10228,8266,1997,46
10229,8267,1997,47
10230,8268,1997,51
10231,8269,1963,28
10232,8270,1963,60
10233,8271,1963,34
10234,8272,1963,77
10235,8273,1999,53
10236,8274,1999,57
10237,8275,1999,24
10238,8276,1999,44
10239,8277,2035,43
10240,8277,2070,25
10241,8278,2070,38
10242,8279,2070,25
10243,8280,2070,34
10244,8281,2001,70
10245,8281,2036,23
10246,8282,2036,31
10247,8283,2036,56
10248,8284,2036,50
10249,8285,2037,46
10250,8286,2037,72
10251,8287,2037,65
10252,8288,2037,63
10253,8289,1968,77
10254,8290,1968,59
10255,8291,1968,29
10256,8292,1968,75
10257,8293,2004,44
10258,8294,2004,43
10259,8295,2004,67
10260,8295,2039,9
10261,8296,2039,42
10262,8297,2005,122
10263,8298,2005,28
10264,8299,2005,21
10265,8300,2005,72
10266,8301,2041,82
10267,8302,2041,50
10268,8303,2041,65
10269,8304,2041,25
10270,8305,2042,52
10271,8306,2042,21
10272,8306,2077,50
10273,8307,2077,15
10274,8308,2077,72
10275,8309,2043,113
10276,8310,2043,40
10277,8311,2043,39
10278,8312,2043,22
10279,8312,2078,13
10280,8313,2044,91
10281,8314,2044,34
10282,8315,2044,19
10283,8315,2079,21
10284,8316,2079,44
10285,8317,2010,64
10286,8318,2010,38
10287,8319,2010,46
10288,8320,2010,20
10289,8320,2045,9
10290,8321,2081,63
10291,8322,2081,45
10292,8323,2081,25
10293,8324,2081,18
10294,8325,2012,52
10295,8325,2047,55
10296,8326,2047,32
10297,8327,2047,19
10298,8328,2047,18
10299,8329,1978,4
10300,8329,2013,48
10301,8330,2013,50
10302,8331,2013,29
10303,8332,2013,52
10304,8333,2014,55
10305,8334,2014,38
10306,8335,2014,22
10307,8336,2014,44
10308,8337,2015,54
10309,8338,2050,47
10310,8339,2050,27
10311,8340,2050,25
10312,8341,2016,8
10313,8341,2051,67
10314,8342,2051,39
10315,8343,2051,13
10316,8344,2051,43
10317,8345,2017,45
10318,8346,2017,49
10319,8347,2017,55
10320,8348,2017,45
10321,8349,2053,68
10322,8350,2053,31
10323,8351,2053,54
10324,8352,2053,43
10325,8353,2019,49
10326,8354,2019,43
10327,8355,2019,41
10328,8356,2019,23
10329,8357,2090,69
10330,8358,2090,29
10331,8359,2090,41
10332,8360,2090,22
10333,8361,2021,55
10334,8362,2021,56
10335,8363,2021,39
10336,8364,2021,68
10337,8365,2022,45
10338,8366,2022,24
10339,8367,2022,16
10340,8367,2057,17
10341,8368,2057,45
10342,8369,2058,81
10343,8370,2058,38
10344,8371,2058,33
10345,8372,2058,29
10346,8373,2059,48
10347,8374,2059,63
10348,8375,2059,26
10349,8376,2059,44
10350,8376,2094,22
10351,8377,2060,83
10352,8378,2060,38
10353,8379,2060,26
10354,8380,2095,85
10355,8381,2061,77
10356,8382,2061,82
10357,8383,2061,54
10358,8384,2061,32
10359,8385,1992,74
10360,8386,1992,15
10361,8386,2027,29
10362,8387,2027,21
10363,8388,2027,76
10364,8389,2028,1
10365,8389,2063,39
10366,8390,2063,83
10367,8391,2063,56
10368,8392,2063,48
10369,8393,1924,13
10370,8393,1959,76
10371,8394,1959,52
10372,8395,1959,43
10373,8396,1959,82
10374,8397,2065,59
10375,8398,2065,14
10376,8399,2065,55
10377,8399,2100,3
10378,8400,2100,74
10379,8401,2031,34
10380,8402,2031,55
10381,8403,2031,49
10382,8404,2031,89
10383,8405,1997,134
10384,8406,1997,14
10385,8406,2032,42
10386,8407,2032,44
10387,8408,2032,98
10388,8409,1963,39
10389,8409,1998,33
10390,8410,1998,26
10391,8411,1998,32
10392,8412,1998,47
10393,8413,1999,74
10394,8413,2034,5
10395,8414,2034,26
10396,8415,2034,42
10397,8416,2034,72
10398,8417,2070,99
10399,8418,2070,25
10400,8419,2070,39
10401,8420,2070,75
10402,8420,2105,34
10403,8421,2036,104
10404,8422,2036,42
10405,8423,2036,63
10406,8424,2036,39
10407,8424,2071,71
10408,8425,2037,67
10409,8426,2037,76
10410,8426,2072,13
10411,8427,2072,43
10412,8428,2072,70
10413,8429,1968,65
10414,8429,2003,57
10415,8430,2003,46
10416,8431,2003,38
10417,8432,2003,106
10418,8433,2039,133
10419,8434,2039,77
10420,8435,2039,28
10421,8436,2039,27
10422,8436,2074,39
10423,8437,2005,17
10424,8437,2040,147
10425,8438,2040,42
10426,8439,2040,43
10427,8440,2040,90
10428,8441,2041,91
10429,8442,2041,36
10430,8443,2041,36
10431,8443,2076,9
10432,8444,2076,58
10433,8445,2077,90
10434,8446,2077,52
10435,8447,2077,52
10436,8448,2077,62
10437,8448,2112,40
10438,8449,2078,70
10439,8450,2078,81
10440,8451,2078,64
10441,8452,2078,76
10442,8453,2079,80
10443,8454,2079,56
10444,8455,2079,66
10445,8456,2079,92
10446,8457,2045,91
10447,8458,2045,44
10448,8459,2045,41
10449,8460,2045,44
10450,8461,2081,64
10451,8462,2081,71
10452,8463,2081,32
10453,8464,2081,48
10454,8465,2047,88
10455,8466,2047,72
10456,8467,2047,9
10457,8467,2082,22
10458,8468,2082,93
10459,8469,2013,75
10460,8470,2013,58
10461,8471,2013,35
10462,8472,2013,33
10463,8472,2048,84
10464,8473,2014,93
10465,8474,2014,9
10466,8474,2049,18
10467,8475,2049,24
10468,8476,2049,55
10469,8477,2050,100
10470,8478,2050,30
10471,8479,2050,54
10472,8480,2050,80
10473,8481,2051,80
10474,8482,2051,43
10475,8482,2086,16
10476,8483,2086,41
10477,8484,2086,64
10478,8485,2017,70
10479,8485,2052,4
10480,8486,2052,72
10481,8487,2052,29
10482,8488,2052,103
10483,8489,2053,49
10484,8490,2053,36
10485,8490,2088,67
10486,8491,2088,26
10487,8492,2088,66
10488,8493,2019,99
10489,8494,2019,45
10490,8494,2054,18
10491,8495,2054,54
10492,8496,2054,51
10493,8497,2090,59
10494,8498,2090,73
10495,8499,2090,71
10496,8500,2090,40
10497,8500,2125,56
10498,8501,2021,48
10499,8501,2056,91
10500,8502,2056,66
10501,8503,2056,43
10502,8504,2056,34
10503,8505,2057,91
10504,8506,2057,45
10505,8507,2057,50
10506,8508,2057,61
10507,8508,2092,56
10508,8509,2058,73
10509,8510,2058,59
10510,8510,2093,19
10511,8511,2093,34
10512,8512,2093,42
10513,8513,2094,80
10514,8514,2094,57
10515,8515,2094,38
10516,8516,2094,66
10517,8517,2095,86
10518,8518,2095,45
10519,8519,2095,39
10520,8520,2095,23
10521,8521,2061,51
10522,8522,2061,4
10523,8522,2096,55
10524,8523,2096,61
10525,8524,2096,92
10526,8525,2027,75
10527,8526,2027,66
10528,8527,2027,24
10529,8528,2027,78
10530,8529,2063,97
10531,8530,2063,50
10532,8531,2063,56
10533,8532,2063,11
10534,8532,2098,69
10535,8533,1959,65
10536,8534,1959,65
10537,8534,1994,7
10538,8535,1994,79
10539,8536,1994,71
10540,8537,2100,72
10541,8538,2100,71
10542,8539,2100,65
10543,8540,2100,50
10544,8541,2031,64
10545,8542,2031,34
10546,8543,2031,9
10547,8543,2066,4
10548,8544,2066,123
10549,8545,2032,101
10550,8546,2032,56
10551,8546,2067,41
10552,8547,2067,26
10553,8548,2067,66
10554,8549,1998,91
10555,8550,1998,47
10556,8551,1998,33
10557,8551,2033,4
10558,8552,2033,67
10559,8553,2034,80
10560,8554,2034,76
10561,8555,2034,47
10562,8556,2034,54
10563,8556,2069,3
10564,8557,2105,55
10565,8558,2105,62
10566,8559,2105,30
10567,8560,2105,69
10568,8561,2071,109
10569,8562,2071,32
10570,8563,2071,79
10571,8564,2071,65
10572,8565,2072,87
10573,8566,2072,54
10574,8567,2072,39
10575,8568,2072,61
10576,8569,2003,2
10577,8569,2038,82
10578,8570,2038,80
10579,8571,2038,84
10580,8572,2038,77
10581,8573,2074,101
10582,8574,2074,31
10583,8575,2074,66
10584,8576,2074,42
10585,8577,2040,118
10586,8578,2040,11
10587,8578,2075,20
10588,8579,2075,31
10589,8580,2075,83
10590,8581,2076,66
10591,8582,2076,64
10592,8583,2076,39
10593,8584,2076,54
10594,8585,2112,52
10595,8586,2112,53
10596,8587,2112,42
10597,8588,2112,74
10598,8589,2078,12
10599,8589,2113,53
10600,8590,2113,44
10601,8591,2113,46
10602,8592,2113,75
10603,8593,2079,21
10604,8594,2079,15
10605,8594,2114,66
10606,8595,2114,63
10607,8596,2114,103
10608,8597,2045,35
10609,8597,2080,47
10610,8598,2080,78
10611,8599,2080,25
10612,8600,2080,39
10613,8601,2081,55
10614,8601,2116,38
10615,8602,2116,46
10616,8603,2116,59
10617,8604,2116,83
10618,8605,2082,180
10619,8606,2082,44
10620,8607,2082,45
10621,8608,2082,61
10622,8608,2117,27
10623,8609,2048,63
10624,8610,2048,45
10625,8611,2048,90
10626,8612,2048,24
10627,8612,2083,24
10628,8613,2049,80
10629,8614,2049,48
10630,8615,2049,61
10631,8615,2084,7
10632,8616,2084,61
10633,8617,2050,77
10634,8618,2050,29
10635,8619,2050,31
10636,8620,2050,20
10637,8620,2085,45
10638,8621,2086,86
10639,8622,2086,74
10640,8623,2086,10
10641,8623,2121,45
10642,8624,2121,40
10643,8625,2052,46
10644,8625,2087,53
10645,8626,2087,89
10646,8627,2087,66
10647,8628,2087,71
10648,8629,2088,76
10649,8630,2088,45
10650,8631,2088,48
10651,8632,2088,51
10652,8633,2054,29
10653,8634,2054,42
10654,8635,2054,64
10655,8636,2054,121
10656,8637,2125,107
10657,8638,2125,19
10658,8639,2125,61
10659,8640,2125,62
10660,8640,2160,14
10661,8641,2056,48
10662,8642,2056,58
10663,8643,2056,20
10664,8643,2091,10
10665,8644,2091,23
10666,8645,2092,111
10667,8646,2092,111
10668,8647,2092,16
10669,8648,2092,14
10670,8648,2127,36
10671,8649,2093,98
10672,8650,2093,83
10673,8650,2128,7
10674,8651,2128,106
10675,8652,2128,67
10676,8653,2094,19
10677,8653,2129,106
10678,8654,2129,55
10679,8654,2164,34
10680,8655,2164,35
10681,8656,2164,34
10682,8657,2095,69
10683,8658,2095,73
10684,8659,2095,32
10685,8659,2130,3
10686,8660,2130,56
10687,8661,2096,79
10688,8662,2096,31
10689,8663,2096,24
10690,8664,2096,56
10691,8664,2131,44
10692,8665,2062,43
10693,8666,2062,55
10694,8667,2062,28
10695,8668,2062,41
10696,8669,2098,58
10697,8670,2098,89
10698,8671,2098,24
10699,8672,2098,61
10700,8673,1994,40
10701,8674,1994,43
10702,8675,1994,62
10703,8676,1994,37
10704,8677,2100,35
10705,8678,2100,52
10706,8679,2100,8
10707,8679,2135,52
10708,8680,2135,48
10709,8681,2066,40
10710,8682,2066,18
10711,8683,2066,35
10712,8684,2066,38
10713,8685,2067,35
10714,8686,2067,11
10715,8687,2067,24
10716,8688,2067,30
10717,8689,2033,64
10718,8690,2033,51
10719,8691,2033,29
10720,8692,2033,37
10721,8693,2069,28
10722,8694,2069,46
10723,8695,2069,26
10724,8696,2069,32
10725,8697,2105,18
10726,8698,2105,21
10727,8699,2105,17
10728,8700,2105,31
10729,8701,2071,22
10730,8701,2106,18
10731,8702,2106,23
10732,8703,2106,20
10733,8704,2106,47
10734,8705,2072,30
10735,8706,2072,26
10736,8707,2072,19
10737,8708,2072,21
10738,8708,2107,16
10739,8709,2038,36
10740,8710,2038,11
10741,8710,2073,10
10742,8711,2073,27
10743,8712,2073,29
10744,8713,2074,44
10745,8714,2074,26
10746,8715,2074,16
10747,8715,2109,6
10748,8716,2109,37
10749,8717,2075,66
10750,8718,2075,20
10751,8719,2075,17
10752,8720,2075,22
10753,8721,2076,25
10754,8721,2111,17
10755,8722,2111,34
10756,8723,2111,24
10757,8724,2111,30
10758,8725,2112,43
10759,8726,2112,10
10760,8726,2147,20
10761,8727,2147,21
10762,8728,2147,34
10763,8729,2113,16
10764,8730,2113,29
10765,8731,2113,10
10766,8732,2113,40
10767,8733,2114,19
10768,8733,2149,36
10769,8734,2149,16
10770,8735,2149,21
10771,8736,2149,32
10772,8737,2080,52
10773,8738,2080,25
10774,8739,2080,49
10775,8740,2080,42
10776,8741,2116,66
10777,8742,2116,31
10778,8743,2116,33
10779,8744,2116,1
10780,8744,2151,31
10781,8745,2117,33
10782,8746,2117,35
10783,8747,2117,11
10784,8748,2117,49
10785,8749,2083,57
10786,8750,2083,14
10787,8751,2083,17
10788,8752,2083,17
10789,8753,2084,49
10790,8754,2084,15
10791,8755,2084,18
10792,8756,2084,24
10793,8757,2085,44
10794,8758,2085,11
10795,8759,2085,37
10796,8760,2085,43
10797,8761,2121,11
10798,8762,2121,27
10799,8763,2121,8
10800,8764,2121,27
10801,8765,2087,39
10802,8766,2087,52
10803,8767,2087,42
10804,8768,2087,25
10805,8769,2088,33
10806,8770,2088,35
10807,8771,2088,29
10808,8771,2123,13
10809,8772,2123,21
10810,8773,2054,23
10811,8773,2089,18
10812,8774,2089,25
10813,8775,2089,37
10814,8776,2089,26
10815,8777,2160,40
10816,8778,2160,20
10817,8779,2160,28
10818,8780,2160,9
10819,8781,2091,35
10820,8782,2091,25
10821,8783,2091,12
10822,8784,2091,22
10823,8785,2127,37
10824,8786,2127,19
10825,8787,2127,26
10826,8788,2127,23
10827,8789,2128,35
10828,8790,2128,49
10829,8791,2128,15
10830,8792,2128,20
10831,8793,2164,20
10832,8794,2164,26
10833,8795,2164,23
10834,8796,2164,43
10835,8797,2130,53
10836,8798,2130,38
10837,8799,2130,29
10838,8800,2130,32
10839,8801,2131,34
10840,8802,2131,17
10841,8803,2131,51
10842,8804,2131,47
10843,8805,2062,32
10844,8806,2062,24
10845,8807,2062,22
10846,8808,2062,11
10847,8808,2097,38
10848,8809,2098,33
10849,8809,2133,9
10850,8810,2133,30
10851,8811,2133,24
10852,8812,2133,35
10853,8813,1994,43
10854,8814,1994,26
10855,8815,1994,23
10856,8816,1994,40
10857,8817,2135,37
10858,8818,2135,49
10859,8819,2135,34
10860,8820,2135,28
10861,8821,2066,17
10862,8821,2101,7
10863,8822,2101,48
10864,8823,2101,5
10865,8824,2101,24
10866,8825,2067,22
10867,8826,2067,14
10868,8827,2067,43
10869,8828,2067,30
10870,8829,2033,26
10871,8830,2033,43
10872,8831,2033,37
10873,8832,2033,17
10874,8833,2069,31
10875,8834,2069,12
10876,8835,2069,43
10877,8836,2069,37
10878,8837,2105,32
10879,8838,2105,27
10880,8839,2105,20
10881,8840,2105,2
10882,8840,2140,26
10883,8841,2106,21
10884,8842,2106,50
10885,8843,2106,26
10886,8844,2106,47
10887,8845,2107,42
10888,8846,2107,17
10889,8847,2107,26
10890,8848,2107,49
10891,8849,2073,73
10892,8850,2073,29
10893,8851,2073,28
10894,8852,2073,38
10895,8853,2109,34
10896,8854,2109,28
10897,8855,2109,15
10898,8856,2109,26
10899,8857,2075,25
10900,8858,2075,28
10901,8859,2075,32
10902,8860,2075,22
10903,8861,2111,31
10904,8862,2111,22
10905,8863,2111,12
10906,8864,2111,47
10907,8865,2147,22
10908,8866,2147,24
10909,8867,2147,34
10910,8868,2147,14
10911,8869,2113,38
10912,8870,2113,51
10913,8871,2113,16
10914,8872,2113,15
10915,8873,2149,41
10916,8874,2149,20
10917,8875,2149,14
10918,8876,2149,20
10919,8877,2080,24
10920,8878,2080,54
10921,8879,2080,15
10922,8880,2080,5
10923,8880,2115,25
10924,8881,2151,34
10925,8882,2151,23
10926,8883,2151,21
10927,8884,2151,44
10928,8885,2117,39
10929,8886,2117,34
10930,8887,2117,19
10931,8888,2117,18
10932,8889,2083,36
10933,8890,2083,55
10934,8891,2083,13
10935,8892,2083,27
10936,8893,2084,12
10937,8894,2084,30
10938,8895,2084,17
10939,8896,2084,3
10940,8896,2119,39
10941,8897,2085,56
10942,8898,2085,36
10943,8899,2085,16
10944,8900,2085,35
10945,8901,2121,45
10946,8902,2121,15
10947,8903,2121,34
10948,8904,2121,44
10949,8905,2087,39
10950,8906,2087,20
10951,8907,2087,33
10952,8908,2087,33
10953,8909,2123,24
10954,8910,2123,35
10955,8911,2123,14
10956,8912,2123,35
10957,8913,2089,36
10958,8914,2089,22
10959,8915,2089,37
10960,8916,2089,25
10961,8917,2160,30
10962,8918,2160,48
10963,8919,2160,24
10964,8920,2160,20
10965,8920,2195,15
10966,8921,2091,61
10967,8922,2091,22
10968,8923,2091,24
10969,8924,2091,31
10970,8925,2127,24
10971,8926,2127,40
10972,8927,2127,12
10973,8928,2127,23
10974,8929,2128,47
10975,8930,2128,19
10976,8930,2163,6
10977,8931,2163,19
10978,8932,2163,28
10979,8933,2164,27
10980,8934,2164,34
10981,8935,2164,3
10982,8935,2199,17
10983,8936,2199,18
10984,8937,2130,41
10985,8938,2130,13
10986,8938,2165,5
10987,8939,2165,16
10988,8940,2165,12
10989,8941,2131,35
10990,8942,2131,32
10991,8943,2131,12
10992,8943,2166,23
10993,8944,2166,22
10994,8945,2097,56
10995,8946,2097,18
10996,8947,2097,28
10997,8948,2097,15
10998,8949,2133,55
10999,8950,2133,52
11000,8951,2133,29
11001,8952,2133,13
11002,8953,1994,38
11003,8954,1994,22
11004,8954,2029,8
11005,8955,2029,31
11006,8956,2029,44
11007,8957,2135,19
11008,8958,2135,23
11009,8958,2170,8
11010,8959,2170,17
11011,8960,2170,36
11012,8961,2101,45
11013,8962,2101,48
11014,8963,2101,17
11015,8964,2101,28
11016,8965,2067,47
11017,8966,2067,38
11018,8966,2102,3
11019,8967,2102,39
11020,8968,2102,65
11021,8969,2033,16
11022,8969,2068,5
11023,8970,2068,20
11024,8971,2068,15
11025,8972,2068,36
11026,8973,2069,60
11027,8974,2069,22
11028,8975,2069,41
11029,8976,2069,45
11030,8977,2140,27
11031,8978,2140,26
11032,8979,2140,36
11033,8980,2140,32
11034,8981,2106,44
11035,8982,2106,43
11036,8983,2106,33
11037,8984,2106,62
11038,8985,2107,32
11039,8986,2107,35
11040,8987,2107,20
11041,8988,2107,35
11042,8989,2073,39
11043,8990,2073,43
11044,8991,2073,27
11045,8992,2073,23
11046,8993,2109,48
11047,8994,2109,32
11048,8995,2109,20
11049,8996,2109,9
11050,8997,2075,45
11051,8998,2075,27
11052,8999,2075,27
11053,9000,2075,19
11054,9000,2110,52
11055,9001,2111,46
11056,9002,2111,16
11057,9003,2111,24
11058,9004,2111,21
11059,9005,2147,32
11060,9006,2147,53
11061,9007,2147,27
11062,9008,2147,13
11063,9008,2182,30
11064,9009,2113,17
11065,9009,2148,10
11066,9010,2148,16
11067,9011,2148,33
11068,9012,2148,59
11069,9013,2149,51
11070,9014,2149,14
11071,9015,2149,27
11072,9016,2149,20
11073,9017,2115,80
11074,9018,2115,22
11075,9019,2115,6
11076,9020,2115,61
11077,9021,2151,25
11078,9022,2151,40
11079,9023,2151,23
11080,9024,2151,37
11081,9025,2117,57
11082,9026,2117,34
11083,9027,2117,2
11084,9027,2152,42
11085,9028,2152,48
11086,9029,2083,52
11087,9030,2083,19
11088,9030,2118,5
11089,9031,2118,28
11090,9032,2118,32
11091,9033,2119,67
11092,9034,2119,15
11093,9035,2119,29
11094,9036,2119,50
11095,9037,2085,1
11096,9037,2120,24
11097,9038,2120,27
11098,9039,2120,17
11099,9040,2120,69
11100,9041,2121,10
11101,9041,2156,26
11102,9042,2156,16
11103,9043,2156,14
11104,9044,2156,39
11105,9045,2087,19
11106,9045,2122,21
11107,9046,2122,5
11108,9047,2122,47
11109,9048,2122,28
11110,9049,2123,51
11111,9050,2123,32
11112,9051,2123,14
11113,9052,2123,46
11114,9053,2089,79
11115,9054,2089,54
11116,9054,2124,8
11117,9055,2124,31
11118,9056,2124,18
11119,9057,2195,54
11120,9058,2195,38
11121,9059,2195,18
11122,9060,2195,33
11123,9061,2091,46
11124,9062,2126,13
11125,9063,2126,14
11126,9064,2126,62
11127,9065,2127,48
11128,9066,2127,36
11129,9067,2127,27
11130,9068,2127,25
11131,9068,2162,8
11132,9069,2163,32
11133,9070,2163,11
11134,9071,2163,26
11135,9072,2163,22
11136,9073,2199,53
11137,9074,2199,21
11138,9075,2199,27
11139,9076,2199,41
11140,9077,2165,24
11141,9078,2165,34
11142,9079,2165,41
11143,9080,2165,40
11144,9081,2166,74
11145,9082,2166,28
11146,9083,2166,16
11147,9084,2166,18
11148,9085,2097,51
11149,9086,2097,37
11150,9087,2097,25
11151,9088,2097,19
11152,9089,2133,48
11153,9090,2133,45
11154,9090,2168,6
11155,9091,2168,32
11156,9092,2168,54
11157,9093,2029,58
11158,9094,2029,27
11159,9095,2029,30
11160,9096,2029,51
11161,9097,2170,47
11162,9098,2170,44
11163,9099,2170,19
11164,9100,2170,19
11165,9101,2101,7
11166,9101,2136,25
11167,9102,2136,54
11168,9103,2136,26
11169,9104,2136,34
11170,9105,2102,35
11171,9106,2102,36
11172,9107,2102,26
11173,9108,2102,35
11174,9108,2137,59
11175,9109,2068,90
11176,9110,2068,55
11177,9111,2068,25
11178,9112,2068,33
11179,9113,2069,33
11180,9114,2069,27
11181,9115,2069,35
11182,9115,2104,2
11183,9116,2104,59
11184,9117,2140,60
11185,9118,2140,43
11186,9119,2140,14
11187,9120,2140,45
11188,9121,2106,40
11189,9121,2141,23
11190,9122,2141,36
11191,9123,2141,20
11192,9124,2141,22
11193,9125,2107,11
11194,9125,2142,31
11195,9126,2142,37
11196,9127,2142,30
11197,9128,2142,64
11198,9129,2073,36
11199,9130,2073,30
11200,9131,2073,9
11201,9132,2073,20
11202,9132,2108,27
11203,9133,2109,67
11204,9134,2109,10
11205,9134,2144,43
11206,9135,2144,9
11207,9136,2144,63
11208,9137,2110,88
11209,9138,2110,21
11210,9139,2110,12
11211,9140,2110,23
11212,9141,2111,58
11213,9142,2111,9
11214,9142,2146,25
11215,9143,2146,7
11216,9144,2146,34
11217,9145,2182,60
11218,9146,2182,51
11219,9147,2182,22
11220,9148,2182,38
11221,9149,2148,32
11222,9150,2148,33
11223,9151,2148,16
11224,9152,2148,68
11225,9153,2149,62
11226,9154,2149,35
11227,9155,2149,5
11228,9155,2184,34
11229,9156,2184,17
11230,9157,2115,33
11231,9158,2115,35
11232,9159,2115,62
11233,9160,2115,33
11234,9161,2151,56
11235,9162,2151,44
11236,9163,2151,15
11237,9163,2186,19
11238,9164,2186,21
11239,9165,2152,43
11240,9166,2152,42
11241,9167,2152,15
11242,9168,2152,47
11243,9169,2118,65
11244,9170,2118,52
11245,9171,2118,59
11246,9172,2118,28
11247,9173,2119,44
11248,9174,2119,20
11249,9175,2119,32
11250,9175,2154,8
11251,9176,2154,31
11252,9177,2120,55
11253,9178,2120,15
11254,9179,2120,29
11255,9180,2120,27
11256,9181,2156,62
11257,9182,2156,17
11258,9183,2156,37
11259,9184,2156,22
11260,9184,2191,13
11261,9185,2122,38
11262,9186,2122,21
11263,9187,2122,35
11264,9188,2122,42
11265,9189,2123,37
11266,9190,2123,4
11267,9190,2158,84
11268,9191,2158,43
11269,9192,2158,55
11270,9193,2124,48
11271,9194,2124,31
11272,9195,2124,51
11273,9196,2124,53
11274,9197,2195,71
11275,9198,2195,21
11276,9199,2195,38
11277,9200,2195,44
11278,9201,2126,63
11279,9202,2126,43
11280,9203,2126,13
11281,9204,2126,4
11282,9205,2162,23
11283,9206,2162,38
11284,9207,2162,27
11285,9208,2162,52
11286,9209,2163,82
11287,9210,2163,67
11288,9211,2163,24
11289,9212,2163,35
11290,9213,2199,64
11291,9213,2234,39
11292,9214,2234,49
11293,9215,2234,26
11294,9216,2234,43
11295,9217,2165,18
11296,9217,2200,23
11297,9218,2200,34
11298,9219,2200,52
11299,9220,2200,56
11300,9221,2166,49
11301,9222,2166,47
11302,9223,2166,9
11303,9224,2166,92
11304,9225,2097,61
11305,9226,2097,26
11306,9227,2097,28
11307,9227,2132,3
11308,9228,2132,38
11309,9229,2168,80
11310,9230,2168,19
11311,9231,2168,55
11312,9232,2168,97
11313,9233,2029,61
11314,9234,2029,45
11315,9235,2029,24
11316,9236,2029,44
11317,9237,2170,44
11318,9238,2170,19
11319,9238,2205,19
11320,9239,2205,31
11321,9240,2205,70
11322,9241,2136,45
11323,9242,2136,24
11324,9243,2136,35
11325,9244,2136,50
11326,9245,2137,79
11327,9246,2137,73
11328,9247,2137,27
11329,9248,2137,51
11330,9249,2068,28
11331,9249,2103,37
11332,9250,2103,59
11333,9251,2103,35
11334,9252,2103,81
11335,9253,2104,44
11336,9254,2104,39
11337,9255,2104,29
11338,9256,2104,52
11339,9257,2140,87
11340,9258,2140,41
11341,9258,2175,7
11342,9259,2175,23
11343,9260,2175,72
11344,9261,2141,59
11345,9262,2141,41
11346,9263,2141,54
11347,9264,2141,40
11348,9264,2176,1
11349,9265,2142,97
11350,9266,2142,30
11351,9266,2177,9
11352,9267,2177,15
11353,9268,2177,84
11354,9269,2108,82
11355,9270,2108,27
11356,9271,2108,34
11357,9272,2108,63
11358,9273,2144,77
11359,9274,2144,37
11360,9275,2144,25
11361,9276,2144,50
11362,9277,2110,75
11363,9278,2110,30
11364,9279,2110,42
11365,9280,2110,25
11366,9280,2145,23
11367,9281,2146,42
11368,9282,2146,43
11369,9283,2146,71
11370,9284,2146,87
11371,9285,2182,57
11372,9286,2182,40
11373,9287,2182,15
11374,9287,2217,30
11375,9288,2217,62
11376,9289,2148,73
11377,9289,2183,19
11378,9290,2183,30
11379,9291,2183,43
11380,9292,2183,56
11381,9293,2184,61
11382,9294,2184,34
11383,9295,2184,52
11384,9296,2184,66
11385,9297,2115,60
11386,9298,2115,2
11387,9298,2150,73
11388,9299,2150,14
11389,9300,2150,52
11390,9301,2186,83
11391,9302,2186,37
11392,9303,2186,49
11393,9304,2186,60
11394,9305,2152,75
11395,9306,2152,71
11396,9307,2152,21
11397,9308,2152,14
11398,9308,2187,70
11399,9309,2118,58
11400,9309,2153,41
11401,9310,2153,44
11402,9311,2153,70
11403,9312,2153,57
11404,9313,2154,54
11405,9314,2154,35
11406,9315,2154,25
11407,9316,2154,22
11408,9317,2120,74
11409,9318,2120,32
11410,9318,2155,27
11411,9319,2155,44
11412,9320,2155,33
11413,9321,2191,37
11414,9322,2191,32
11415,9323,2191,45
11416,9324,2191,35
11417,9325,2122,74
11418,9326,2122,45
11419,9326,2157,2
11420,9327,2157,39
11421,9328,2157,52
11422,9329,2158,74
11423,9330,2158,68
11424,9331,2158,33
11425,9332,2158,9
11426,9332,2193,72
11427,9333,2124,69
11428,9334,2124,53
11429,9335,2124,19
11430,9336,2124,14
11431,9336,2159,35
11432,9337,2195,52
11433,9337,2230,6
11434,9338,2230,56
11435,9339,2230,35
11436,9340,2230,50
11437,9341,2126,40
11438,9342,2126,38
11439,9343,2126,32
11440,9343,2161,18
11441,9344,2161,57
11442,9345,2162,61
11443,9346,2162,28
11444,9347,2162,43
11445,9347,2197,16
11446,9348,2197,49
11447,9349,2163,37
11448,9349,2198,19
11449,9350,2198,33
11450,9351,2198,43
11451,9352,2198,67
11452,9353,2234,72
11453,9354,2234,38
11454,9355,2234,27
11455,9356,2234,45
11456,9356,2269,14
11457,9357,2200,42
11458,9358,2200,28
11459,9359,2200,37
11460,9359,2235,46
11461,9360,2235,109
11462,9361,2166,3
11463,9361,2201,44
11464,9362,2201,19
11465,9363,2201,23
11466,9364,2201,40
11467,9365,2132,69
11468,9366,2132,48
11469,9367,2132,47
11470,9368,2132,44
11471,9369,2168,40
11472,9369,2203,38
11473,9370,2203,89
11474,9371,2203,22
11475,9372,2203,83
11476,9373,2029,48
11477,9374,2029,16
11478,9374,2064,19
11479,9375,2064,29
11480,9376,2064,118
11481,9377,2205,48
11482,9378,2205,65
11483,9379,2205,20
11484,9380,2205,27
11485,9381,2136,66
11486,9382,2136,1
11487,9382,2171,24
11488,9383,2171,50
11489,9384,2171,60
11490,9385,2137,58
11491,9386,2137,26
11492,9386,2172,8
11493,9387,2172,54
11494,9388,2172,96
11495,9389,2103,33
11496,9390,2103,73
11497,9390,2138,10
11498,9391,2138,26
11499,9392,2138,102
11500,9393,2104,43
11501,9393,2139,16
11502,9394,2139,109
11503,9395,2139,37
11504,9396,2139,59
11505,9397,2175,67
11506,9398,2175,57
11507,9399,2175,42
11508,9400,2175,73
11509,9401,2176,63
11510,9402,2176,48
11511,9403,2176,56
11512,9404,2176,77
11513,9405,2177,68
11514,9406,2177,44
11515,9407,2177,55
11516,9408,2177,68
11517,9409,2108,35
11518,9409,2143,102
11519,9410,2143,35
11520,9411,2143,20
11521,9412,2143,118
11522,9413,2144,82
11523,9414,2144,9
11524,9414,2179,69
11525,9415,2179,60
11526,9416,2179,92
11527,9417,2145,97
11528,9418,2145,52
11529,9419,2145,35
11530,9420,2145,100
11531,9421,2146,59
11532,9421,2181,8
11533,9422,2181,62
11534,9423,2181,45
11535,9424,2181,113
11536,9425,2217,120
11537,9426,2217,54
11538,9426,2252,29
11539,9427,2252,60
11540,9428,2252,71
11541,9429,2183,125
11542,9430,2183,92
11543,9431,2183,47
11544,9432,2183,27
11545,9432,2218,35
11546,9433,2184,21
11547,9433,2219,76
11548,9434,2219,54
11549,9435,2219,32
11550,9436,2219,108
11551,9437,2150,49
11552,9438,2150,37
11553,9439,2150,73
11554,9440,2150,73
11555,9441,2186,60
11556,9441,2221,64
11557,9442,2221,89
11558,9443,2221,21
11559,9444,2221,61
11560,9445,2187,60
11561,9446,2187,55
11562,9447,2187,29
11563,9448,2187,68
11564,9449,2153,64
11565,9450,2153,51
11566,9451,2153,17
11567,9451,2188,38
11568,9452,2188,94
11569,9453,2154,120
11570,9454,2154,10
11571,9454,2189,89
11572,9455,2189,30
11573,9456,2189,71
11574,9457,2155,50
11575,9458,2155,46
11576,9459,2155,65
11577,9460,2155,45
11578,9461,2191,74
11579,9462,2191,61
11580,9463,2191,86
11581,9464,2191,23
11582,9464,2226,49
11583,9465,2157,113
11584,9466,2157,67
11585,9467,2157,42
11586,9468,2157,42
11587,9469,2193,59
11588,9470,2193,62
11589,9471,2193,50
11590,9472,2193,47
11591,9472,2228,31
11592,9473,2159,78
11593,9474,2159,23
11594,9475,2159,72
11595,9476,2159,73
11596,9477,2230,88
11597,9478,2230,61
11598,9479,2230,14
11599,9479,2265,26
11600,9480,2265,47
11601,9481,2161,42
11602,9482,2161,99
11603,9483,2161,88
11604,9484,2161,10
11605,9484,2196,50
11606,9485,2197,49
11607,9486,2197,37
11608,9487,2197,25
11609,9488,2197,49
11610,9489,2198,60
11611,9490,2198,54
11612,9491,2198,16
11613,9492,2198,47
11614,9492,2233,74
11615,9493,2269,169
11616,9494,2269,82
11617,9495,2269,70
11618,9496,2269,41
11619,9496,2304,19
11620,9497,2235,77
11621,9498,2235,79
11622,9499,2235,38
11623,9500,2235,52
11624,9501,2201,86
11625,9502,2201,36
11626,9503,2201,63
11627,9504,2201,85
11628,9505,2132,21
11629,9505,2167,60
11630,9506,2167,51
11631,9507,2167,34
11632,9508,2167,76
11633,9509,2203,31
11634,9510,2203,72
11635,9511,2203,36
11636,9511,2238,25
11637,9512,2238,77
11638,9513,2064,74
11639,9514,2064,28
11640,9515,2064,47
11641,9515,2099,20
11642,9516,2099,45
11643,9517,2205,19
11644,9517,2240,128
11645,9518,2240,36
11646,9519,2240,57
11647,9520,2240,45
11648,9520,2275,16
11649,9521,2171,47
11650,9522,2171,91
11651,9523,2171,17
11652,9523,2206,3
11653,9524,2206,44
11654,9525,2172,94
11655,9526,2172,35
11656,9527,2172,11
11657,9527,2207,89
11658,9528,2207,38
11659,9529,2138,54
11660,9530,2138,100
11661,9531,2138,42
11662,9532,2138,25
11663,9532,2173,36
11664,9533,2139,122
11665,9534,2139,46
11666,9534,2174,11
11667,9535,2174,19
11668,9536,2174,50
11669,9537,2175,72
11670,9537,2210,41
11671,9538,2210,39
11672,9539,2210,91
11673,9540,2210,40
11674,9541,2176,98
11675,9542,2176,39
11676,9542,2211,46
11677,9543,2211,44
11678,9544,2211,61
11679,9545,2177,6
11680,9545,2212,99
11681,9546,2212,71
11682,9547,2212,28
11683,9548,2212,70
11684,9549,2143,45
11685,9550,2143,44
11686,9551,2143,38
11687,9552,2143,28
11688,9552,2178,8
11689,9553,2179,97
11690,9554,2179,30
11691,9554,2214,11
11692,9555,2214,38
11693,9556,2214,49
11694,9557,2145,42
11695,9558,2145,36
11696,9559,2145,45
11697,9560,2145,33
11698,9560,2180,72
11699,9561,2181,50
11700,9562,2181,22
11701,9563,2181,22
11702,9564,2181,34
11703,9564,2216,32
11704,9565,2252,92
11705,9566,2252,43
11706,9567,2252,35
11707,9568,2252,47
11708,9569,2218,72
11709,9570,2218,73
11710,9571,2218,37
11711,9572,2218,75
11712,9573,2219,87
11713,9573,2254,15
11714,9574,2254,30
11715,9575,2254,26
11716,9576,2254,82
11717,9577,2150,64
11718,9577,2185,13
11719,9578,2185,40
11720,9579,2185,74
11721,9580,2185,64
11722,9581,2221,50
11723,9581,2256,28
11724,9582,2256,45
11725,9583,2256,35
11726,9584,2256,59
11727,9585,2187,59
11728,9586,2187,44
11729,9587,2187,36
11730,9588,2187,18
11731,9588,2222,3
11732,9589,2188,61
11733,9590,2188,81
11734,9591,2188,48
11735,9592,2188,14
11736,9592,2223,18
11737,9593,2189,78
11738,9594,2189,32
11739,9595,2189,31
11740,9595,2224,39
11741,9596,2224,74
11742,9597,2155,52
11743,9597,2190,35
11744,9598,2190,51
11745,9599,2190,60
11746,9600,2190,53
11747,9601,2226,89
11748,9602,2226,86
11749,9602,2261,10
11750,9603,2261,34
11751,9604,2261,56
11752,9605,2157,6
11753,9605,2192,161
11754,9606,2192,47
11755,9607,2192,46
11756,9608,2192,49
11757,9608,2227,13
11758,9609,2228,82
11759,9610,2228,53
11760,9611,2228,49
11761,9612,2228,49
11762,9612,2263,39
11763,9613,2159,37
11764,9614,2159,23
11765,9615,2159,40
11766,9616,2159,29
11767,9617,2265,75
11768,9618,2265,61
11769,9619,2265,63
11770,9620,2265,43
11771,9621,2196,68
11772,9622,2196,54
11773,9623,2196,47
11774,9624,2196,43
11775,9625,2197,47
11776,9626,2197,62
11777,9627,2197,1
11778,9627,2232,38
11779,9628,2232,71
11780,9629,2233,43
11781,9630,2233,67
11782,9631,2233,36
11783,9632,2233,56
11784,9633,2304,82
11785,9634,2304,62
11786,9634,2339,15
11787,9635,2339,39
11788,9636,2339,70
11789,9637,2235,1
11790,9637,2270,92
11791,9638,2270,33
11792,9639,2270,56
11793,9640,2270,56
11794,9641,2201,97
11795,9642,2201,40
11796,9642,2236,28
11797,9643,2236,38
11798,9644,2236,46
11799,9645,2167,93
11800,9646,2167,29
11801,9646,2202,42
11802,9647,2202,52
11803,9648,2202,56
11804,9649,2238,90
11805,9650,2238,24
11806,9651,2238,58
11807,9652,2238,20
11808,9652,2273,85
11809,9653,2099,76
11810,9654,2099,64
11811,9655,2099,33
11812,9656,2099,30
11813,9657,2275,138
11814,9658,2275,71
11815,9659,2275,41
11816,9660,2275,65
11817,9661,2206,36
11818,9662,2206,45
11819,9663,2206,22
11820,9664,2206,39
11821,9665,2207,47
11822,9666,2207,18
11823,9667,2207,18
11824,9668,2207,42
11825,9669,2173,56
11826,9670,2173,44
11827,9671,2173,11
11828,9672,2173,15
11829,9673,2174,40
11830,9674,2174,15
11831,9675,2174,40
11832,9676,2174,35
11833,9677,2210,53
11834,9678,2210,48
11835,9679,2210,14
11836,9680,2210,42
11837,9681,2211,47
11838,9682,2211,31
11839,9683,2211,22
11840,9684,2211,19
11841,9685,2212,51
11842,9686,2212,40
11843,9687,2212,21
11844,9688,2212,36
11845,9689,2178,39
11846,9690,2178,16
11847,9691,2178,41
11848,9692,2178,26
11849,9693,2214,29
11850,9694,2214,28
11851,9695,2214,14
11852,9696,2214,26
11853,9697,2180,50
11854,9698,2180,30
11855,9699,2180,43
11856,9700,2180,38
11857,9701,2216,50
11858,9702,2216,42
11859,9703,2216,21
11860,9704,2216,32
11861,9705,2252,29
11862,9705,2287,7
11863,9706,2287,42
11864,9707,2287,20
11865,9708,2287,20
11866,9709,2218,34
11867,9709,2253,14
11868,9710,2253,36
11869,9711,2253,19
11870,9712,2253,31
11871,9713,2254,25
11872,9714,2254,31
11873,9715,2254,18
11874,9716,2254,64
11875,9717,2185,53
11876,9718,2185,48
11877,9719,2185,15
11878,9720,2185,67
11879,9721,2256,30
11880,9722,2256,28
11881,9723,2256,8
11882,9723,2291,16
11883,9724,2291,63
11884,9725,2222,26
11885,9726,2222,15
11886,9727,2222,54
11887,9728,2222,51
11888,9729,2223,41
11889,9730,2223,28
11890,9731,2223,37
11891,9732,2223,36
11892,9733,2224,29
11893,9734,2224,26
11894,9735,2224,17
11895,9736,2224,37
11896,9737,2190,65
11897,9738,2190,18
11898,9739,2190,19
11899,9739,2225,14
11900,9740,2225,43
11901,9741,2261,38
11902,9742,2261,67
11903,9743,2261,23
11904,9744,2261,21
11905,9745,2227,39
11906,9746,2227,54
11907,9747,2227,20
11908,9748,2227,36
11909,9749,2263,32
11910,9750,2263,45
11911,9751,2263,26
11912,9752,2263,39
11913,9753,2159,25
11914,9753,2194,29
11915,9754,2194,28
11916,9755,2194,4
11917,9756,2194,25
11918,9757,2265,23
11919,9758,2265,17
11920,9758,2300,34
11921,9759,2300,28
11922,9760,2300,38
11923,9761,2196,42
11924,9762,2196,37
11925,9763,2196,9
11926,9764,2196,52
11927,9765,2232,47
11928,9766,2232,37
11929,9767,2232,12
11930,9768,2232,26
11931,9769,2233,59
11932,9770,2233,37
11933,9771,2233,3
11934,9771,2268,14
11935,9772,2268,28
11936,9773,2339,42
11937,9773,2374,1
11938,9774,2374,45
11939,9775,2374,20
11940,9776,2374,49
11941,9777,2270,34
11942,9778,2270,33
11943,9779,2270,27
11944,9779,2305,4
11945,9780,2305,52
11946,9781,2236,31
11947,9782,2236,38
11948,9783,2236,35
11949,9784,2236,46
11950,9785,2202,59
11951,9786,2202,23
11952,9787,2202,32
11953,9788,2202,34
11954,9789,2273,51
11955,9790,2273,30
11956,9791,2273,34
11957,9792,2273,20
11958,9793,2099,27
11959,9794,2099,19
11960,9795,2099,19
11961,9796,2099,21
11962,9797,2275,13
11963,9797,2310,34
11964,9798,2310,33
11965,9799,2310,42
11966,9800,2310,20
11967,9801,2206,22
11968,9801,2241,55
11969,9802,2241,49
11970,9803,2241,25
11971,9804,2241,64
11972,9805,2207,27
11973,9805,2242,10
11974,9806,2242,13
11975,9807,2242,20
11976,9808,2242,24
11977,9809,2173,44
11978,9810,2173,42
11979,9811,2173,24
11980,9811,2208,14
11981,9812,2208,47
11982,9813,2174,56
11983,9814,2174,39
11984,9815,2174,28
11985,9816,2174,39
11986,9817,2210,37
11987,9818,2210,27
11988,9818,2245,6
11989,9819,2245,25
11990,9820,2245,38
11991,9821,2211,7
11992,9821,2246,51
11993,9822,2246,34
11994,9823,2246,15
11995,9824,2246,18
11996,9825,2212,33
11997,9825,2247,3
11998,9826,2247,18
11999,9827,2247,29
12000,9828,2247,15
12001,9829,2178,45
12002,9830,2178,19
12003,9831,2178,22
12004,9832,2178,37
12005,9833,2214,44
12006,9834,2214,43
12007,9835,2214,35
12008,9835,2249,12
12009,9836,2249,33
12010,9837,2180,26
12011,9838,2180,26
12012,9838,2215,42
12013,9839,2215,32
12014,9840,2215,59
12015,9841,2216,30
12016,9842,2216,50
12017,9843,2216,34
12018,9844,2216,20
12019,9844,2251,18
12020,9845,2287,36
12021,9846,2287,24
12022,9846,2322,10
12023,9847,2322,40
12024,9848,2322,40
12025,9849,2253,71
12026,9850,2253,21
12027,9851,2253,16
12028,9852,2253,19
12029,9853,2254,55
12030,9854,2254,7
12031,9854,2289,11
12032,9855,2289,22
12033,9856,2289,38
12034,9857,2185,43
12035,9857,2220,3
12036,9858,2220,27
12037,9859,2220,8
12038,9860,2220,23
12039,9861,2291,71
12040,9862,2291,3
12041,9862,2326,14
12042,9863,2326,36
12043,9864,2326,19
12044,9865,2222,34
12045,9866,2222,17
12046,9867,2222,34
12047,9868,2222,21
12048,9869,2223,29
12049,9870,2223,23
12050,9871,2223,18
12051,9871,2258,14
12052,9872,2258,48
12053,9873,2224,65
12054,9874,2224,6
12055,9874,2259,36
12056,9875,2259,11
12057,9876,2259,32
12058,9877,2225,43
12059,9878,2225,15
12060,9879,2225,14
12061,9880,2225,24
12062,9881,2261,18
12063,9882,2261,35
12064,9883,2261,10
12065,9883,2296,9
12066,9884,2296,31
12067,9885,2227,29
12068,9886,2227,22
12069,9886,2262,9
12070,9887,2262,25
12071,9888,2262,34
12072,9889,2263,17
12073,9890,2263,12
12074,9891,2263,21
12075,9892,2263,27
12076,9893,2194,39
12077,9894,2194,24
12078,9895,2194,40
12079,9896,2194,44
12080,9897,2300,25
12081,9898,2300,30
12082,9899,2300,38
12083,9899,2335,2
12084,9900,2335,17
12085,9901,2196,25
12086,9901,2231,9
12087,9902,2231,36
12088,9903,2231,15
12089,9904,2231,28
12090,9905,2232,23
12091,9906,2232,25
12092,9907,2232,25
12093,9908,2232,21
12094,9909,2268,24
12095,9910,2268,37
12096,9911,2268,30
12097,9912,2268,26
12098,9913,2374,16
12099,9914,2374,25
12100,9915,2374,3
12101,9915,2409,9
12102,9916,2409,41
12103,9917,2305,70
12104,9918,2305,46
12105,9918,2340,4
12106,9919,2340,18
12107,9920,2340,18
12108,9921,2236,34
12109,9922,2236,22
12110,9922,2271,25
12111,9923,2271,22
12112,9924,2271,25
12113,9925,2202,38
12114,9926,2202,19
12115,9927,2202,19
12116,9928,2202,41
12117,9928,2237,5
12118,9929,2273,33
12119,9930,2273,14
12120,9931,2273,24
12121,9932,2273,28
12122,9933,2099,23
12123,9933,2134,1
12124,9934,2134,18
12125,9935,2134,22
12126,9936,2134,52
12127,9937,2310,27
12128,9937,2345,4
12129,9938,2345,17
12130,9939,2345,17
12131,9940,2345,34
12132,9941,2241,79
12133,9942,2241,20
12134,9943,2241,21
12135,9944,2241,37
12136,9945,2242,34
12137,9946,2242,30
12138,9947,2242,30
12139,9948,2242,37
12140,9949,2208,43
12141,9950,2208,18
12142,9951,2208,35
12143,9952,2208,48
12144,9953,2174,7
12145,9953,2209,49
12146,9954,2209,21
12147,9955,2209,32
12148,9956,2209,42
12149,9957,2245,58
12150,9958,2245,44
12151,9959,2245,34
12152,9960,2245,51
12153,9961,2246,62
12154,9962,2246,14
12155,9963,2246,23
12156,9964,2246,35
12157,9965,2247,67
12158,9966,2247,37
12159,9967,2247,30
12160,9968,2247,26
12161,9969,2178,66
12162,9970,2178,22
12163,9970,2213,35
12164,9971,2213,33
12165,9972,2213,59
12166,9973,2249,65
12167,9974,2249,48
12168,9975,2249,14
12169,9976,2249,37
12170,9977,2215,56
12171,9978,2215,21
12172,9979,2215,34
12173,9980,2215,29
12174,9980,2250,19
12175,9981,2251,26
12176,9982,2251,37
12177,9983,2251,15
12178,9984,2251,23
12179,9985,2322,85
12180,9986,2322,24
12181,9987,2322,2
12182,9987,2357,25
12183,9988,2357,56
12184,9989,2253,47
12185,9990,2253,30
12186,9991,2253,59
12187,9992,2253,19
12188,9993,2289,38
12189,9994,2289,14
12190,9995,2289,15
12191,9995,2324,30
12192,9996,2324,27
12193,9997,2220,19
12194,9998,2220,36
12195,9999,2220,17
12196,10000,2220,40
12197,10001,2326,41
12198,10002,2326,38
12199,10003,2326,19
12200,10004,2326,58
12201,10005,2222,31
12202,10006,2222,4
12203,10006,2257,50
12204,10007,2257,50
12205,10008,2257,44
12206,10009,2258,53
12207,10010,2258,23
12208,10011,2258,34
12209,10012,2258,39
12210,10013,2259,72
12211,10014,2259,24
12212,10015,2259,28
12213,10016,2259,28
12214,10017,2225,28
12215,10018,2225,38
12216,10019,2225,22
12217,10020,2225,37
12218,10021,2296,36
12219,10022,2296,34
12220,10023,2296,27
12221,10024,2296,33
12222,10025,2262,61
12223,10026,2262,30
12224,10027,2262,21
12225,10028,2262,24
12226,10029,2298,30
12227,10030,2298,37
12228,10031,2298,20
12229,10032,2298,39
12230,10033,2194,22
12231,10034,2194,54
12232,10035,2194,17
12233,10036,2194,25
12234,10037,2335,76
12235,10038,2335,31
12236,10039,2335,16
12237,10040,2335,9
12238,10040,2370,13
12239,10041,2231,40
12240,10042,2231,29
12241,10043,2231,32
12242,10044,2231,59
12243,10045,2232,30
12244,10046,2232,21
12245,10047,2232,13
12246,10047,2267,7
12247,10048,2267,42
12248,10049,2268,22
12249,10050,2268,34
12250,10051,2268,21
12251,10052,2268,13
12252,10053,2409,53
12253,10054,2409,41
12254,10055,2409,21
12255,10055,2444,18
12256,10056,2444,38
12257,10057,2340,34
12258,10058,2340,16
12259,10059,2340,52
12260,10060,2340,66
12261,10061,2271,79
12262,10062,2271,20
12263,10063,2271,2
12264,10064,2271,62
12265,10065,2237,32
12266,10066,2237,41
12267,10067,2237,37
12268,10068,2237,29
12269,10069,2273,64
12270,10070,2273,19
12271,10070,2308,12
12272,10071,2308,38
12273,10072,2308,8
12274,10073,2134,55
12275,10074,2134,30
12276,10075,2134,13
12277,10076,2134,24
12278,10077,2345,54
12279,10077,2380,10
12280,10078,2380,52
12281,10079,2380,11
12282,10080,2380,63
12283,10081,2241,6
12284,10081,2276,29
12285,10082,2276,26
12286,10083,2276,26
12287,10084,2276,23
12288,10085,2242,72
12289,10086,2242,24
12290,10087,2242,34
12291,10088,2242,5
12292,10088,2277,44
12293,10089,2208,40
12294,10090,2208,53
12295,10091,2208,22
12296,10091,2243,16
12297,10092,2243,27
12298,10093,2209,55
12299,10094,2209,22
12300,10095,2209,51
12301,10096,2209,24
12302,10097,2245,59
12303,10098,2245,15
12304,10098,2280,26
12305,10099,2280,38
12306,10100,2280,28
12307,10101,2246,31
12308,10101,2281,17
12309,10102,2281,70
12310,10103,2281,46
12311,10104,2281,19
12312,10105,2247,63
12313,10106,2247,20
12314,10107,2247,20
12315,10107,2282,16
12316,10108,2282,32
12317,10109,2213,62
12318,10110,2213,10
12319,10111,2213,27
12320,10112,2213,42
12321,10113,2249,41
12322,10114,2249,19
12323,10115,2249,13
12324,10116,2249,39
12325,10117,2250,69
12326,10118,2250,21
12327,10119,2250,28
12328,10120,2250,22
12329,10121,2251,57
12330,10122,2251,32
12331,10123,2251,17
12332,10124,2251,29
12333,10125,2357,33
12334,10126,2357,22
12335,10127,2357,34
12336,10128,2357,13
12337,10128,2392,26
12338,10129,2253,14
12339,10129,2288,41
12340,10130,2288,23
12341,10131,2288,61
12342,10132,2288,35
12343,10133,2324,59
12344,10134,2324,30
12345,10135,2324,44
12346,10136,2324,13
12347,10136,2359,13
12348,10137,2220,45
12349,10138,2220,58
12350,10139,2220,34
12351,10140,2220,33
12352,10141,2326,16
12353,10141,2361,27
12354,10142,2361,33
12355,10143,2361,46
12356,10144,2361,34
12357,10144,2396,48
12358,10145,2257,37
12359,10146,2257,45
12360,10147,2257,13
12361,10148,2257,61
12362,10149,2258,72
12363,10150,2258,17
12364,10150,2293,34
12365,10151,2293,45
12366,10152,2293,20
12367,10153,2259,25
12368,10153,2294,19
12369,10154,2294,48
12370,10155,2294,37
12371,10156,2294,53
12372,10157,2225,54
12373,10158,2225,16
12374,10158,2260,10
12375,10159,2260,42
12376,10160,2260,42
12377,10161,2296,43
12378,10161,2331,42
12379,10162,2331,26
12380,10163,2331,16
12381,10164,2331,48
12382,10165,2262,41
12383,10166,2262,19
12384,10166,2297,11
12385,10167,2297,45
12386,10168,2297,53
12387,10169,2298,64
12388,10170,2298,27
12389,10171,2298,13
12390,10171,2333,26
12391,10172,2333,62
12392,10173,2194,14
12393,10173,2229,76
12394,10174,2229,20
12395,10175,2229,34
12396,10176,2229,61
12397,10177,2370,49
12398,10178,2370,64
12399,10179,2370,19
12400,10179,2405,23
12401,10180,2405,26
12402,10181,2231,87
12403,10182,2231,27
12404,10183,2231,27
12405,10184,2231,21
12406,10184,2266,47
12407,10185,2267,77
12408,10186,2267,57
12409,10187,2267,19
12410,10188,2267,57
12411,10189,2268,77
12412,10189,2303,21
12413,10190,2303,24
12414,10191,2303,30
12415,10192,2303,44
12416,10193,2444,50
12417,10194,2444,50
12418,10195,2444,16
12419,10195,2479,4
12420,10196,2479,59
12421,10197,2340,10
12422,10197,2375,39
12423,10198,2375,31
12424,10199,2375,36
12425,10200,2375,49
12426,10201,2271,54
12427,10202,2271,28
12428,10203,2271,21
12429,10204,2271,28
12430,10204,2306,13
12431,10205,2237,37
12432,10206,2237,24
12433,10207,2237,23
12434,10208,2237,61
12435,10209,2308,89
12436,10210,2308,14
12437,10210,2343,57
12438,10211,2343,51
12439,10212,2343,8
12440,10213,2134,27
12441,10214,2134,25
12442,10215,2134,20
12443,10215,2169,48
12444,10216,2169,25
12445,10217,2380,27
12446,10217,2415,35
12447,10218,2415,44
12448,10219,2415,37
12449,10220,2415,19
12450,10220,2450,41
12451,10221,2276,27
12452,10222,2276,34
12453,10223,2276,9
12454,10223,2311,28
12455,10224,2311,53
12456,10225,2277,47
12457,10226,2277,37
12458,10227,2277,10
12459,10227,2312,38
12460,10228,2312,36
12461,10229,2243,50
12462,10230,2243,28
12463,10231,2243,34
12464,10232,2243,41
12465,10233,2209,6
12466,10233,2244,71
12467,10234,2244,65
12468,10235,2244,64
12469,10236,2244,51
12470,10237,2280,37
12471,10238,2280,39
12472,10238,2315,5
12473,10239,2315,27
12474,10240,2315,64
12475,10241,2281,14
12476,10241,2316,4
12477,10242,2316,47
12478,10243,2316,44
12479,10244,2316,71
12480,10245,2282,53
12481,10246,2282,67
12482,10246,2317,9
12483,10247,2317,43
12484,10248,2317,40
12485,10249,2213,60
12486,10250,2213,15
12487,10250,2248,37
12488,10251,2248,23
12489,10252,2248,40
12490,10253,2249,53
12491,10254,2249,41
12492,10255,2249,12
12493,10255,2284,47
12494,10256,2284,37
12495,10257,2250,131
12496,10258,2250,11
12497,10258,2285,49
12498,10259,2285,35
12499,10260,2285,37
12500,10261,2251,58
12501,10261,2286,47
12502,10262,2286,17
12503,10263,2286,37
12504,10264,2286,47
12505,10264,2321,6
12506,10265,2392,48
12507,10266,2392,59
12508,10267,2392,31
12509,10267,2427,23
12510,10268,2427,32
12511,10269,2288,38
12512,10270,2288,17
12513,10270,2323,14
12514,10271,2323,14
12515,10272,2323,55
12516,10273,2359,128
12517,10274,2359,38
12518,10274,2394,3
12519,10275,2394,27
12520,10276,2394,73
12521,10277,2220,29
12522,10277,2255,32
12523,10278,2255,40
12524,10279,2255,31
12525,10280,2255,66
12526,10281,2396,51
12527,10282,2396,44
12528,10283,2396,43
12529,10284,2396,7
12530,10284,2431,52
12531,10285,2257,54
12532,10285,2292,18
12533,10286,2292,41
12534,10287,2292,66
12535,10288,2292,47
12536,10288,2327,16
12537,10289,2293,12
12538,10289,2328,31
12539,10290,2328,49
12540,10291,2328,48
12541,10292,2328,61
12542,10292,2363,23
12543,10293,2294,24
12544,10293,2329,12
12545,10294,2329,33
12546,10295,2329,37
12547,10296,2329,64
12548,10297,2260,41
12549,10298,2260,64
12550,10299,2260,38
12551,10300,2260,79
12552,10301,2331,10
12553,10301,2366,89
12554,10302,2366,27
12555,10303,2366,38
12556,10303,2401,22
12557,10304,2401,44
12558,10305,2297,15
12559,10305,2332,51
12560,10306,2332,63
12561,10307,2332,36
12562,10308,2332,48
12563,10308,2367,13
12564,10309,2333,42
12565,10310,2333,51
12566,10311,2333,4
12567,10311,2368,31
12568,10312,2368,39
12569,10313,2229,57
12570,10314,2229,28
12571,10315,2229,50
12572,10316,2229,51
12573,10317,2405,65
12574,10318,2405,62
12575,10319,2405,3
12576,10319,2440,14
12577,10320,2440,42
12578,10321,2266,64
12579,10322,2266,65
12580,10323,2266,34
12581,10324,2266,54
12582,10325,2267,38
12583,10326,2267,47
12584,10327,2267,21
12585,10327,2302,10
12586,10328,2302,94
12587,10329,2303,77
12588,10330,2303,6
12589,10330,2338,31
12590,10331,2338,40
12591,10332,2338,63
12592,10333,2479,67
12593,10334,2479,40
12594,10335,2479,7
12595,10335,2514,45
12596,10336,2514,101
12597,10337,2375,46
12598,10338,2375,12
12599,10338,2410,40
12600,10339,2410,39
12601,10340,2410,36
12602,10341,2306,52
12603,10342,2306,10
12604,10343,2306,25
12605,10344,2306,72
12606,10345,2237,34
12607,10346,2237,33
12608,10347,2237,49
12609,10348,2237,74
12610,10349,2343,9
12611,10349,2378,24
12612,10350,2378,54
12613,10351,2378,37
12614,10352,2378,15
12615,10353,2169,46
12616,10354,2169,73
12617,10355,2169,30
12618,10356,2169,57
12619,10357,2450,50
12620,10358,2450,24
12621,10359,2450,1
12622,10359,2485,25
12623,10360,2485,69
12624,10361,2311,53
12625,10362,2311,7
12626,10362,2346,42
12627,10363,2346,47
12628,10364,2346,57
12629,10364,2381,35
12630,10365,2312,84
12631,10366,2312,75
12632,10367,2312,27
12633,10367,2347,33
12634,10368,2347,116
12635,10369,2243,50
12636,10370,2243,20
12637,10370,2278,9
12638,10371,2278,35
12639,10372,2278,75
12640,10373,2244,60
12641,10374,2244,1
12642,10374,2279,38
12643,10375,2279,42
12644,10376,2279,34
12645,10376,2314,87
12646,10377,2315,80
12647,10378,2315,7
12648,10378,2350,107
12649,10379,2350,47
12650,10379,2385,8
12651,10380,2385,63
12652,10381,2316,30
12653,10381,2351,89
12654,10382,2351,63
12655,10383,2351,14
12656,10384,2351,18
12657,10384,2386,71
12658,10385,2317,94
12659,10385,2352,14
12660,10386,2352,38
12661,10387,2352,53
12662,10388,2352,12
12663,10388,2387,24
12664,10389,2248,71
12665,10390,2248,78
12666,10391,2248,61
12667,10392,2248,4
12668,10392,2283,47
12669,10393,2284,93
12670,10393,2319,4
12671,10394,2319,68
12672,10395,2319,43
12673,10396,2319,84
12674,10397,2285,156
12675,10397,2320,6
12676,10398,2320,78
12677,10399,2320,38
12678,10400,2320,20
12679,10400,2355,67
12680,10401,2321,77
12681,10402,2321,40
12682,10402,2356,24
12683,10403,2356,58
12684,10404,2356,43
12685,10405,2427,55
12686,10406,2427,59
12687,10407,2427,49
12688,10407,2462,10
12689,10408,2462,85
12690,10409,2323,99
12691,10410,2323,43
12692,10411,2323,4
12693,10411,2358,23
12694,10412,2358,28
12695,10413,2394,72
12696,10414,2394,63
12697,10414,2429,4
12698,10415,2429,30
12699,10416,2429,46
12700,10417,2255,85
12701,10418,2255,92
12702,10418,2290,12
12703,10419,2290,66
12704,10420,2290,83
12705,10421,2431,65
12706,10422,2431,57
12707,10423,2431,39
12708,10423,2466,43
12709,10424,2466,141
12710,10425,2327,103
12711,10426,2327,65
12712,10427,2327,44
12713,10427,2362,15
12714,10428,2362,43
12715,10429,2363,84
12716,10430,2363,100
12717,10431,2363,7
12718,10431,2398,24
12719,10432,2398,105
12720,10433,2329,77
12721,10434,2329,41
12722,10434,2364,28
12723,10435,2364,29
12724,10436,2364,35
12725,10437,2260,97
12726,10438,2260,17
12727,10438,2295,58
12728,10439,2295,34
12729,10440,2295,60
12730,10441,2401,73
12731,10442,2401,36
12732,10443,2401,49
12733,10443,2436,19
12734,10444,2436,96
12735,10445,2367,133
12736,10446,2367,8
12737,10446,2402,34
12738,10447,2402,67
12739,10448,2402,42
12740,10449,2368,66
12741,10449,2403,1
12742,10450,2403,70
12743,10451,2403,35
12744,10452,2403,49
12745,10452,2438,34
12746,10453,2229,4
12747,10453,2264,37
12748,10454,2264,97
12749,10455,2264,50
12750,10456,2264,70
12751,10457,2440,92
12752,10457,2475,51
12753,10458,2475,29
12754,10459,2475,24
12755,10460,2475,77
12756,10461,2266,76
12757,10462,2266,21
12758,10462,2301,31
12759,10463,2301,75
12760,10464,2301,27
12761,10465,2302,84
12762,10465,2337,4
12763,10466,2337,73
12764,10467,2337,31
12765,10468,2337,50
12766,10469,2338,71
12767,10469,2373,41
12768,10470,2373,35
12769,10471,2373,46
12770,10472,2373,68
12771,10473,2514,59
12772,10474,2514,39
12773,10475,2514,45
12774,10475,2549,45
12775,10476,2549,114
12776,10477,2410,51
12777,10478,2410,26
12778,10478,2445,70
12779,10479,2445,43
12780,10480,2445,7
12781,10480,2480,79
12782,10481,2306,1
12783,10481,2341,113
12784,10482,2341,44
12785,10483,2341,35
12786,10483,2376,2
12787,10484,2376,59
12788,10485,2237,5
12789,10485,2272,101
12790,10486,2272,65
12791,10487,2272,31
12792,10488,2272,88
12793,10489,2378,53
12794,10489,2413,45
12795,10490,2413,66
12796,10491,2413,35
12797,10492,2413,70
12798,10492,2448,13
12799,10493,2169,50
12800,10493,2204,7
12801,10494,2204,108
12802,10495,2204,51
12803,10496,2204,37
12804,10497,2485,113
12805,10497,2520,8
12806,10498,2520,37
12807,10499,2520,65
12808,10500,2520,53
12809,10501,2381,57
12810,10502,2381,56
12811,10502,2416,11
12812,10503,2416,26
12813,10504,2416,41
12814,10505,2347,51
12815,10505,2382,53
12816,10506,2382,43
12817,10507,2382,62
12818,10507,2417,13
12819,10508,2417,62
12820,10509,2278,43
12821,10509,2313,69
12822,10510,2313,63
12823,10511,2313,44
12824,10512,2313,25
12825,10512,2348,36
12826,10513,2314,52
12827,10513,2349,50
12828,10514,2349,59
12829,10515,2349,38
12830,10516,2349,24
12831,10516,2384,47
12832,10517,2385,70
12833,10517,2420,29
12834,10518,2420,78
12835,10519,2420,53
12836,10519,2455,18
12837,10520,2455,106
12838,10521,2386,78
12839,10521,2421,8
12840,10522,2421,38
12841,10523,2421,32
12842,10524,2421,21
12843,10525,2387,32
12844,10526,2387,37
12845,10527,2387,26
12846,10528,2387,22
12847,10528,2422,61
12848,10529,2283,48
12849,10530,2283,45
12850,10531,2283,22
12851,10532,2283,21
12852,10532,2318,56
12853,10533,2319,14
12854,10533,2354,52
12855,10534,2354,101
12856,10535,2354,33
12857,10536,2354,17
12858,10536,2389,24
12859,10537,2355,103
12860,10538,2355,43
12861,10538,2390,13
12862,10539,2390,42
12863,10540,2390,29
12864,10541,2356,53
12865,10541,2391,43
12866,10542,2391,49
12867,10543,2391,56
12868,10544,2391,41
12869,10545,2462,81
12870,10546,2462,55
12871,10546,2497,21
12872,10547,2497,34
12873,10548,2497,78
12874,10549,2358,60
12875,10550,2358,47
12876,10550,2393,1
12877,10551,2393,48
12878,10552,2393,58
12879,10553,2429,61
12880,10553,2464,6
12881,10554,2464,35
12882,10555,2464,45
12883,10556,2464,92
12884,10557,2290,4
12885,10557,2325,89
12886,10558,2325,57
12887,10559,2325,18
12888,10560,2325,56
12889,10560,2360,89
12890,10561,2466,74
12891,10562,2466,76
12892,10563,2466,11
12893,10563,2501,25
12894,10564,2501,58
12895,10565,2362,54
12896,10566,2362,43
12897,10566,2397,52
12898,10567,2397,79
12899,10568,2397,58
12900,10568,2432,30
12901,10569,2398,10
12902,10569,2433,104
12903,10570,2433,29
12904,10571,2433,33
12905,10572,2433,3
12906,10572,2468,67
12907,10573,2364,63
12908,10574,2364,4
12909,10574,2399,62
12910,10575,2399,71
12911,10576,2399,47
12912,10576,2434,1
12913,10577,2295,9
12914,10577,2330,101
12915,10578,2330,69
12916,10579,2330,22
12917,10580,2330,24
12918,10580,2365,20
12919,10581,2436,47
12920,10581,2471,8
12921,10582,2471,50
12922,10583,2471,25
12923,10584,2471,60
12924,10585,2402,44
12925,10585,2437,60
12926,10586,2437,42
12927,10587,2437,21
12928,10587,2472,9
12929,10588,2472,52
12930,10589,2438,103
12931,10589,2473,19
12932,10590,2473,73
12933,10591,2473,57
12934,10592,2473,56
12935,10593,2264,84
12936,10594,2264,17
12937,10594,2299,3
12938,10595,2299,18
12939,10596,2299,66
12940,10597,2475,92
12941,10598,2475,9
12942,10598,2510,29
12943,10599,2510,60
12944,10600,2510,101
12945,10601,2301,17
12946,10601,2336,111
12947,10602,2336,54
12948,10602,2371,8
12949,10603,2371,32
12950,10604,2371,27
12951,10605,2337,31
12952,10605,2372,46
12953,10606,2372,59
12954,10607,2372,48
12955,10608,2372,42
12956,10609,2373,35
12957,10609,2408,60
12958,10610,2408,33
12959,10611,2408,50
12960,10612,2408,54
12961,10612,2443,9
12962,10613,2549,51
12963,10614,2549,26
12964,10614,2584,20
12965,10615,2584,46
12966,10616,2584,52
12967,10617,2480,78
12968,10618,2480,38
12969,10619,2480,17
12970,10620,2480,38
12971,10620,2515,71
12972,10621,2376,87
12973,10622,2376,29
12974,10622,2411,7
12975,10623,2411,62
12976,10624,2411,31
12977,10624,2446,111
12978,10625,2272,26
12979,10625,2307,66
12980,10626,2307,43
12981,10627,2307,28
12982,10628,2307,17
12983,10628,2342,10
12984,10629,2448,60
12985,10630,2448,71
12986,10631,2448,2
12987,10631,2483,53
12988,10632,2483,44
12989,10633,2204,57
12990,10634,2204,65
12991,10635,2204,21
12992,10636,2204,63
12993,10636,2239,5
12994,10637,2520,55
12995,10638,2520,22
12996,10638,2555,13
12997,10639,2555,49
12998,10640,2555,86
12999,10641,2416,42
13000,10642,2416,24
13001,10643,2416,9
13002,10643,2451,13
13003,10644,2451,29
13004,10645,2417,32
13005,10646,2417,28
13006,10647,2417,33
13007,10648,2417,4
13008,10648,2452,30
13009,10649,2348,37
13010,10650,2348,19
13011,10651,2348,17
13012,10652,2348,37
13013,10653,2384,44
13014,10654,2384,28
13015,10655,2384,44
13016,10656,2384,8
13017,10656,2419,25
13018,10657,2455,34
13019,10658,2455,14
13020,10659,2455,28
13021,10660,2455,32
13022,10661,2421,25
13023,10662,2421,22
13024,10663,2421,14
13025,10664,2421,30
13026,10665,2422,84
13027,10666,2422,5
13028,10666,2457,29
13029,10667,2457,24
13030,10668,2457,19
13031,10669,2318,30
13032,10670,2318,11
13033,10671,2318,36
13034,10672,2318,33
13035,10673,2389,39
13036,10674,2389,24
13037,10675,2389,27
13038,10675,2424,5
13039,10676,2424,40
13040,10677,2390,37
13041,10678,2390,2
13042,10678,2425,31
13043,10679,2425,35
13044,10680,2425,37
13045,10681,2391,34
13046,10681,2426,6
13047,10682,2426,31
13048,10683,2426,23
13049,10684,2426,33
13050,10684,2461,16
13051,10685,2497,50
13052,10686,2497,32
13053,10686,2532,8
13054,10687,2532,25
13055,10688,2532,45
13056,10689,2393,45
13057,10690,2393,20
13058,10690,2428,12
13059,10691,2428,9
13060,10692,2428,30
13061,10693,2464,33
13062,10694,2464,24
13063,10694,2499,10
13064,10695,2499,15
13065,10696,2499,30
13066,10697,2360,36
13067,10698,2360,33
13068,10699,2360,25
13069,10700,2360,48
13070,10701,2501,32
13071,10702,2501,26
13072,10703,2501,31
13073,10704,2501,30
13074,10705,2432,19
13075,10706,2432,18
13076,10707,2432,17
13077,10708,2432,45
13078,10709,2468,11
13079,10710,2468,15
13080,10711,2468,27
13081,10712,2468,22
13082,10713,2434,13
13083,10714,2434,26
13084,10715,2434,36
13085,10716,2434,48
13086,10717,2365,45
13087,10718,2365,37
13088,10719,2365,8
13089,10719,2400,2
13090,10720,2400,36
13091,10721,2471,40
13092,10722,2471,24
13093,10723,2471,19
13094,10724,2471,39
13095,10725,2472,29
13096,10726,2472,29
13097,10727,2472,14
13098,10728,2472,30
13099,10729,2473,30
13100,10730,2473,21
13101,10731,2473,22
13102,10732,2473,8
13103,10732,2508,48
13104,10733,2299,65
13105,10734,2299,9
13106,10735,2299,28
13107,10736,2299,28
13108,10736,2334,25
13109,10737,2510,41
13110,10738,2510,60
13111,10739,2510,12
13112,10739,2545,18
13113,10740,2545,79
13114,10741,2371,50
13115,10742,2371,13
13116,10743,2371,18
13117,10743,2406,2
13118,10744,2406,33
13119,10745,2372,3
13120,10745,2407,44
13121,10746,2407,45
13122,10747,2407,24
13123,10748,2407,37
13124,10748,2442,17
13125,10749,2443,34
13126,10750,2443,20
13127,10751,2443,31
13128,10752,2443,31
13129,10753,2584,54
13130,10754,2584,43
13131,10755,2584,29
13132,10756,2584,43
13133,10756,2619,7
13134,10757,2515,61
13135,10758,2515,20
13136,10759,2515,3
13137,10759,2550,10
13138,10760,2550,24
13139,10761,2446,55
13140,10762,2446,6
13141,10762,2481,26
13142,10763,2481,17
13143,10764,2481,46
13144,10765,2342,22
13145,10766,2342,36
13146,10767,2342,39
13147,10768,2342,32
13148,10769,2483,43
13149,10770,2483,26
13150,10771,2483,30
13151,10772,2483,49
13152,10773,2239,55
13153,10774,2239,17
13154,10775,2239,25
13155,10776,2239,41
13156,10777,2555,49
13157,10778,2590,36
13158,10779,2590,29
13159,10780,2590,31
13160,10781,2451,75
13161,10782,2451,33
13162,10783,2451,29
13163,10784,2451,28
13164,10785,2452,44
13165,10786,2452,51
13166,10787,2452,20
13167,10788,2452,58
13168,10789,2348,83
13169,10789,2383,1
13170,10790,2383,20
13171,10791,2383,21
13172,10792,2383,31
13173,10793,2419,46
13174,10794,2419,41
13175,10795,2419,17
13176,10795,2454,17
13177,10796,2454,39
13178,10797,2455,13
13179,10797,2490,28
13180,10798,2490,16
13181,10799,2490,36
13182,10800,2490,53
13183,10801,2421,6
13184,10801,2456,37
13185,10802,2456,43
13186,10803,2456,23
13187,10804,2456,36
13188,10805,2457,56
13189,10806,2457,15
13190,10807,2457,16
13191,10808,2457,27
13192,10809,2318,7
13193,10809,2353,16
13194,10810,2353,28
13195,10811,2353,5
13196,10812,2353,64
13197,10813,2424,36
13198,10814,2424,27
13199,10815,2424,44
13200,10816,2424,3
13201,10816,2459,45
13202,10817,2425,62
13203,10817,2460,5
13204,10818,2460,18
13205,10819,2460,39
13206,10820,2460,44
13207,10821,2461,56
13208,10822,2461,14
13209,10823,2461,25
13210,10824,2461,26
13211,10825,2532,24
13212,10826,2532,31
13213,10827,2532,13
13214,10828,2532,11
13215,10829,2428,60
13216,10830,2428,42
13217,10831,2428,4
13218,10831,2463,29
13219,10832,2463,46
13220,10833,2499,49
13221,10834,2499,26
13222,10835,2499,25
13223,10836,2499,20
13224,10837,2360,6
13225,10837,2395,50
13226,10838,2395,44
13227,10839,2395,49
13228,10840,2395,2
13229,10840,2430,34
13230,10841,2501,22
13231,10842,2501,3
13232,10842,2536,12
13233,10843,2536,21
13234,10844,2536,28
13235,10845,2432,16
13236,10845,2467,50
13237,10846,2467,30
13238,10847,2467,16
13239,10848,2467,21
13240,10849,2468,49
13241,10849,2503,6
13242,10850,2503,31
13243,10851,2503,26
13244,10852,2503,43
13245,10853,2434,32
13246,10853,2469,4
13247,10854,2469,36
13248,10855,2469,12
13249,10856,2469,40
13250,10857,2400,61
13251,10858,2400,33
13252,10858,2435,32
13253,10859,2435,24
13254,10860,2435,44
13255,10861,2471,25
13256,10862,2471,14
13257,10863,2471,10
13258,10863,2506,6
13259,10864,2506,52
13260,10865,2472,30
13261,10865,2507,1
13262,10866,2507,24
13263,10867,2507,13
13264,10868,2507,15
13265,10869,2508,40
13266,10870,2508,14
13267,10871,2508,24
13268,10872,2508,41
13269,10873,2334,62
13270,10874,2334,13
13271,10875,2334,35
13272,10876,2334,20
13273,10876,2369,36
13274,10877,2545,20
13275,10878,2545,33
13276,10879,2545,33
13277,10880,2545,36
13278,10880,2580,15
13279,10881,2406,56
13280,10882,2406,40
13281,10883,2406,4
13282,10883,2441,13
13283,10884,2441,43
13284,10885,2442,52
13285,10886,2442,12
13286,10887,2442,24
13287,10888,2442,62
13288,10888,2477,3
13289,10889,2443,28
13290,10890,2443,6
13291,10890,2478,27
13292,10891,2478,38
13293,10892,2478,29
13294,10893,2619,61
13295,10894,2619,55
13296,10895,2619,22
13297,10896,2619,33
13298,10897,2550,35
13299,10898,2550,18
13300,10899,2550,31
13301,10900,2550,70
13302,10901,2481,31
13303,10902,2481,29
13304,10903,2481,24
13305,10903,2516,4
13306,10904,2516,40
13307,10905,2342,54
13308,10906,2342,14
13309,10907,2342,14
13310,10907,2377,19
13311,10908,2377,11
13312,10909,2483,36
13313,10909,2518,31
13314,10910,2518,16
13315,10911,2518,17
13316,10912,2518,16
13317,10913,2239,39
13318,10914,2239,10
13319,10915,2239,26
13320,10916,2239,37
13321,10917,2590,39
13322,10918,2590,28
13323,10919,2590,19
13324,10920,2590,29
13325,10921,2451,24
13326,10921,2486,21
13327,10922,2486,29
13328,10923,2486,24
13329,10924,2486,23
13330,10925,2452,33
13331,10926,2452,32
13332,10926,2487,7
13333,10927,2487,12
13334,10928,2487,61
13335,10929,2383,51
13336,10930,2383,17
13337,10931,2383,47
13338,10932,2418,30
13339,10933,2454,35
13340,10934,2454,37
13341,10935,2454,25
13342,10936,2454,25
13343,10937,2490,43
13344,10938,2490,19
13345,10939,2490,14
13346,10940,2490,37
13347,10940,2525,25
13348,10941,2456,29
13349,10942,2456,39
13350,10943,2456,36
13351,10944,2456,46
13352,10945,2457,52
13353,10946,2457,25
13354,10947,2457,31
13355,10947,2492,5
13356,10948,2492,43
13357,10949,2353,20
13358,10949,2388,26
13359,10950,2388,42
13360,10951,2388,19
13361,10952,2388,28
13362,10952,2423,25
13363,10953,2459,35
13364,10954,2459,35
13365,10955,2459,32
13366,10956,2459,33
13367,10957,2460,40
13368,10958,2460,23
13369,10959,2460,15
13370,10960,2460,12
13371,10961,2461,28
13372,10962,2461,23
13373,10963,2461,18
13374,10964,2461,10
13375,10964,2496,41
13376,10965,2532,49
13377,10966,2532,16
13378,10966,2567,18
13379,10967,2567,40
13380,10968,2567,29
13381,10969,2463,30
13382,10969,2498,37
13383,10970,2498,58
13384,10971,2498,17
13385,10972,2533,29
13386,10973,2499,51
13387,10974,2499,37
13388,10975,2499,12
13389,10975,2534,17
13390,10976,2534,35
13391,10977,2430,50
13392,10978,2430,49
13393,10979,2430,30
13394,10980,2430,35
13395,10981,2536,21
13396,10982,2536,24
13397,10983,2536,10
13398,10984,2536,32
13399,10985,2467,75
13400,10986,2467,17
13401,10986,2502,10
13402,10987,2502,22
13403,10988,2502,46
13404,10989,2503,27
13405,10990,2503,32
13406,10991,2503,25
13407,10992,2503,31
13408,10992,2538,3
13409,10993,2469,106
13410,10994,2469,44
13411,10995,2469,8
13412,10995,2504,36
13413,10996,2504,21
13414,10997,2435,42
13415,10998,2435,29
13416,10998,2470,9
13417,10999,2470,36
13418,11000,2470,49
13419,11001,2506,74
13420,11002,2506,67
13421,11003,2506,30
13422,11003,2541,3
13423,11004,2541,51
13424,11005,2507,30
13425,11006,2507,13
13426,11007,2507,20
13427,11008,2507,60
13428,11009,2508,17
13429,11009,2543,63
13430,11010,2543,46
13431,11011,2543,27
13432,11011,2578,30
13433,11012,2578,41
13434,11013,2369,44
13435,11014,2369,40
13436,11015,2369,9
13437,11015,2404,6
13438,11016,2404,35
13439,11017,2580,17
13440,11018,2580,33
13441,11019,2580,18
13442,11020,2580,47
13443,11021,2441,36
13444,11022,2441,26
13445,11023,2441,17
13446,11024,2441,36
13447,11025,2477,37
13448,11026,2477,20
13449,11027,2477,8
13450,11028,2477,51
13451,11029,2478,59
13452,11030,2478,33
13453,11031,2478,32
13454,11032,2478,41
13455,11032,2513,2
13456,11033,2619,30
13457,11034,2619,24
13458,11034,2654,50
13459,11035,2654,46
13460,11036,2654,42
13461,11037,2550,17
13462,11037,2585,6
13463,11038,2585,25
13464,11039,2585,23
13465,11040,2585,38
13466,11041,2516,44
13467,11042,2516,42
13468,11043,2516,21
13469,11044,2516,45
13470,11044,2551,18
13471,11045,2377,41
13472,11046,2377,22
13473,11047,2377,55
13474,11048,2377,26
13475,11049,2518,40
13476,11050,2518,6
13477,11051,2518,42
13478,11052,2518,40
13479,11053,2239,65
13480,11054,2239,13
13481,11054,2274,15
13482,11055,2274,16
13483,11056,2274,46
13484,11057,2590,88
13485,11058,2590,22
13486,11059,2590,15
13487,11059,2625,19
13488,11060,2625,39
13489,11061,2486,34
13490,11062,2486,28
13491,11063,2486,40
13492,11064,2486,63
13493,11065,2487,60
13494,11066,2487,33
13495,11067,2487,13
13496,11068,2487,28
13497,11068,2522,21
13498,11069,2418,36
13499,11070,2418,60
13500,11070,2453,45
13501,11071,2453,40
13502,11072,2453,35
13503,11073,2454,68
13504,11074,2454,24
13505,11075,2454,23
13506,11075,2489,10
13507,11076,2489,26
13508,11077,2525,39
13509,11078,2525,43
13510,11079,2525,20
13511,11080,2525,42
13512,11081,2456,6
13513,11081,2491,39
13514,11082,2491,18
13515,11083,2491,18
13516,11084,2491,36
13517,11085,2492,62
13518,11086,2492,50
13519,11087,2492,15
13520,11088,2492,28
13521,11089,2423,46
13522,11090,2423,52
13523,11091,2423,37
13524,11092,2423,23
13525,11092,2458,24
13526,11093,2459,58
13527,11094,2459,13
13528,11094,2494,3
13529,11095,2494,55
13530,11096,2494,53
13531,11097,2460,36
13532,11098,2460,25
13533,11099,2460,2
13534,11099,2495,38
13535,11100,2495,28
13536,11101,2496,39
13537,11102,2496,36
13538,11103,2496,31
13539,11104,2496,45
13540,11105,2567,85
13541,11106,2567,66
13542,11107,2567,41
13543,11108,2567,52
13544,11109,2533,64
13545,11110,2533,46
13546,11111,2533,23
13547,11112,2533,40
13548,11113,2534,52
13549,11114,2534,68
13550,11115,2534,16
13551,11116,2534,80
13552,11117,2430,32
13553,11118,2430,22
13554,11119,2430,2
13555,11119,2465,31
13556,11120,2465,50
13557,11121,2536,50
13558,11122,2536,57
13559,11123,2536,16
13560,11123,2571,29
13561,11124,2571,29
13562,11125,2502,67
13563,11126,2502,51
13564,11127,2502,19
13565,11128,2502,29
13566,11129,2538,39
13567,11130,2538,18
13568,11131,2538,23
13569,11132,2538,47
13570,11133,2504,47
13571,11134,2504,26
13572,11135,2504,42
13573,11136,2504,42
13574,11137,2470,48
13575,11138,2470,20
13576,11139,2470,27
13577,11140,2470,40
13578,11140,2505,7
13579,11141,2541,68
13580,11142,2541,95
13581,11143,2541,21
13582,11143,2576,8
13583,11144,2576,42
13584,11145,2507,21
13585,11145,2542,36
13586,11146,2542,51
13587,11147,2542,42
13588,11148,2542,37
13589,11149,2578,58
13590,11150,2578,23
13591,11151,2578,37
13592,11152,2578,67
13593,11152,2613,2
13594,11153,2404,49
13595,11154,2404,23
13596,11155,2404,25
13597,11156,2404,38
13598,11156,2439,16
13599,11157,2580,29
13600,11158,2580,64
13601,11159,2580,35
13602,11159,2615,3
13603,11160,2615,22
13604,11161,2441,3
13605,11161,2476,42
13606,11162,2476,31
13607,11163,2476,53
13608,11164,2476,72
13609,11165,2477,45
13610,11166,2477,31
13611,11167,2477,34
13612,11168,2477,18
13613,11168,2512,41
13614,11169,2513,51
13615,11170,2513,48
13616,11171,2513,36
13617,11172,2513,70
13618,11173,2654,42
13619,11174,2654,32
13620,11175,2654,20
13621,11175,2689,26
13622,11176,2689,24
13623,11177,2585,41
13624,11178,2585,22
13625,11179,2585,20
13626,11180,2585,34
13627,11180,2620,9
13628,11181,2551,90
13629,11182,2551,46
13630,11183,2551,20
13631,11184,2551,21
13632,11184,2586,33
13633,11185,2377,91
13634,11185,2412,7
13635,11186,2412,19
13636,11187,2412,19
13637,11188,2412,58
13638,11189,2518,7
13639,11189,2553,63
13640,11190,2553,41
13641,11191,2553,34
13642,11192,2553,49
13643,11193,2274,32
13644,11194,2274,33
13645,11195,2274,54
13646,11196,2274,20
13647,11197,2625,70
13648,11198,2625,41
13649,11198,2660,4
13650,11199,2660,41
13651,11200,2660,26
13652,11201,2486,1
13653,11201,2521,45
13654,11202,2521,81
13655,11203,2521,43
13656,11204,2521,9
13657,11204,2556,25
13658,11205,2522,57
13659,11206,2522,55
13660,11207,2522,22
13661,11208,2522,40
13662,11209,2453,63
13663,11210,2453,66
13664,11211,2453,50
13665,11212,2453,20
13666,11212,2488,45
13667,11213,2489,79
13668,11214,2489,50
13669,11215,2489,16
13670,11215,2524,3
13671,11216,2524,84
13672,11217,2525,18
13673,11217,2560,69
13674,11218,2560,34
13675,11219,2560,38
13676,11220,2560,76
13677,11221,2491,63
13678,11221,2526,13
13679,11222,2526,41
13680,11223,2526,23
13681,11224,2526,59
13682,11225,2492,77
13683,11226,2492,3
13684,11226,2527,43
13685,11227,2527,31
13686,11228,2527,77
13687,11229,2458,44
13688,11230,2458,39
13689,11231,2458,26
13690,11232,2458,30
13691,11233,2494,67
13692,11234,2494,51
13693,11235,2494,39
13694,11235,2529,11
13695,11236,2529,80
13696,11237,2495,47
13697,11238,2495,61
13698,11239,2495,53
13699,11240,2495,54
13700,11240,2530,40
13701,11241,2496,43
13702,11242,2496,43
13703,11243,2496,22
13704,11243,2531,29
13705,11244,2531,27
13706,11245,2567,11
13707,11245,2602,12
13708,11246,2602,49
13709,11247,2602,47
13710,11248,2602,43
13711,11249,2533,37
13712,11250,2533,34
13713,11251,2533,8
13714,11251,2568,22
13715,11252,2568,72
13716,11253,2534,52
13717,11254,2534,5
13718,11254,2569,76
13719,11255,2569,24
13720,11256,2569,58
13721,11257,2465,56
13722,11258,2465,79
13723,11259,2465,56
13724,11260,2465,9
13725,11260,2500,75
13726,11261,2571,84
13727,11262,2571,38
13728,11263,2571,36
13729,11263,2606,2
13730,11264,2606,61
13731,11265,2502,49
13732,11265,2537,27
13733,11266,2537,86
13734,11267,2537,39
13735,11267,2572,5
13736,11268,2572,68
13737,11269,2538,88
13738,11270,2538,27
13739,11270,2573,3
13740,11271,2573,37
13741,11272,2573,28
13742,11273,2504,23
13743,11273,2539,26
13744,11274,2539,64
13745,11275,2539,16
13746,11276,2539,53
13747,11277,2505,42
13748,11278,2505,46
13749,11279,2505,33
13750,11280,2505,104
13751,11281,2576,91
13752,11282,2576,45
13753,11282,2611,9
13754,11283,2611,15
13755,11284,2611,58
13756,11285,2542,40
13757,11285,2577,33
13758,11286,2577,69
13759,11287,2577,51
13760,11288,2577,68
13761,11289,2613,26
13762,11290,2613,34
13763,11291,2613,57
13764,11292,2613,30
13765,11293,2439,77
13766,11294,2439,47
13767,11295,2439,37
13768,11295,2474,20
13769,11296,2474,75
13770,11297,2615,81
13771,11298,2615,75
13772,11299,2615,48
13773,11300,2615,34
13774,11301,2476,42
13775,11301,2511,21
13776,11302,2511,40
13777,11303,2511,22
13778,11304,2511,42
13779,11305,2512,73
13780,11306,2512,37
13781,11307,2512,29
13782,11308,2512,25
13783,11309,2513,7
13784,11309,2548,61
13785,11310,2548,50
13786,11311,2548,61
13787,11312,2548,58
13788,11312,2583,1
13789,11313,2689,146
13790,11314,2689,21
13791,11315,2689,41
13792,11316,2689,43
13793,11317,2620,32
13794,11318,2620,41
13795,11319,2620,48
13796,11320,2620,44
13797,11321,2586,72
13798,11322,2586,28
13799,11323,2586,33
13800,11324,2586,59
13801,11324,2621,31
13802,11325,2412,66
13803,11326,2447,15
13804,11327,2447,40
13805,11328,2447,87
13806,11329,2553,61
13807,11330,2553,4
13808,11330,2588,14
13809,11331,2588,13
13810,11332,2588,70
13811,11333,2274,14
13812,11334,2274,43
13813,11335,2274,32
13814,11336,2274,3
13815,11336,2309,53
13816,11337,2660,64
13817,11338,2660,53
13818,11339,2660,22
13819,11340,2660,34
13820,11341,2556,123
13821,11342,2556,53
13822,11342,2591,72
13823,11343,2591,37
13824,11344,2591,88
13825,11345,2522,91
13826,11345,2557,37
13827,11346,2557,130
13828,11347,2557,24
13829,11347,2592,32
13830,11348,2592,67
13831,11349,2488,142
13832,11350,2488,82
13833,11351,2488,46
13834,11352,2488,26
13835,11352,2523,34
13836,11353,2524,125
13837,11354,2524,32
13838,11355,2524,12
13839,11355,2559,105
13840,11356,2559,45
13841,11357,2560,48
13842,11357,2595,87
13843,11358,2595,107
13844,11359,2595,91
13845,11360,2595,13
13846,11360,2630,69
13847,11361,2526,80
13848,11362,2526,27
13849,11362,2561,52
13850,11363,2561,107
13851,11364,2561,67
13852,11364,2596,14
13853,11365,2527,1
13854,11365,2562,201
13855,11366,2562,26
13856,11367,2562,19
13857,11367,2597,5
13858,11368,2597,191
13859,11369,2458,86
13860,11369,2493,4
13861,11370,2493,70
13862,11371,2493,75
13863,11372,2493,70
13864,11372,2528,77
13865,11373,2529,24
13866,11374,2529,113
13867,11375,2529,51
13868,11376,2529,22
13869,11376,2564,30
13870,11377,2530,121
13871,11378,2530,56
13872,11379,2530,71
13873,11379,2565,21
13874,11380,2565,114
13875,11381,2531,153
13876,11382,2531,61
13877,11382,2566,139
13878,11383,2566,84
13879,11384,2566,69
13880,11385,2602,58
13881,11385,2637,17
13882,11386,2637,63
13883,11387,2637,94
13884,11388,2637,143
13885,11388,2672,20
13886,11389,2568,129
13887,11390,2568,7
13888,11390,2603,102
13889,11391,2603,123
13890,11391,2638,21
13891,11392,2638,73
13892,11393,2569,93
13893,11394,2569,61
13894,11394,2604,20
13895,11395,2604,58
13896,11396,2604,110
13897,11397,2500,100
13898,11397,2535,87
13899,11398,2535,64
13900,11399,2535,74
13901,11400,2535,21
13902,11400,2570,69
13903,11401,2606,139
13904,11401,2641,70
13905,11402,2641,35
13906,11403,2641,48
13907,11404,2641,73
13908,11404,2676,33
13909,11405,2572,18
13910,11405,2607,100
13911,11406,2607,65
13912,11407,2607,25
13913,11407,2642,58
13914,11408,2642,102
13915,11409,2573,136
13916,11409,2608,10
13917,11410,2608,52
13918,11411,2608,49
13919,11412,2608,37
13920,11413,2539,80
13921,11413,2574,11
13922,11414,2574,81
13923,11415,2574,91
13924,11416,2574,42
13925,11416,2609,111
13926,11417,2505,34
13927,11417,2540,116
13928,11418,2540,53
13929,11418,2575,60
13930,11419,2575,36
13931,11420,2575,66
13932,11420,2610,108
13933,11421,2611,144
13934,11422,2611,43
13935,11422,2646,90
13936,11423,2646,66
13937,11424,2646,100
13938,11424,2681,44
13939,11425,2577,59
13940,11425,2612,146
13941,11425,2647,6
13942,11426,2647,82
13943,11427,2647,67
13944,11428,2647,87
13945,11428,2682,6
13946,11429,2613,126
13947,11429,2648,40
13948,11430,2648,59
13949,11431,2648,113
13950,11432,2648,109
13951,11432,2683,9
13952,11433,2474,108
13953,11434,2474,8
13954,11434,2509,40
13955,11435,2509,86
13956,11436,2509,67
13957,11437,2615,29
13958,11437,2650,127
13959,11438,2650,76
13960,11439,2650,71
13961,11440,2650,30
13962,11440,2685,102
13963,11441,2511,119
13964,11441,2546,64
13965,11442,2546,90
13966,11443,2546,85
13967,11444,2546,35
13968,11444,2581,141
13969,11445,2512,98
13970,11446,2512,38
13971,11446,2547,5
13972,11447,2547,49
13973,11448,2547,79
13974,11449,2583,85
13975,11450,2583,61
13976,11451,2583,69
13977,11451,2618,37
13978,11452,2618,167
13979,11452,2653,10
13980,11453,2689,10
13981,11453,2724,60
13982,11454,2724,77
13983,11455,2724,79
13984,11455,2759,18
13985,11456,2759,222
13986,11456,2794,36
13987,11457,2620,77
13988,11457,2655,4
13989,11458,2655,56
13990,11459,2655,85
13991,11460,2655,62
13992,11461,2621,103
13993,11462,2621,92
13994,11463,2621,41
13995,11464,2621,11
13996,11464,2656,171
13997,11465,2447,5
13998,11465,2482,131
13999,11466,2482,75
14000,11467,2482,10
14001,11467,2517,78
14002,11468,2517,78
14003,11469,2588,84
14004,11470,2588,20
14005,11470,2623,46
14006,11471,2623,118
14007,11472,2623,72
14008,11472,2658,13
14009,11473,2309,64
14010,11474,2309,78
14011,11475,2309,84
14012,11475,2344,1
14013,11476,2344,83
14014,11477,2660,28
14015,11478,2660,8
14016,11478,2695,20
14017,11479,2695,96
14018,11480,2695,101
14019,11481,2591,78
14020,11482,2591,16
14021,11482,2626,29
14022,11483,2626,41
14023,11484,2626,55
14024,11485,2592,103
14025,11486,2592,42
14026,11487,2592,29
14027,11488,2592,19
14028,11488,2627,65
14029,11489,2523,177
14030,11490,2523,87
14031,11491,2523,43
14032,11492,2523,5
14033,11492,2558,48
14034,11493,2559,41
14035,11493,2594,142
14036,11494,2594,59
14037,11495,2594,25
14038,11495,2629,17
14039,11496,2629,71
14040,11497,2630,109
14041,11498,2630,53
14042,11499,2630,53
14043,11499,2665,20
14044,11500,2665,117
14045,11501,2596,164
14046,11502,2596,105
14047,11502,2631,27
14048,11503,2631,22
14049,11504,2631,73
14050,11505,2597,32
14051,11505,2632,86
14052,11506,2632,119
14053,11507,2632,65
14054,11508,2632,6
14055,11508,2667,170
14056,11509,2528,169
14057,11510,2528,4
14058,11510,2563,79
14059,11511,2563,26
14060,11512,2563,92
14061,11513,2564,110
14062,11514,2564,51
14063,11514,2599,25
14064,11515,2599,74
14065,11516,2599,107
14066,11517,2565,119
14067,11517,2600,7
14068,11518,2600,73
14069,11519,2600,85
14070,11520,2600,103
14071,11520,2635,112
14072,11521,2566,17
14073,11521,2601,136
14074,11522,2601,112
14075,11523,2601,26
14076,11523,2636,44
14077,11524,2636,91
14078,11525,2672,97
14079,11526,2672,53
14080,11527,2672,64
14081,11528,2672,45
14082,11529,2638,83
14083,11529,2673,74
14084,11530,2673,39
14085,11531,2673,70
14086,11532,2673,98
14087,11532,2708,58
14088,11533,2604,44
14089,11533,2639,29
14090,11534,2639,54
14091,11535,2639,55
14092,11536,2639,96
14093,11537,2570,117
14094,11538,2570,53
14095,11539,2570,58
14096,11539,2605,83
14097,11540,2605,97
14098,11541,2676,221
14099,11541,2711,17
14100,11542,2711,86
14101,11543,2711,51
14102,11544,2711,86
14103,11545,2642,54
14104,11546,2642,31
14105,11547,2642,42
14106,11547,2677,60
14107,11548,2677,43
14108,11549,2608,56
14109,11549,2643,58
14110,11550,2643,102
14111,11551,2643,112
14112,11551,2678,8
14113,11552,2678,89
14114,11553,2609,19
14115,11553,2644,147
14116,11554,2644,30
14117,11555,2644,38
14118,11555,2679,3
14119,11556,2679,43
14120,11557,2610,104
14121,11558,2610,36
14122,11559,2610,32
14123,11559,2645,22
14124,11560,2645,93
14125,11561,2681,116
14126,11562,2681,102
14127,11563,2681,3
14128,11563,2716,54
14129,11564,2716,44
14130,11565,2682,110
14131,11566,2682,19
14132,11567,2682,50
14133,11568,2682,89
14134,11568,2717,134
14135,11569,2683,57
14136,11570,2683,132
14137,11571,2683,83
14138,11572,2683,52
14139,11572,2718,20
14140,11573,2509,96
14141,11573,2544,29
14142,11574,2544,61
14143,11575,2544,61
14144,11576,2544,35
14145,11577,2685,55
14146,11578,2685,128
14147,11578,2720,27
14148,11579,2720,95
14149,11580,2720,95
14150,11581,2581,6
14151,11581,2616,61
14152,11582,2616,113
14153,11583,2616,86
14154,11583,2651,53
14155,11584,2651,103
14156,11585,2547,72
14157,11585,2582,91
14158,11586,2582,70
14159,11587,2582,39
14160,11588,2582,33
14161,11588,2617,15
14162,11589,2653,46
14163,11590,2653,55
14164,11591,2653,44
14165,11592,2653,85
14166,11593,2794,107
14167,11594,2794,68
14168,11595,2794,39
14169,11596,2794,9
14170,11596,2829,78
14171,11597,2655,85
14172,11598,2655,42
14173,11598,2690,41
14174,11599,2690,49
14175,11600,2690,78
14176,11601,2656,153
14177,11602,2656,8
14178,11602,2691,118
14179,11603,2691,59
14180,11604,2691,56
14181,11605,2517,85
14182,11606,2517,25
14183,11606,2552,76
14184,11607,2552,27
14185,11608,2552,105
14186,11608,2587,19
14187,11609,2658,107
14188,11610,2658,148
14189,11611,2658,48
14190,11611,2693,49
14191,11612,2693,120
14192,11613,2344,36
14193,11614,2344,28
14194,11614,2379,92
14195,11615,2379,83
14196,11616,2379,20
14197,11616,2414,16
14198,11617,2695,30
14199,11617,2730,119
14200,11618,2730,86
14201,11619,2730,5
14202,11619,2765,53
14203,11620,2765,115
14204,11621,2626,40
14205,11622,2626,32
14206,11623,2626,27
14207,11624,2626,26
14208,11625,2627,45
14209,11626,2627,20
14210,11627,2627,33
14211,11628,2627,28
14212,11629,2558,47
14213,11630,2558,93
14214,11631,2558,4
14215,11631,2593,18
14216,11632,2593,74
14217,11633,2629,142
14218,11634,2629,25
14219,11635,2629,34
14220,11636,2629,44
14221,11637,2665,35
14222,11638,2665,30
14223,11639,2665,21
14224,11640,2665,35
14225,11641,2631,65
14226,11642,2631,50
14227,11643,2631,39
14228,11644,2631,16
14229,11644,2666,25
14230,11645,2667,41
14231,11645,2702,1
14232,11646,2702,41
14233,11647,2702,36
14234,11648,2702,39
14235,11649,2563,38
14236,11650,2563,9
14237,11650,2598,41
14238,11651,2598,27
14239,11652,2598,71
14240,11653,2599,28
14241,11653,2634,61
14242,11654,2634,33
14243,11655,2634,30
14244,11656,2634,55
14245,11657,2635,65
14246,11658,2635,81
14247,11659,2635,21
14248,11659,2670,26
14249,11660,2670,67
14250,11661,2636,74
14251,11662,2636,22
14252,11663,2636,36
14253,11664,2636,23
14254,11665,2672,53
14255,11665,2707,37
14256,11666,2707,42
14257,11667,2707,37
14258,11668,2707,66
14259,11669,2708,78
14260,11670,2708,22
14261,11671,2708,6
14262,11671,2743,40
14263,11672,2743,86
14264,11673,2639,86
14265,11674,2639,52
14266,11674,2674,1
14267,11675,2674,25
14268,11676,2674,29
14269,11677,2605,80
14270,11677,2640,11
14271,11678,2640,70
14272,11679,2640,68
14273,11680,2640,56
14274,11681,2711,31
14275,11681,2746,65
14276,11682,2746,89
14277,11683,2746,16
14278,11684,2746,52
14279,11685,2677,80
14280,11686,2677,39
14281,11687,2677,25
14282,11688,2677,12
14283,11688,2712,71
14284,11689,2678,36
14285,11690,2678,29
14286,11691,2678,27
14287,11692,2678,4
14288,11692,2713,25
14289,11693,2679,64
14290,11694,2679,27
14291,11695,2679,32
14292,11696,2679,21
14293,11696,2714,39
14294,11697,2645,58
14295,11698,2645,27
14296,11699,2645,17
14297,11700,2645,33
14298,11700,2680,62
14299,11701,2716,45
14300,11702,2716,39
14301,11703,2716,24
14302,11704,2716,24
14303,11705,2717,85
14304,11706,2717,33
14305,11707,2717,19
14306,11708,2717,37
14307,11708,2752,1
14308,11709,2718,114
14309,11710,2718,51
14310,11711,2718,25
14311,11712,2718,43
14312,11713,2544,82
14313,11714,2544,25
14314,11714,2579,9
14315,11715,2579,75
14316,11716,2579,36
14317,11717,2720,32
14318,11718,2720,26
14319,11719,2720,4
14320,11719,2755,31
14321,11720,2755,46
14322,11721,2651,46
14323,11721,2686,27
14324,11722,2686,35
14325,11723,2686,30
14326,11724,2686,39
14327,11725,2617,51
14328,11726,2617,67
14329,11727,2617,33
14330,11728,2617,30
14331,11729,2653,50
14332,11729,2688,18
14333,11730,2688,27
14334,11731,2688,76
14335,11732,2688,78
14336,11733,2829,46
14337,11734,2829,43
14338,11735,2829,40
14339,11736,2829,37
14340,11736,2864,49
14341,11737,2690,55
14342,11738,2690,26
14343,11738,2725,42
14344,11739,2725,40
14345,11740,2725,81
14346,11741,2691,5
14347,11741,2726,76
14348,11742,2726,47
14349,11743,2726,75
14350,11744,2726,51
14351,11744,2761,47
14352,11745,2587,90
14353,11746,2587,31
14354,11747,2587,38
14355,11748,2587,102
14356,11749,2693,89
14357,11750,2693,15
14358,11751,2693,6
14359,11751,2728,31
14360,11752,2728,58
14361,11753,2414,66
14362,11754,2414,22
14363,11755,2414,22
14364,11756,2414,83
14365,11757,2765,68
14366,11758,2765,31
14367,11758,2800,18
14368,11759,2800,38
14369,11760,2800,42
14370,11761,2626,14
14371,11761,2661,84
14372,11762,2661,20
14373,11763,2661,13
14374,11764,2661,43
14375,11765,2627,33
14376,11766,2627,36
14377,11767,2627,45
14378,11768,2627,86
14379,11768,2662,32
14380,11769,2593,68
14381,11770,2593,42
14382,11771,2593,17
14383,11772,2593,23
14384,11772,2628,54
14385,11773,2629,14
14386,11773,2664,73
14387,11774,2664,20
14388,11775,2664,32
14389,11776,2664,80
14390,11777,2665,9
14391,11777,2700,54
14392,11778,2700,48
14393,11779,2700,35
14394,11780,2700,32
14395,11781,2666,63
14396,11782,2666,49
14397,11783,2666,28
14398,11784,2666,36
14399,11784,2701,38
14400,11785,2702,56
14401,11786,2702,33
14402,11787,2702,27
14403,11788,2702,55
14404,11789,2598,64
14405,11790,2598,23
14406,11790,2633,23
14407,11791,2633,28
14408,11792,2633,29
14409,11793,2634,78
14410,11794,2634,64
14411,11795,2634,16
14412,11795,2669,3
14413,11796,2669,68
14414,11797,2670,42
14415,11798,2670,39
14416,11799,2670,37
14417,11800,2670,32
14418,11801,2636,30
14419,11801,2671,26
14420,11802,2671,51
14421,11803,2671,61
14422,11804,2671,51
14423,11805,2707,16
14424,11805,2742,49
14425,11806,2742,61
14426,11807,2742,42
14427,11808,2742,71
14428,11808,2777,2
14429,11809,2743,71
14430,11810,2743,51
14431,11810,2778,13
14432,11811,2778,35
14433,11812,2778,56
14434,11813,2674,76
14435,11814,2674,45
14436,11815,2674,48
14437,11816,2674,48
14438,11817,2640,46
14439,11817,2675,9
14440,11818,2675,40
14441,11819,2675,44
14442,11820,2675,70
14443,11821,2746,6
14444,11821,2781,35
14445,11822,2781,52
14446,11823,2781,20
14447,11824,2781,73
14448,11825,2712,91
14449,11826,2712,35
14450,11827,2712,24
14451,11828,2712,14
14452,11828,2747,17
14453,11829,2713,55
14454,11830,2713,28
14455,11831,2713,55
14456,11832,2713,48
14457,11833,2714,112
14458,11834,2714,31
14459,11835,2714,24
14460,11836,2714,37
14461,11837,2680,59
14462,11838,2680,47
14463,11839,2680,49
14464,11840,2680,19
14465,11841,2716,31
14466,11841,2751,13
14467,11842,2751,34
14468,11843,2751,23
14469,11844,2751,68
14470,11845,2752,39
14471,11846,2752,44
14472,11847,2752,41
14473,11848,2752,48
14474,11849,2718,54
14475,11850,2718,45
14476,11851,2718,8
14477,11851,2753,47
14478,11852,2753,53
14479,11853,2579,95
14480,11854,2579,30
14481,11854,2614,32
14482,11855,2614,26
14483,11856,2614,74
14484,11857,2755,85
14485,11858,2755,30
14486,11859,2755,14
14487,11860,2755,53
14488,11861,2686,47
14489,11862,2686,62
14490,11863,2686,39
14491,11864,2686,51
14492,11865,2617,28
14493,11865,2652,11
14494,11866,2652,37
14495,11867,2652,32
14496,11868,2652,42
14497,11869,2688,55
14498,11870,2688,42
14499,11870,2723,10
14500,11871,2723,32
14501,11872,2723,26
14502,11873,2864,79
14503,11874,2864,32
14504,11875,2864,29
14505,11876,2864,22
14506,11877,2725,99
14507,11878,2725,44
14508,11879,2725,31
14509,11879,2760,20
14510,11880,2760,59
14511,11881,2761,53
14512,11882,2761,63
14513,11883,2761,25
14514,11884,2761,38
14515,11885,2587,33
14516,11885,2622,44
14517,11886,2622,38
14518,11887,2622,38
14519,11888,2622,27
14520,11889,2728,44
14521,11890,2728,37
14522,11891,2728,79
14523,11892,2728,25
14524,11892,2763,27
14525,11893,2414,23
14526,11893,2449,71
14527,11894,2449,37
14528,11895,2449,31
14529,11896,2449,41
14530,11896,2484,29
14531,11897,2800,47
14532,11898,2800,38
14533,11899,2800,35
14534,11900,2800,18
14535,11900,2835,63
14536,11901,2661,73
14537,11901,2696,16
14538,11902,2696,70
14539,11903,2696,31
14540,11904,2696,46
14541,11905,2662,50
14542,11906,2662,54
14543,11907,2662,82
14544,11908,2662,86
14545,11908,2697,4
14546,11909,2628,76
14547,11910,2628,102
14548,11911,2628,3
14549,11911,2663,43
14550,11912,2663,62
14551,11913,2664,53
14552,11914,2664,42
14553,11915,2664,46
14554,11916,2664,3
14555,11916,2699,19
14556,11917,2700,55
14557,11917,2735,83
14558,11918,2735,82
14559,11919,2735,20
14560,11920,2735,7
14561,11920,2770,41
14562,11921,2701,118
14563,11922,2701,46
14564,11923,2701,44
14565,11924,2701,63
14566,11925,2702,4
14567,11925,2737,68
14568,11926,2737,89
14569,11927,2737,44
14570,11928,2737,37
14571,11928,2772,30
14572,11929,2633,44
14573,11930,2633,32
14574,11931,2633,23
14575,11932,2633,56
14576,11932,2668,7
14577,11933,2669,51
14578,11934,2669,49
14579,11935,2669,29
14580,11936,2669,63
14581,11937,2670,17
14582,11937,2705,25
14583,11938,2705,20
14584,11939,2705,45
14585,11940,2705,83
14586,11941,2671,13
14587,11941,2706,49
14588,11942,2706,55
14589,11943,2706,69
14590,11944,2706,43
14591,11945,2777,43
14592,11946,2777,21
14593,11947,2777,71
14594,11948,2777,69
14595,11949,2778,110
14596,11950,2778,40
14597,11950,2813,20
14598,11951,2813,72
14599,11952,2813,33
14600,11953,2674,60
14601,11953,2709,20
14602,11954,2709,41
14603,11955,2709,60
14604,11956,2709,68
14605,11957,2675,17
14606,11957,2710,45
14607,11958,2710,33
14608,11959,2710,42
14609,11960,2710,59
14610,11961,2781,93
14611,11962,2781,15
14612,11962,2816,33
14613,11963,2816,46
14614,11964,2816,60
14615,11965,2747,106
14616,11966,2747,51
14617,11967,2747,36
14618,11968,2747,71
14619,11969,2713,42
14620,11969,2748,18
14621,11970,2748,48
14622,11971,2748,24
14623,11972,2748,46
14624,11973,2714,12
14625,11973,2749,120
14626,11974,2749,48
14627,11975,2749,35
14628,11976,2749,59
14629,11977,2680,84
14630,11977,2715,23
14631,11978,2715,34
14632,11979,2715,50
14633,11980,2715,92
14634,11981,2751,61
14635,11982,2751,40
14636,11983,2751,35
14637,11983,2786,20
14638,11984,2786,30
14639,11985,2752,42
14640,11985,2787,78
14641,11986,2787,25
14642,11987,2787,34
14643,11988,2787,82
14644,11989,2753,58
14645,11990,2753,75
14646,11991,2753,22
14647,11991,2788,28
14648,11992,2788,58
14649,11993,2614,58
14650,11993,2649,19
14651,11994,2649,14
14652,11995,2649,54
14653,11996,2649,67
14654,11997,2755,77
14655,11998,2755,20
14656,11998,2790,40
14657,11999,2790,52
14658,12000,2790,50
14659,12001,2686,11
14660,12001,2721,64
14661,12002,2721,33
14662,12003,2721,77
14663,12004,2721,83
14664,12005,2652,94
14665,12006,2652,30
14666,12006,2687,24
14667,12007,2687,64
14668,12008,2687,42
14669,12009,2723,35
14670,12010,2723,79
14671,12011,2723,35
14672,12012,2723,75
14673,12013,2864,42
14674,12014,2864,45
14675,12014,2899,21
14676,12015,2899,37
14677,12016,2899,79
14678,12017,2760,81
14679,12018,2760,56
14680,12019,2795,32
14681,12020,2795,72
14682,12021,2761,16
14683,12021,2796,47
14684,12022,2796,77
14685,12023,2796,69
14686,12024,2796,66
14687,12025,2622,74
14688,12026,2622,19
14689,12026,2657,38
14690,12027,2657,57
14691,12028,2657,63
14692,12029,2763,29
14693,12030,2763,28
14694,12031,2763,24
14695,12032,2763,45
14696,12033,2484,88
14697,12034,2484,59
14698,12035,2484,27
14699,12036,2484,19
14700,12036,2519,20
14701,12037,2835,142
14702,12038,2835,49
14703,12039,2835,37
14704,12040,2835,42
14705,12040,2870,7
14706,12041,2696,66
14707,12042,2696,40
14708,12042,2731,41
14709,12043,2731,71
14710,12044,2731,70
14711,12045,2697,52
14712,12046,2697,101
14713,12047,2697,14
14714,12048,2697,107
14715,12049,2663,96
14716,12050,2663,9
14717,12050,2698,45
14718,12051,2698,42
14719,12052,2698,38
14720,12053,2699,71
14721,12054,2699,43
14722,12055,2699,34
14723,12056,2699,31
14724,12056,2734,29
14725,12057,2770,128
14726,12058,2770,62
14727,12059,2770,83
14728,12060,2770,14
14729,12060,2805,59
14730,12061,2701,61
14731,12061,2736,7
14732,12062,2736,109
14733,12063,2736,34
14734,12064,2736,87
14735,12065,2772,141
14736,12066,2772,41
14737,12067,2772,46
14738,12068,2772,28
14739,12068,2807,55
14740,12069,2668,52
14741,12070,2668,82
14742,12071,2668,39
14743,12072,2668,58
14744,12072,2703,40
14745,12073,2669,52
14746,12073,2704,27
14747,12074,2704,37
14748,12075,2704,21
14749,12076,2704,100
14750,12077,2705,80
14751,12077,2740,15
14752,12078,2740,46
14753,12079,2740,42
14754,12080,2740,54
14755,12081,2706,40
14756,12081,2741,45
14757,12082,2741,67
14758,12083,2741,99
14759,12084,2741,77
14760,12085,2777,41
14761,12085,2812,44
14762,12086,2812,60
14763,12087,2812,39
14764,12088,2812,48
14765,12089,2813,86
14766,12090,2813,75
14767,12091,2813,13
14768,12091,2848,51
14769,12092,2848,103
14770,12093,2709,41
14771,12093,2744,47
14772,12094,2744,37
14773,12095,2744,43
14774,12096,2744,50
14775,12097,2710,59
14776,12097,2745,92
14777,12098,2745,77
14778,12099,2745,43
14779,12100,2745,84
14780,12100,2780,14
14781,12101,2816,33
14782,12102,2816,57
14783,12103,2816,20
14784,12104,2816,11
14785,12104,2851,87
14786,12105,2747,34
14787,12105,2782,65
14788,12106,2782,46
14789,12107,2782,32
14790,12108,2782,45
14791,12109,2748,91
14792,12109,2783,19
14793,12110,2783,99
14794,12111,2783,20
14795,12112,2783,69
14796,12113,2749,11
14797,12113,2784,13
14798,12114,2784,73
14799,12115,2784,29
14800,12116,2784,62
14801,12116,2819,53
14802,12117,2715,21
14803,12117,2750,41
14804,12118,2750,70
14805,12119,2750,82
14806,12120,2750,28
14807,12120,2785,23
14808,12121,2786,107
14809,12122,2786,26
14810,12123,2786,31
14811,12124,2786,66
14812,12124,2821,21
14813,12125,2787,28
14814,12125,2822,114
14815,12126,2822,38
14816,12127,2822,38
14817,12128,2822,39
14818,12129,2788,132
14819,12130,2788,36
14820,12131,2788,30
14821,12131,2823,3
14822,12132,2823,74
14823,12133,2649,65
14824,12134,2649,37
14825,12135,2649,27
14826,12136,2649,46
14827,12137,2790,60
14828,12138,2790,55
14829,12139,2790,6
14830,12139,2825,24
14831,12140,2825,63
14832,12141,2721,49
14833,12142,2721,31
14834,12142,2756,36
14835,12143,2756,26
14836,12144,2756,55
14837,12145,2687,72
14838,12146,2687,25
14839,12146,2722,37
14840,12147,2722,38
14841,12148,2722,111
14842,12149,2723,34
14843,12149,2758,74
14844,12150,2758,62
14845,12151,2758,54
14846,12152,2758,55
14847,12153,2899,100
14848,12154,2899,47
14849,12155,2899,31
14850,12155,2934,7
14851,12156,2934,106
14852,12157,2795,69
14853,12158,2795,85
14854,12159,2795,61
14855,12160,2795,65
14856,12161,2796,8
14857,12161,2831,55
14858,12162,2831,52
14859,12163,2831,49
14860,12164,2831,63
14861,12165,2657,62
14862,12166,2657,36
14863,12167,2657,4
14864,12167,2692,50
14865,12168,2692,60
14866,12169,2763,78
14867,12170,2763,26
14868,12170,2798,37
14869,12171,2798,36
14870,12172,2798,47
14871,12173,2519,81
14872,12174,2519,58
14873,12175,2519,49
14874,12176,2519,30
14875,12176,2554,53
14876,12177,2870,101
14877,12178,2870,72
14878,12179,2870,37
14879,12180,2870,89
14880,12180,2905,3
14881,12181,2731,38
14882,12181,2766,106
14883,12182,2766,64
14884,12183,2766,56
14885,12184,2766,69
14886,12185,2697,27
14887,12185,2732,43
14888,12186,2732,149
14889,12187,2732,90
14890,12188,2732,63
14891,12188,2767,38
14892,12189,2698,116
14893,12190,2698,31
14894,12191,2698,26
14895,12191,2733,36
14896,12192,2733,134
14897,12193,2734,65
14898,12194,2734,38
14899,12195,2734,40
14900,12196,2734,57
14901,12197,2805,106
14902,12198,2805,28
14903,12199,2805,57
14904,12200,2805,34
14905,12200,2840,36
14906,12201,2736,67
14907,12201,2771,23
14908,12202,2771,100
14909,12203,2771,29
14910,12204,2771,62
14911,12205,2807,115
14912,12206,2807,99
14913,12207,2807,1
14914,12207,2842,70
14915,12208,2842,75
14916,12209,2703,96
14917,12210,2703,66
14918,12211,2703,73
14919,12212,2703,26
14920,12212,2738,102
14921,12213,2704,11
14922,12213,2739,72
14923,12214,2739,35
14924,12215,2739,75
14925,12216,2739,20
14926,12216,2774,87
14927,12217,2740,77
14928,12218,2740,33
14929,12219,2740,23
14930,12219,2775,24
14931,12220,2775,109
14932,12221,2741,11
14933,12221,2776,60
14934,12222,2776,121
14935,12223,2776,87
14936,12223,2811,2
14937,12224,2811,86
14938,12225,2812,89
14939,12226,2812,23
14940,12227,2812,47
14941,12227,2847,3
14942,12228,2847,96
14943,12229,2848,157
14944,12229,2883,12
14945,12230,2883,120
14946,12231,2883,51
14947,12232,2883,46
14948,12232,2918,79
14949,12233,2744,81
14950,12233,2779,62
14951,12234,2779,25
14952,12235,2779,44
14953,12236,2779,143
14954,12237,2780,166
14955,12238,2780,66
14956,12239,2780,50
14957,12239,2815,39
14958,12240,2815,52
14959,12241,2851,81
14960,12242,2851,61
14961,12243,2851,45
14962,12243,2886,5
14963,12244,2886,70
14964,12245,2782,98
14965,12246,2782,1
14966,12246,2817,69
14967,12247,2817,57
14968,12248,2817,114
14969,12248,2852,8
14970,12249,2783,131
14971,12250,2783,25
14972,12250,2818,42
14973,12251,2818,43
14974,12252,2818,54
14975,12253,2819,142
14976,12254,2819,52
14977,12255,2819,37
14978,12256,2819,94
14979,12257,2785,175
14980,12258,2785,46
14981,12259,2785,60
14982,12260,2785,2
14983,12260,2820,46
14984,12261,2821,48
14985,12262,2821,91
14986,12263,2821,55
14987,12264,2821,48
14988,12265,2822,96
14989,12266,2822,29
14990,12266,2857,27
14991,12267,2857,30
14992,12268,2857,94
14993,12269,2823,20
14994,12270,2823,79
14995,12271,2823,29
14996,12272,2823,89
14997,12272,2858,30
14998,12273,2649,9
14999,12273,2684,53
15000,12274,2684,56
15001,12275,2684,42
15002,12276,2684,59
15003,12277,2825,80
15004,12277,2860,16
15005,12278,2860,83
15006,12279,2860,44
15007,12280,2860,72
15008,12281,2756,68
15009,12282,2756,103
15010,12283,2756,52
15011,12284,2756,51
15012,12284,2791,61
15013,12285,2722,40
15014,12285,2757,12
15015,12286,2757,55
15016,12287,2757,45
15017,12288,2757,94
15018,12289,2758,6
15019,12289,2793,75
15020,12290,2793,77
15021,12291,2793,89
15022,12292,2793,28
15023,12293,2934,69
15024,12294,2934,71
15025,12295,2934,42
15026,12296,2934,18
15027,12296,2969,68
15028,12297,2795,2
15029,12297,2830,90
15030,12298,2830,62
15031,12299,2830,80
15032,12300,2830,50
15033,12301,2831,23
15034,12301,2866,26
15035,12302,2866,26
15036,12303,2866,95
15037,12304,2866,104
15038,12305,2692,107
15039,12306,2692,63
15040,12307,2692,26
15041,12307,2727,37
15042,12308,2727,80
15043,12309,2798,99
15044,12310,2798,54
15045,12311,2798,25
15046,12311,2833,56
15047,12312,2833,103
15048,12313,2554,83
15049,12314,2554,34
15050,12315,2554,27
15051,12316,2554,19
15052,12316,2589,79
15053,12317,2905,91
15054,12318,2905,61
15055,12319,2905,105
15056,12320,2905,59
15057,12321,2766,7
15058,12321,2801,101
15059,12322,2801,142
15060,12323,2801,70
15061,12324,2801,12
15062,12324,2836,59
15063,12325,2767,107
15064,12326,2767,66
15065,12327,2767,50
15066,12327,2802,51
15067,12328,2802,70
15068,12329,2733,78
15069,12330,2733,40
15070,12330,2768,43
15071,12331,2768,80
15072,12332,2768,102
15073,12332,2803,21
15074,12333,2734,42
15075,12333,2769,46
15076,12334,2769,109
15077,12335,2769,62
15078,12336,2769,80
15079,12337,2840,122
15080,12338,2840,61
15081,12338,2875,47
15082,12339,2875,55
15083,12340,2875,68
15084,12341,2771,80
15085,12341,2806,60
15086,12342,2806,39
15087,12343,2806,73
15088,12344,2806,80
15089,12345,2842,83
15090,12346,2842,55
15091,12347,2842,37
15092,12347,2877,60
15093,12348,2877,262
15094,12348,2912,22
15095,12349,2738,117
15096,12349,2773,34
15097,12350,2773,82
15098,12351,2773,69
15099,12352,2773,97
15100,12353,2774,109
15101,12354,2774,51
15102,12355,2774,63
15103,12355,2809,1
15104,12356,2809,164
15105,12356,2844,16
15106,12357,2775,131
15107,12357,2810,9
15108,12358,2810,150
15109,12359,2810,62
15110,12360,2810,106
15111,12360,2845,3
15112,12361,2811,135
15113,12362,2811,41
15114,12362,2846,25
15115,12363,2846,60
15116,12364,2846,131
15117,12365,2847,124
15118,12366,2847,85
15119,12366,2882,38
15120,12367,2882,73
15121,12368,2882,146
15122,12369,2918,63
15123,12370,2918,42
15124,12371,2918,81
15125,12372,2918,148
15126,12372,2953,10
15127,12373,2779,75
15128,12373,2814,192
15129,12374,2814,67
15130,12374,2849,6
15131,12375,2849,69
15132,12376,2849,64
15133,12377,2815,174
15134,12378,2815,5
15135,12378,2850,128
15136,12379,2850,37
15137,12380,2850,102
15138,12381,2886,92
15139,12382,2886,71
15140,12383,2886,67
15141,12384,2886,66
15142,12384,2921,97
15143,12385,2852,122
15144,12386,2852,56
15145,12387,2852,25
15146,12388,2852,76
15147,12388,2887,121
15148,12389,2818,125
15149,12390,2818,7
15150,12390,2853,99
15151,12391,2853,69
15152,12392,2853,146
15153,12393,2819,4
15154,12393,2854,83
15155,12394,2854,101
15156,12395,2854,112
15157,12396,2854,68
15158,12396,2889,66
15159,12397,2820,173
15160,12398,2820,76
15161,12399,2820,35
15162,12399,2855,40
15163,12400,2855,95
15164,12401,2821,25
15165,12401,2856,158
15166,12402,2856,109
15167,12403,2856,79
15168,12404,2856,33
15169,12404,2891,32
15170,12405,2857,137
15171,12406,2857,7
15172,12406,2892,155
15173,12407,2892,100
15174,12408,2892,21
15175,12408,2927,97
15176,12409,2858,201
15177,12410,2858,138
15178,12411,2858,12
15179,12411,2893,69
15180,12412,2893,115
15181,12412,2928,11
15182,12413,2684,40
15183,12413,2719,158
15184,12414,2719,46
15185,12415,2719,58
15186,12415,2754,1
15187,12416,2754,143
15188,12417,2860,72
15189,12418,2860,3
15190,12418,2895,43
15191,12419,2895,59
15192,12420,2895,69
15193,12421,2791,163
15194,12422,2791,55
15195,12422,2826,47
15196,12423,2826,49
15197,12424,2826,76
15198,12425,2757,158
15199,12425,2792,5
15200,12426,2792,94
15201,12427,2792,83
15202,12428,2792,101
15203,12429,2793,1
15204,12429,2828,81
15205,12430,2828,74
15206,12431,2828,53
15207,12432,2828,73
15208,12433,2969,79
15209,12434,2969,95
15210,12435,2969,73
15211,12436,2969,8
15212,12436,3004,63
15213,12437,2830,155
15214,12437,2865,3
15215,12438,2865,76
15216,12439,2865,109
15217,12440,2865,110
15218,12441,2866,11
15219,12441,2901,127
15220,12442,2901,102
15221,12443,2901,77
15222,12443,2936,91
15223,12444,2936,126
15224,12445,2727,126
15225,12445,2762,3
15226,12446,2762,38
15227,12447,2762,39
15228,12448,2762,37
15229,12449,2833,72
15230,12449,2868,28
15231,12450,2868,123
15232,12451,2868,51
15233,12452,2868,11
15234,12453,2589,109
15235,12454,2589,68
15236,12454,2624,20
15237,12455,2624,38
15238,12456,2624,88
15239,12457,2905,22
15240,12457,2940,114
15241,12458,2940,87
15242,12459,2940,37
15243,12460,2940,40
15244,12460,2975,98
15245,12461,2836,90
15246,12462,2836,97
15247,12463,2836,58
15248,12463,2871,8
15249,12464,2871,153
15250,12465,2802,66
15251,12466,2802,105
15252,12467,2802,55
15253,12467,2837,8
15254,12468,2837,80
15255,12469,2803,142
15256,12470,2803,65
15257,12471,2803,38
15258,12471,2838,18
15259,12472,2838,228
15260,12473,2769,12
15261,12473,2804,163
15262,12474,2804,31
15263,12475,2804,36
15264,12476,2804,18
15265,12476,2839,40
15266,12477,2875,143
15267,12478,2875,11
15268,12478,2910,13
15269,12479,2910,74
15270,12480,2910,127
15271,12481,2806,101
15272,12481,2841,83
15273,12482,2841,63
15274,12483,2841,24
15275,12484,2841,116
15276,12485,2912,118
15277,12486,2912,73
15278,12487,2912,41
15279,12487,2947,33
15280,12488,2947,61
15281,12489,2773,24
15282,12489,2808,70
15283,12490,2808,64
15284,12491,2808,90
15285,12492,2808,76
15286,12493,2844,72
15287,12494,2844,107
15288,12495,2844,36
15289,12496,2844,86
15290,12496,2879,127
15291,12497,2845,207
15292,12498,2845,125
15293,12498,2880,35
15294,12499,2880,79
15295,12500,2880,98
15296,12501,2846,50
15297,12501,2881,13
15298,12502,2881,71
15299,12503,2881,46
15300,12504,2881,55
15301,12504,2916,69
15302,12505,2882,30
15303,12505,2917,45
15304,12506,2917,35
15305,12507,2917,98
15306,12508,2917,78
15307,12509,2953,75
15308,12510,2953,115
15309,12511,2953,55
15310,12512,2953,52
15311,12512,2988,86
15312,12513,2849,120
15313,12514,2849,32
15314,12514,2884,60
15315,12515,2884,47
15316,12516,2884,66
15317,12517,2850,91
15318,12517,2885,11
15319,12518,2885,96
15320,12519,2885,57
15321,12520,2885,71
15322,12520,2920,8
15323,12521,2921,173
15324,12522,2921,83
15325,12523,2921,33
15326,12524,2921,44
15327,12524,2956,117
15328,12525,2887,108
15329,12526,2887,26
15330,12526,2922,108
15331,12527,2922,30
15332,12528,2922,100
15333,12529,2853,46
15334,12529,2888,69
15335,12530,2888,42
15336,12531,2888,28
15337,12532,2888,93
15338,12533,2889,133
15339,12534,2889,97
15340,12535,2889,120
15341,12535,2924,4
15342,12536,2924,67
15343,12537,2855,55
15344,12538,2855,70
15345,12539,2855,57
15346,12540,2855,46
15347,12540,2890,20
15348,12541,2891,87
15349,12542,2891,84
15350,12543,2891,14
15351,12543,2926,45
15352,12544,2926,63
15353,12545,2927,141
15354,12546,2927,75
15355,12547,2927,32
15356,12547,2962,52
15357,12548,2962,102
15358,12549,2928,156
15359,12550,2928,49
15360,12551,2928,22
15361,12551,2963,26
15362,12552,2963,147
15363,12553,2754,117
15364,12553,2789,76
15365,12554,2789,39
15366,12555,2789,50
15367,12556,2789,72
15368,12557,2895,125
15369,12558,2895,91
15370,12559,2895,10
15371,12559,2930,69
15372,12560,2930,152
15373,12561,2826,72
15374,12561,2861,87
15375,12562,2861,77
15376,12563,2861,60
15377,12564,2861,21
15378,12564,2896,61
15379,12565,2792,85
15380,12566,2827,129
15381,12567,2827,58
15382,12568,2827,111
15383,12569,2828,30
15384,12569,2863,45
15385,12570,2863,120
15386,12571,2863,37
15387,12572,2863,77
15388,12573,3004,93
15389,12574,3004,52
15390,12575,3004,41
15391,12576,3004,42
15392,12577,2865,54
15393,12577,2900,152
15394,12578,2900,134
15395,12579,2900,66
15396,12580,2900,6
15397,12580,2935,84
15398,12581,2936,88
15399,12581,2971,111
15400,12582,2971,146
15401,12583,2971,37
15402,12583,3006,36
15403,12584,3006,131
15404,12585,2762,139
15405,12585,2797,15
15406,12586,2797,63
15407,12587,2797,76
15408,12588,2797,98
15409,12589,2868,89
15410,12589,2903,86
15411,12590,2903,130
15412,12591,2903,50
15413,12591,2938,5
15414,12592,2938,58
15415,12593,2624,111
15416,12594,2624,5
15417,12594,2659,89
15418,12595,2659,73
15419,12596,2659,96
15420,12597,2975,140
15421,12598,2975,67
15422,12599,2975,35
15423,12599,3010,30
15424,12600,3010,57
15425,12601,2871,58
15426,12602,2871,46
15427,12603,2871,46
15428,12604,2871,40
15429,12605,2837,82
15430,12606,2837,25
15431,12607,2837,23
15432,12607,2872,13
15433,12608,2872,44
15434,12609,2838,64
15435,12610,2838,53
15436,12611,2838,55
15437,12611,2873,2
15438,12612,2873,44
15439,12613,2839,38
15440,12614,2839,30
15441,12615,2839,26
15442,12616,2839,32
15443,12617,2910,33
15444,12617,2945,38
15445,12618,2945,34
15446,12619,2945,17
15447,12620,2945,45
15448,12621,2841,57
15449,12622,2841,57
15450,12623,2841,14
15451,12623,2876,17
15452,12624,2876,53
15453,12625,2947,83
15454,12626,2947,64
15455,12627,2947,37
15456,12628,2947,20
15457,12628,2982,17
15458,12629,2808,23
15459,12629,2843,67
15460,12630,2843,29
15461,12631,2843,31
15462,12632,2843,38
15463,12633,2879,64
15464,12634,2879,45
15465,12634,2914,1
15466,12635,2914,43
15467,12636,2914,29
15468,12637,2880,34
15469,12638,2880,26
15470,12639,2880,20
15471,12640,2880,44
15472,12641,2916,33
15473,12642,2916,61
15474,12643,2916,23
15475,12644,2916,48
15476,12645,2917,40
15477,12646,2917,44
15478,12647,2917,23
15479,12647,2952,22
15480,12648,2952,36
15481,12649,2988,89
15482,12650,2988,97
15483,12651,2988,36
15484,12652,2988,33
15485,12652,3023,44
15486,12653,2884,50
15487,12654,2884,24
15488,12655,2884,29
15489,12656,2884,7
15490,12656,2919,68
15491,12657,2920,21
15492,12658,2920,60
15493,12659,2920,25
15494,12660,2920,101
15495,12661,2956,108
15496,12662,2956,60
15497,12663,2956,35
15498,12664,2956,66
15499,12665,2922,59
15500,12666,2922,56
15501,12667,2922,43
15502,12667,2957,22
15503,12668,2957,51
15504,12669,2888,44
15505,12669,2923,46
15506,12670,2923,85
15507,12671,2923,52
15508,12672,2923,45
15509,12673,2924,62
15510,12674,2924,28
15511,12675,2924,28
15512,12676,2924,45
15513,12677,2890,52
15514,12678,2890,70
15515,12679,2890,51
15516,12680,2890,42
15517,12681,2926,83
15518,12682,2926,51
15519,12683,2926,10
15520,12684,2926,30
15521,12685,2962,43
15522,12686,2962,33
15523,12687,2962,39
15524,12688,2962,98
15525,12689,2963,31
15526,12690,2963,50
15527,12691,2963,30
15528,12692,2963,35
15529,12693,2789,20
15530,12693,2824,30
15531,12694,2824,51
15532,12695,2824,57
15533,12696,2824,78
15534,12697,2930,56
15535,12698,2930,29
15536,12699,2930,17
15537,12699,2965,12
15538,12700,2965,36
15539,12701,2896,36
15540,12702,2896,49
15541,12703,2896,55
15542,12704,2896,62
15543,12705,2827,30
15544,12705,2862,31
15545,12706,2862,51
15546,12707,2862,14
15547,12708,2862,50
15548,12709,2863,41
15549,12709,2898,65
15550,12710,2898,43
15551,12711,2898,56
15552,12712,2898,58
15553,12713,3004,20
15554,12713,3039,29
15555,12714,3039,29
15556,12715,3039,24
15557,12716,3039,39
15558,12717,2935,69
15559,12718,2935,38
15560,12719,2935,16
15561,12720,2935,37
15562,12721,3006,28
15563,12722,3006,61
15564,12723,3006,37
15565,12724,3006,51
15566,12724,3041,2
15567,12725,2797,4
15568,12725,2832,62
15569,12726,2832,109
15570,12727,2832,28
15571,12728,2832,20
15572,12729,2938,74
15573,12730,2938,51
15574,12731,2938,40
15575,12732,2938,41
15576,12733,2659,1
15577,12733,2694,49
15578,12734,2694,40
15579,12735,2694,30
15580,12736,2694,36
15581,12737,3010,70
15582,12738,3010,19
15583,12739,3010,56
15584,12740,3010,48
15585,12741,2871,6
15586,12741,2906,89
15587,12742,2906,66
15588,12743,2906,16
15589,12744,2906,54
15590,12745,2872,98
15591,12746,2872,33
15592,12747,2872,18
15593,12748,2872,32
15594,12749,2873,78
15595,12750,2873,22
15596,12751,2873,22
15597,12752,2873,6
15598,12753,2839,80
15599,12754,2839,32
15600,12754,2874,2
15601,12755,2874,30
15602,12756,2874,54
15603,12757,2945,28
15604,12758,2945,65
15605,12759,2945,56
15606,12760,2945,28
15607,12761,2876,86
15608,12762,2876,84
15609,12763,2876,33
15610,12764,2876,7
15611,12764,2911,69
15612,12765,2982,54
15613,12766,2982,14
15614,12767,2982,32
15615,12768,2982,40
15616,12769,2843,65
15617,12770,2843,8
15618,12770,2878,27
15619,12771,2878,45
15620,12772,2878,50
15621,12773,2914,53
15622,12774,2914,29
15623,12775,2914,13
15624,12776,2914,58
15625,12777,2880,52
15626,12778,2880,35
15627,12778,2915,7
15628,12779,2915,56
15629,12780,2915,51
15630,12781,2916,37
15631,12782,2916,28
15632,12783,2916,28
15633,12784,2916,27
15634,12784,2951,25
15635,12785,2952,83
15636,12786,2952,38
15637,12787,2952,32
15638,12788,2952,58
15639,12789,3023,18
15640,12790,3023,46
15641,12791,3023,25
15642,12792,3023,81
15643,12793,2919,54
15644,12794,2919,60
15645,12795,2919,50
15646,12796,2919,21
15647,12797,2920,26
15648,12798,2920,29
15649,12799,2920,47
15650,12800,2920,11
15651,12800,2955,33
15652,12801,2956,18
15653,12801,2991,68
15654,12802,2991,14
15655,12803,2991,30
15656,12804,2991,29
15657,12805,2957,51
15658,12806,2957,57
15659,12807,2957,25
15660,12808,2957,60
15661,12809,2923,64
15662,12810,2923,1
15663,12810,2958,48
15664,12811,2958,25
15665,12812,2958,91
15666,12813,2924,32
15667,12814,2924,23
15668,12815,2924,7
15669,12815,2959,36
15670,12816,2959,46
15671,12817,2890,57
15672,12817,2925,2
15673,12818,2925,21
15674,12819,2925,22
15675,12820,2925,62
15676,12821,2926,66
15677,12822,2926,44
15678,12822,2961,5
15679,12823,2961,63
15680,12824,2961,44
15681,12825,2962,33
15682,12825,2997,42
15683,12826,2997,63
15684,12827,2997,27
15685,12828,2997,50
15686,12829,2963,49
15687,12830,2963,6
15688,12830,2998,20
15689,12831,2998,52
15690,12832,2998,51
15691,12833,2824,43
15692,12834,2824,34
15693,12835,2824,47
15694,12836,2824,35
15695,12837,2965,47
15696,12838,2965,57
15697,12839,2965,23
15698,12840,2965,43
15699,12841,2896,53
15700,12842,2896,24
15701,12842,2931,3
15702,12843,2931,26
15703,12844,2931,37
15704,12845,2862,35
15705,12846,2862,27
15706,12847,2862,59
15707,12848,2862,56
15708,12849,2898,32
15709,12849,2933,19
15710,12850,2933,49
15711,12851,2933,36
15712,12852,2933,8
15713,12853,3039,84
15714,12854,3039,45
15715,12855,3039,28
15716,12856,3039,87
15717,12857,2935,60
15718,12858,2935,45
15719,12859,2935,38
15720,12860,2935,32
15721,12861,3041,40
15722,12862,3041,71
15723,12863,3041,33
15724,12864,3041,26
15725,12865,2832,72
15726,12866,2832,46
15727,12866,2867,7
15728,12867,2867,53
15729,12868,2867,83
15730,12869,2938,59
15731,12870,2938,43
15732,12870,2973,19
15733,12871,2973,35
15734,12872,2973,61
15735,12873,2694,71
15736,12874,2694,10
15737,12874,2729,19
15738,12875,2729,38
15739,12876,2729,39
15740,12877,3010,99
15741,12878,3010,56
15742,12878,3045,6
15743,12879,3045,35
15744,12880,3045,42
15745,12881,2906,68
15746,12882,2906,35
15747,12882,2941,20
15748,12883,2941,49
15749,12884,2941,47
15750,12885,2872,78
15751,12886,2872,36
15752,12886,2907,26
15753,12887,2907,29
15754,12888,2907,71
15755,12889,2873,65
15756,12890,2873,54
15757,12891,2873,36
15758,12891,2908,23
15759,12892,2908,63
15760,12893,2874,46
15761,12894,2874,60
15762,12895,2874,13
15763,12895,2909,32
15764,12896,2909,48
15765,12897,2945,69
15766,12897,2980,17
15767,12898,2980,118
15768,12899,2980,29
15769,12900,2980,65
15770,12901,2911,101
15771,12902,2911,43
15772,12903,2911,37
15773,12904,2911,24
15774,12904,2946,9
15775,12905,2982,47
15776,12906,2982,27
15777,12907,2982,59
15778,12908,2982,51
15779,12909,2878,68
15780,12910,2878,77
15781,12911,2878,29
15782,12912,2878,27
15783,12913,2914,55
15784,12913,2949,27
15785,12914,2949,58
15786,12915,2949,22
15787,12916,2949,96
15788,12917,2915,48
15789,12918,2915,56
15790,12919,2915,47
15791,12920,2915,50
15792,12921,2951,88
15793,12922,2951,31
15794,12923,2951,58
15795,12924,2951,40
15796,12925,2952,79
15797,12926,2987,53
15798,12927,2987,33
15799,12928,2987,47
15800,12929,3023,80
15801,12930,3023,24
15802,12931,3023,29
15803,12932,3023,26
15804,12932,3058,6
15805,12933,2919,82
15806,12933,2954,3
15807,12934,2954,48
15808,12935,2954,32
15809,12936,2954,46
15810,12937,2955,96
15811,12938,2955,44
15812,12939,2955,36
15813,12940,2955,28
15814,12941,2991,44
15815,12942,2991,70
15816,12943,2991,24
15817,12944,2991,62
15818,12945,2957,74
15819,12946,2957,27
15820,12946,2992,53
15821,12947,2992,28
15822,12948,2992,65
15823,12949,2958,69
15824,12950,2958,35
15825,12951,2958,55
15826,12951,2993,16
15827,12952,2993,62
15828,12953,2959,98
15829,12954,2959,35
15830,12955,2959,15
15831,12956,2959,93
15832,12957,2925,64
15833,12958,2925,77
15834,12959,2925,41
15835,12959,2960,28
15836,12960,2960,42
15837,12961,2961,63
15838,12962,2961,37
15839,12963,2961,66
15840,12964,2961,8
15841,12964,2996,73
15842,12965,2997,73
15843,12966,2997,33
15844,12966,3032,52
15845,12967,3032,51
15846,12968,3032,64
15847,12969,2998,85
15848,12970,2998,33
15849,12971,2998,32
15850,12972,2998,47
15851,12973,2824,52
15852,12974,2824,6
15853,12974,2859,58
15854,12975,2859,46
15855,12976,2859,66
15856,12977,2965,22
15857,12977,3000,28
15858,12978,3000,61
15859,12979,3000,51
15860,12980,3000,39
15861,12981,2931,91
15862,12982,2931,41
15863,12983,2931,30
15864,12984,2931,40
15865,12985,2862,46
15866,12985,2897,38
15867,12986,2897,57
15868,12987,2897,19
15869,12988,2897,26
15870,12989,2933,71
15871,12990,2933,35
15872,12991,2933,42
15873,12992,2933,45
15874,12993,3039,68
15875,12994,3039,30
15876,12995,3039,26
15877,12996,3039,78
15878,12997,2935,1
15879,12997,2970,68
15880,12998,2970,42
15881,12999,2970,77
15882,13000,2970,39
15883,13001,3041,62
15884,13002,3041,54
15885,13002,3076,12
15886,13003,3076,51
15887,13004,3076,82
15888,13005,2867,53
15889,13006,2867,48
15890,13007,2867,27
15891,13008,2867,56
15892,13009,2973,80
15893,13010,2973,47
15894,13011,2973,31
15895,13012,2973,1
15896,13012,3008,71
15897,13013,2729,81
15898,13014,2729,29
15899,13015,2729,20
15900,13016,2729,51
15901,13016,2764,22
15902,13017,3045,57
15903,13018,3045,41
15904,13019,3045,54
15905,13020,3045,38
15906,13021,2941,59
15907,13022,2941,48
15908,13023,2941,39
15909,13023,2976,1
15910,13024,2976,113
15911,13025,2907,101
15912,13026,2907,53
15913,13026,2942,15
15914,13027,2942,55
15915,13028,2942,66
15916,13029,2908,66
15917,13030,2908,17
15918,13030,2943,4
15919,13031,2943,27
15920,13032,2943,47
15921,13033,2909,62
15922,13034,2909,48
15923,13035,2909,19
15924,13036,2909,31
15925,13037,2980,130
15926,13038,2980,51
15927,13039,2980,41
15928,13040,2980,45
15929,13041,2946,82
15930,13042,2946,30
15931,13043,2946,42
15932,13044,2946,70
15933,13045,2982,47
15934,13045,3017,73
15935,13046,3017,62
15936,13047,3017,59
15937,13048,3017,103
15938,13049,2878,8
15939,13049,2913,91
15940,13050,2913,94
15941,13051,2913,32
15942,13052,2913,102
15943,13053,2949,123
15944,13054,2949,30
15945,13054,2984,12
15946,13055,2984,45
15947,13056,2984,66
15948,13057,2915,40
15949,13058,2915,14
15950,13058,2950,29
15951,13059,2950,34
15952,13060,2950,39
15953,13061,2951,78
15954,13062,2951,29
15955,13062,2986,15
15956,13063,2986,70
15957,13064,2986,54
15958,13065,2987,98
15959,13066,2987,33
15960,13067,2987,39
15961,13068,2987,76
15962,13069,3058,64
15963,13070,3058,54
15964,13071,3058,52
15965,13072,3058,33
15966,13073,2954,116
15967,13074,2954,23
15968,13074,2989,24
15969,13075,2989,28
15970,13076,2989,58
15971,13077,2955,62
15972,13077,2990,8
15973,13078,2990,51
15974,13079,2990,71
15975,13080,2990,58
15976,13081,2991,22
15977,13081,3026,8
15978,13082,3026,56
15979,13083,3026,26
15980,13084,3026,23
15981,13085,2992,88
15982,13086,2992,55
15983,13087,2992,16
15984,13088,2992,66
15985,13089,2993,31
15986,13090,2993,38
15987,13091,2993,33
15988,13092,2993,52
15989,13093,2959,22
15990,13093,2994,34
15991,13094,2994,57
15992,13095,2994,19
15993,13096,2994,102
15994,13097,2960,47
15995,13098,2960,42
15996,13099,2960,39
15997,13100,2960,65
15998,13101,2996,64
15999,13102,2996,38
16000,13103,2996,46
16001,13104,2996,33
16002,13105,3032,27
16003,13106,3032,48
16004,13107,3032,59
16005,13107,3067,18
16006,13108,3067,58
16007,13109,2998,74
16008,13110,2998,17
16009,13110,3033,22
16010,13111,3033,51
16011,13112,3033,111
16012,13113,2859,138
16013,13114,2894,49
16014,13115,2894,58
16015,13116,2894,75
16016,13117,3000,92
16017,13118,3000,78
16018,13119,3000,37
16019,13120,3000,8
16020,13120,3035,42
16021,13121,2931,67
16022,13122,2931,18
16023,13122,2966,13
16024,13123,2966,37
16025,13124,2966,51
16026,13125,2897,69
16027,13126,2897,39
16028,13127,2897,76
16029,13128,2897,2
16030,13128,2932,55
16031,13129,2933,55
16032,13130,2933,48
16033,13130,2968,15
16034,13131,2968,58
16035,13132,2968,45
16036,13133,3039,19
16037,13133,3074,93
16038,13134,3074,56
16039,13135,3074,52
16040,13136,3074,49
16041,13137,2970,59
16042,13138,2970,36
16043,13139,2970,16
16044,13140,2970,40
16045,13140,3005,28
16046,13141,3076,14
16047,13142,3076,94
16048,13143,3076,45
16049,13144,3076,42
16050,13144,3111,15
16051,13145,2867,61
16052,13146,2867,33
16053,13146,2902,33
16054,13147,2902,56
16055,13148,2902,86
16056,13149,3008,69
16057,13150,3008,163
16058,13151,3008,25
16059,13151,3043,37
16060,13152,3043,105
16061,13153,2764,101
16062,13154,2764,37
16063,13155,2764,45
16064,13156,2764,62
16065,13157,3045,82
16066,13158,3045,57
16067,13159,3045,48
16068,13160,3045,44
16069,13160,3080,42
16070,13161,2976,53
16071,13162,2976,69
16072,13163,2976,43
16073,13164,2976,93
16074,13164,3011,9
16075,13165,2942,115
16076,13166,2942,73
16077,13167,2942,52
16078,13167,2977,8
16079,13168,2977,60
16080,13169,2943,97
16081,13170,2943,100
16082,13171,2943,50
16083,13171,2978,48
16084,13172,2978,94
16085,13173,2909,80
16086,13174,2909,44
16087,13175,2909,43
16088,13176,2909,3
16089,13176,2944,64
16090,13177,2980,4
16091,13177,3015,128
16092,13178,3015,87
16093,13179,3015,18
16094,13180,3015,45
16095,13180,3050,97
16096,13181,2946,64
16097,13181,2981,30
16098,13182,2981,45
16099,13183,2981,67
16100,13184,2981,129
16101,13185,3017,66
16102,13185,3052,35
16103,13186,3052,72
16104,13187,3052,51
16105,13188,3052,90
16106,13189,2913,35
16107,13189,2948,88
16108,13190,2948,49
16109,13191,2948,91
16110,13192,2948,140
16111,13193,2984,129
16112,13194,2984,126
16113,13195,2984,44
16114,13196,2984,71
16115,13196,3019,35
16116,13197,2950,112
16117,13198,2950,45
16118,13199,2950,52
16119,13200,2950,26
16120,13200,2985,50
16121,13201,2986,66
16122,13202,2986,105
16123,13203,2986,95
16124,13204,2986,82
16125,13205,2987,45
16126,13206,2987,36
16127,13206,3022,101
16128,13207,3022,43
16129,13208,3022,99
16130,13209,3058,37
16131,13209,3093,135
16132,13210,3093,83
16133,13211,3093,40
16134,13212,3093,12
16135,13212,3128,29
16136,13213,2989,132
16137,13214,2989,46
16138,13215,2989,16
16139,13215,3024,14
16140,13216,3024,61
16141,13217,2990,53
16142,13218,2990,107
16143,13218,3025,3
16144,13219,3025,30
16145,13220,3025,44
16146,13221,3026,114
16147,13222,3026,42
16148,13223,3026,39
16149,13223,3061,38
16150,13224,3061,70
16151,13225,2992,66
16152,13225,3027,7
16153,13226,3027,63
16154,13227,3027,39
16155,13228,3027,87
16156,13229,2993,71
16157,13230,2993,32
16158,13231,2993,38
16159,13232,2993,25
16160,13232,3028,2
16161,13233,2994,80
16162,13234,2994,27
16163,13235,2994,28
16164,13236,2994,5
16165,13236,3029,121
16166,13237,2960,74
16167,13237,2995,40
16168,13238,2995,31
16169,13239,2995,36
16170,13240,2995,87
16171,13241,2996,44
16172,13241,3031,78
16173,13242,3031,35
16174,13243,3031,51
16175,13244,3031,53
16176,13245,3067,106
16177,13246,3067,67
16178,13247,3067,74
16179,13248,3067,35
16180,13249,3033,181
16181,13249,3068,7
16182,13250,3068,56
16183,13251,3068,78
16184,13252,3068,63
16185,13253,2894,93
16186,13254,2894,13
16187,13254,2929,29
16188,13255,2929,33
16189,13256,2929,150
16190,13257,3035,45
16191,13258,3035,98
16192,13259,3035,64
16193,13260,3035,52
16194,13261,2966,135
16195,13262,2966,67
16196,13262,3001,9
16197,13263,3001,55
16198,13264,3001,94
16199,13265,2932,113
16200,13266,2932,60
16201,13267,2932,80
16202,13268,2932,40
16203,13268,2967,27
16204,13269,2968,98
16205,13270,2968,51
16206,13270,3003,21
16207,13271,3003,76
16208,13272,3003,123
16209,13273,3074,78
16210,13274,3074,57
16211,13274,3109,19
16212,13275,3109,71
16213,13276,3109,129
16214,13277,3005,62
16215,13278,3005,68
16216,13279,3005,23
16217,13280,3005,73
16218,13281,3111,35
16219,13282,3111,60
16220,13283,3111,60
16221,13284,3111,68
16222,13285,2902,79
16223,13286,2902,62
16224,13287,2902,47
16225,13288,2902,4
16226,13288,2937,104
16227,13289,3043,102
16228,13290,3043,69
16229,13291,3043,48
16230,13292,3043,51
16231,13292,3078,53
16232,13293,2764,29
16233,13294,2764,15
16234,13294,2799,34
16235,13295,2799,103
16236,13296,2799,43
16237,13297,3080,82
16238,13298,3080,82
16239,13299,3080,31
16240,13300,3080,57
16241,13301,3011,101
16242,13302,3011,113
16243,13303,3011,79
16244,13304,3011,68
16245,13305,2977,80
16246,13306,2977,94
16247,13307,2977,59
16248,13308,2977,114
16249,13308,3012,5
16250,13309,2978,86
16251,13310,2978,38
16252,13311,2978,36
16253,13312,2978,5
16254,13312,3013,124
16255,13313,2944,94
16256,13314,2944,45
16257,13315,2944,69
16258,13316,2944,81
16259,13317,3050,131
16260,13318,3050,89
16261,13319,3050,37
16262,13319,3085,93
16263,13320,3085,69
16264,13321,2981,128
16265,13321,3016,30
16266,13322,3016,82
16267,13323,3016,56
16268,13324,3016,158
16269,13325,3052,129
16270,13325,3087,57
16271,13326,3087,70
16272,13327,3087,49
16273,13328,3087,127
16274,13329,2948,43
16275,13329,2983,102
16276,13330,2983,47
16277,13331,2983,78
16278,13332,2983,142
16279,13333,3019,76
16280,13334,3019,96
16281,13335,3019,69
16282,13336,3019,69
16283,13337,2985,122
16284,13338,2985,74
16285,13339,2985,72
16286,13340,2985,71
16287,13341,2986,34
16288,13341,3021,88
16289,13342,3021,139
16290,13343,3021,79
16291,13344,3021,87
16292,13345,3022,164
16293,13345,3057,12
16294,13346,3057,70
16295,13347,3057,71
16296,13348,3057,47
16297,13349,3128,119
16298,13350,3128,134
16299,13351,3128,60
16300,13351,3163,2
16301,13352,3163,65
16302,13353,3024,95
16303,13354,3024,49
16304,13355,3024,31
16305,13355,3059,48
16306,13356,3059,103
16307,13357,3025,136
16308,13358,3025,49
16309,13359,3025,44
16310,13360,3025,122
16311,13361,3061,81
16312,13362,3061,106
16313,13363,3061,52
16314,13363,3096,10
16315,13364,3096,85
16316,13365,3027,153
16317,13366,3062,85
16318,13367,3062,57
16319,13368,3062,112
16320,13369,3028,109
16321,13370,3028,104
16322,13371,3028,41
16323,13372,3028,89
16324,13372,3063,44
16325,13373,3029,101
16326,13374,3029,27
16327,13375,3029,64
16328,13376,3029,43
16329,13377,2995,119
16330,13377,3030,34
16331,13378,3030,87
16332,13379,3030,57
16333,13380,3030,80
16334,13381,3031,111
16335,13382,3031,93
16336,13383,3031,73
16337,13384,3066,141
16338,13385,3102,110
16339,13386,3102,136
16340,13387,3102,33
16341,13387,3137,27
16342,13388,3137,160
16343,13389,3068,121
16344,13389,3103,27
16345,13390,3103,170
16346,13391,3103,174
16347,13392,3103,48
16348,13392,3138,13
16349,13393,2929,109
16350,13394,2929,9
16351,13394,2964,56
16352,13395,2964,118
16353,13396,2964,101
16354,13397,3035,38
16355,13397,3070,83
16356,13398,3070,93
16357,13399,3070,86
16358,13400,3070,66
16359,13401,3001,43
16360,13402,3001,83
16361,13403,3001,96
16362,13403,3036,15
16363,13404,3036,122
16364,13405,2967,10
16365,13406,2967,113
16366,13407,2967,75
16367,13408,2967,64
16368,13409,3003,120
16369,13410,3003,66
16370,13410,3038,1
16371,13411,3038,51
16372,13412,3038,77
16373,13413,3109,42
16374,13413,3144,140
16375,13414,3144,71
16376,13415,3144,20
16377,13416,3144,89
16378,13417,3005,160
16379,13418,3005,71
16380,13419,3005,64
16381,13419,3040,2
16382,13420,3040,66
16383,13421,3111,73
16384,13422,3111,12
16385,13422,3146,137
16386,13423,3146,69
16387,13424,3146,83
16388,13425,2937,109
16389,13426,2937,55
16390,13426,2972,29
16391,13427,2972,65
16392,13428,2972,139
16393,13429,3078,136
16394,13430,3078,68
16395,13431,3078,106
16396,13432,3078,71
16397,13432,3113,136
16398,13433,2799,69
16399,13433,2834,18
16400,13434,2834,96
16401,13435,2834,99
16402,13436,2834,39
16403,13436,2869,16
16404,13437,3080,91
16405,13437,3115,14
16406,13438,3115,96
16407,13439,3115,72
16408,13440,3115,118
16409,13441,3011,58
16410,13441,3046,126
16411,13442,3046,71
16412,13443,3046,112
16413,13444,3046,141
16414,13445,3012,156
16415,13446,3012,81
16416,13447,3012,57
16417,13448,3012,76
16418,13449,3013,160
16419,13450,3013,52
16420,13451,3013,21
16421,13451,3048,61
16422,13452,3048,94
16423,13453,2944,63
16424,13453,2979,102
16425,13454,2979,71
16426,13455,2979,59
16427,13456,2979,76
16428,13456,3014,45
16429,13457,3085,117
16430,13458,3085,72
16431,13459,3085,13
16432,13459,3120,71
16433,13460,3120,40
16434,13461,3016,42
16435,13461,3051,88
16436,13462,3051,89
16437,13463,3051,23
16438,13464,3051,129
16439,13465,3087,19
16440,13465,3122,160
16441,13466,3122,80
16442,13467,3122,60
16443,13468,3122,74
16444,13468,3157,48
16445,13469,2983,17
16446,13469,3018,63
16447,13470,3018,76
16448,13471,3018,97
16449,13472,3018,105
16450,13473,3019,8
16451,13473,3054,101
16452,13474,3054,94
16453,13475,3054,53
16454,13476,3054,49
16455,13477,2985,109
16456,13477,3020,49
16457,13478,3020,89
16458,13479,3020,58
16459,13480,3020,25
16460,13481,3021,15
16461,13481,3056,111
16462,13482,3056,121
16463,13483,3056,74
16464,13484,3056,42
16465,13485,3057,50
16466,13486,3057,102
16467,13487,3057,68
16468,13488,3057,38
16469,13488,3092,64
16470,13489,3163,130
16471,13490,3163,75
16472,13491,3163,70
16473,13492,3163,45
16474,13492,3198,100
16475,13493,3059,168
16476,13494,3059,78
16477,13494,3094,20
16478,13495,3094,112
16479,13496,3094,82
16480,13497,3025,69
16481,13497,3060,67
16482,13498,3060,56
16483,13499,3060,40
16484,13500,3060,86
16485,13500,3095,24
16486,13501,3096,179
16487,13502,3096,80
16488,13503,3096,37
16489,13503,3131,4
16490,13504,3131,75
16491,13505,3062,49
16492,13506,3062,24
16493,13507,3062,79
16494,13508,3062,20
16495,13508,3097,123
16496,13509,3063,117
16497,13510,3063,64
16498,13511,3063,67
16499,13512,3063,103
16500,13512,3098,6
16501,13513,3029,43
16502,13513,3064,92
16503,13514,3064,102
16504,13515,3064,68
16505,13516,3064,68
16506,13517,3030,74
16507,13517,3065,53
16508,13518,3065,94
16509,13519,3065,83
16510,13520,3065,110
16511,13521,3066,197
16512,13522,3066,32
16513,13522,3101,19
16514,13523,3101,49
16515,13524,3101,90
16516,13525,3137,126
16517,13526,3137,10
16518,13526,3172,87
16519,13527,3172,95
16520,13528,3172,180
16521,13529,3138,139
16522,13530,3138,63
16523,13531,3138,77
16524,13532,3138,50
16525,13533,2964,30
16526,13533,2999,191
16527,13534,2999,31
16528,13535,2999,81
16529,13536,2999,50
16530,13537,3070,5
16531,13537,3105,57
16532,13538,3105,54
16533,13539,3105,62
16534,13540,3105,39
16535,13541,3036,108
16536,13542,3036,99
16537,13542,3071,35
16538,13543,3071,35
16539,13544,3071,134
16540,13545,2967,77
16541,13545,3002,58
16542,13546,3002,126
16543,13547,3002,102
16544,13548,3002,61
16545,13548,3037,28
16546,13549,3038,98
16547,13550,3038,49
16548,13550,3073,55
16549,13551,3073,45
16550,13552,3073,127
16551,13553,3144,26
16552,13553,3179,39
16553,13554,3179,50
16554,13555,3179,42
16555,13556,3179,108
16556,13557,3040,96
16557,13558,3040,107
16558,13559,3040,93
16559,13560,3040,44
16560,13561,3146,112
16561,13562,3146,16
16562,13562,3181,126
16563,13563,3181,51
16564,13564,3181,76
16565,13565,2972,4
16566,13565,3007,149
16567,13566,3007,90
16568,13567,3007,32
16569,13568,3007,101
16570,13568,3042,51
16571,13569,3113,134
16572,13570,3113,60
16573,13570,3148,13
16574,13571,3148,71
16575,13572,3148,109
16576,13573,2869,118
16577,13574,2869,92
16578,13575,2869,47
16579,13576,2869,12
16580,13576,2904,105
16581,13577,3115,54
16582,13577,3150,35
16583,13578,3150,98
16584,13579,3150,48
16585,13580,3150,55
16586,13581,3046,25
16587,13581,3081,35
16588,13582,3081,20
16589,13583,3081,22
16590,13584,3081,96
16591,13585,3012,56
16592,13586,3012,12
16593,13586,3047,54
16594,13587,3047,46
16595,13588,3047,20
16596,13589,3048,46
16597,13590,3048,61
16598,13591,3048,55
16599,13592,3048,29
16600,13593,3014,40
16601,13594,3014,35
16602,13595,3014,29
16603,13596,3014,45
16604,13597,3120,52
16605,13598,3120,60
16606,13599,3120,25
16607,13600,3120,53
16608,13601,3051,43
16609,13602,3051,37
16610,13603,3051,19
16611,13603,3086,27
16612,13604,3086,38
16613,13605,3157,69
16614,13606,3157,41
16615,13607,3157,46
16616,13608,3157,50
16617,13609,3018,4
16618,13609,3053,53
16619,13610,3053,20
16620,13611,3053,49
16621,13612,3053,53
16622,13613,3054,41
16623,13614,3054,32
16624,13614,3089,18
16625,13615,3089,28
16626,13616,3089,47
16627,13617,3020,23
16628,13618,3020,34
16629,13619,3020,75
16630,13620,3020,13
16631,13620,3055,42
16632,13621,3056,2
16633,13621,3091,45
16634,13622,3091,71
16635,13623,3091,34
16636,13624,3091,58
16637,13625,3092,33
16638,13626,3092,53
16639,13627,3092,35
16640,13628,3092,83
16641,13629,3198,66
16642,13630,3198,40
16643,13631,3198,16
16644,13632,3198,53
16645,13633,3094,43
16646,13634,3094,33
16647,13635,3094,19
16648,13636,3094,29
16649,13637,3095,84
16650,13638,3095,37
16651,13639,3095,31
16652,13640,3095,51
16653,13641,3131,83
16654,13642,3131,64
16655,13643,3131,17
16656,13644,3131,20
16657,13645,3097,74
16658,13646,3097,18
16659,13647,3097,32
16660,13648,3097,38
16661,13649,3098,32
16662,13650,3098,58
16663,13651,3098,44
16664,13652,3098,69
16665,13653,3064,36
16666,13654,3064,34
16667,13655,3064,7
16668,13655,3099,52
16669,13656,3099,39
16670,13657,3065,29
16671,13657,3100,43
16672,13658,3100,41
16673,13659,3100,47
16674,13660,3100,44
16675,13661,3101,48
16676,13662,3101,63
16677,13663,3101,76
16678,13664,3101,16
16679,13664,3136,53
16680,13665,3172,17
16681,13665,3207,53
16682,13666,3207,31
16683,13667,3207,53
16684,13668,3207,68
16685,13669,3138,34
16686,13669,3173,42
16687,13670,3173,27
16688,13671,3173,24
16689,13672,3173,47
16690,13673,2999,29
16691,13674,2999,41
16692,13675,2999,22
16693,13675,3034,14
16694,13676,3034,64
16695,13677,3105,50
16696,13678,3105,53
16697,13679,3105,15
16698,13679,3140,10
16699,13680,3140,18
16700,13681,3071,47
16701,13682,3071,19
16702,13683,3071,27
16703,13684,3071,34
16704,13684,3106,11
16705,13685,3037,60
16706,13686,3037,18
16707,13687,3037,43
16708,13688,3037,64
16709,13689,3073,72
16710,13690,3073,48
16711,13691,3073,16
16712,13692,3073,7
16713,13692,3108,41
16714,13693,3179,85
16715,13694,3179,35
16716,13695,3179,53
16717,13696,3179,50
16718,13697,3040,15
16719,13697,3075,33
16720,13698,3075,62
16721,13699,3075,30
16722,13700,3075,75
16723,13701,3181,65
16724,13702,3181,55
16725,13703,3181,51
16726,13704,3181,7
16727,13704,3216,70
16728,13705,3042,42
16729,13706,3042,23
16730,13707,3042,66
16731,13708,3042,71
16732,13709,3148,55
16733,13710,3148,15
16734,13710,3183,3
16735,13711,3183,49
16736,13712,3183,72
16737,13713,2904,71
16738,13714,2904,57
16739,13715,2904,28
16740,13716,2904,58
16741,13716,2939,9
16742,13717,3150,9
16743,13717,3185,60
16744,13718,3185,23
16745,13719,3185,25
16746,13720,3185,45
16747,13721,3081,23
16748,13722,3081,18
16749,13723,3081,49
16750,13724,3081,35
16751,13725,3047,46
16752,13726,3047,39
16753,13727,3047,69
16754,13728,3047,61
16755,13729,3048,31
16756,13730,3048,57
16757,13731,3048,24
16758,13732,3048,35
16759,13733,3014,58
16760,13734,3014,45
16761,13735,3014,29
16762,13736,3014,57
16763,13737,3120,3
16764,13737,3155,35
16765,13738,3155,70
16766,13739,3155,22
16767,13740,3155,32
16768,13741,3086,50
16769,13742,3086,27
16770,13743,3086,34
16771,13744,3086,53
16772,13745,3157,74
16773,13746,3157,54
16774,13747,3157,34
16775,13748,3157,46
16776,13749,3053,63
16777,13750,3053,76
16778,13751,3053,34
16779,13752,3053,22
16780,13752,3088,40
16781,13753,3089,53
16782,13754,3089,52
16783,13755,3089,14
16784,13756,3089,63
16785,13757,3055,80
16786,13758,3055,30
16787,13759,3055,46
16788,13760,3055,40
16789,13761,3091,61
16790,13762,3091,39
16791,13763,3091,37
16792,13764,3091,45
16793,13764,3126,13
16794,13765,3092,93
16795,13766,3092,17
16796,13766,3127,16
16797,13767,3127,55
16798,13768,3127,44
16799,13769,3198,72
16800,13770,3198,64
16801,13771,3198,52
16802,13772,3198,60
16803,13773,3094,38
16804,13774,3094,23
16805,13774,3129,48
16806,13775,3129,56
16807,13776,3129,45
16808,13777,3095,66
16809,13778,3095,29
16810,13779,3095,38
16811,13780,3095,30
16812,13781,3131,30
16813,13782,3131,28
16814,13783,3131,42
16815,13784,3131,90
16816,13785,3097,20
16817,13786,3097,36
16818,13787,3097,26
16819,13788,3097,63
16820,13789,3098,48
16821,13790,3098,42
16822,13791,3098,23
16823,13792,3098,25
16824,13792,3133,9
16825,13793,3099,78
16826,13794,3099,26
16827,13795,3099,62
16828,13796,3099,30
16829,13797,3100,54
16830,13798,3100,35
16831,13799,3100,35
16832,13800,3100,26
16833,13800,3135,8
16834,13801,3136,89
16835,13802,3136,46
16836,13803,3136,21
16837,13804,3136,62
16838,13805,3207,59
16839,13806,3207,53
16840,13807,3207,41
16841,13808,3207,77
16842,13809,3173,59
16843,13810,3173,17
16844,13811,3173,51
16845,13812,3173,38
16846,13813,3034,13
16847,13814,3034,49
16848,13815,3034,29
16849,13816,3034,41
16850,13817,3140,37
16851,13818,3140,30
16852,13819,3140,36
16853,13820,3140,40
16854,13821,3106,35
16855,13822,3106,44
16856,13823,3106,14
16857,13824,3106,68
16858,13825,3037,111
16859,13826,3037,72
16860,13827,3037,3
16861,13827,3072,22
16862,13828,3072,21
16863,13829,3108,42
16864,13830,3108,58
16865,13831,3108,35
16866,13832,3108,51
16867,13833,3179,58
16868,13833,3214,16
16869,13834,3214,61
16870,13835,3214,30
16871,13836,3214,64
16872,13837,3075,32
16873,13838,3075,14
16874,13838,3110,8
16875,13839,3110,30
16876,13840,3110,75
16877,13841,3216,56
16878,13842,3216,68
16879,13843,3216,26
16880,13844,3216,81
16881,13845,3042,71
16882,13846,3042,69
16883,13847,3042,12
16884,13847,3077,20
16885,13848,3077,23
16886,13849,3183,26
16887,13850,3183,26
16888,13851,3183,67
16889,13852,3183,40
16890,13853,2939,65
16891,13854,2939,21
16892,13855,2939,31
16893,13856,2939,38
16894,13857,3185,103
16895,13858,3185,34
16896,13859,3185,36
16897,13860,3185,23
16898,13860,3220,40
16899,13861,3081,8
16900,13861,3116,39
16901,13862,3116,64
16902,13863,3116,42
16903,13864,3116,31
16904,13865,3047,51
16905,13866,3047,39
16906,13866,3082,30
16907,13867,3082,30
16908,13868,3082,76
16909,13869,3048,61
16910,13869,3083,22
16911,13870,3083,65
16912,13871,3083,25
16913,13872,3083,78
16914,13873,3014,72
16915,13874,3014,5
16916,13874,3049,26
16917,13875,3049,52
16918,13876,3049,101
16919,13877,3155,91
16920,13878,3155,69
16921,13879,3155,26
16922,13880,3155,43
16923,13881,3086,65
16924,13882,3086,55
16925,13883,3086,21
16926,13883,3121,29
16927,13884,3121,60
16928,13885,3157,36
16929,13885,3192,34
16930,13886,3192,81
16931,13887,3192,91
16932,13888,3192,67
16933,13889,3088,83
16934,13890,3088,43
16935,13891,3088,39
16936,13892,3088,58
16937,13893,3089,101
16938,13894,3089,39
16939,13895,3124,52
16940,13896,3124,53
16941,13897,3055,73
16942,13898,3055,16
16943,13898,3090,12
16944,13899,3090,47
16945,13900,3090,76
16946,13901,3126,103
16947,13902,3126,53
16948,13903,3126,60
16949,13904,3126,42
16950,13905,3127,59
16951,13906,3127,72
16952,13907,3127,18
16953,13908,3127,24
16954,13908,3162,55
16955,13909,3198,31
16956,13909,3233,61
16957,13910,3233,41
16958,13911,3233,33
16959,13912,3233,51
16960,13913,3129,36
16961,13914,3129,41
16962,13915,3129,52
16963,13916,3129,32
16964,13916,3164,35
16965,13917,3095,15
16966,13917,3130,108
16967,13918,3130,47
16968,13919,3130,47
16969,13920,3130,41
16970,13921,3131,8
16971,13921,3166,61
16972,13922,3166,36
16973,13923,3166,40
16974,13924,3166,28
16975,13925,3097,15
16976,13925,3132,45
16977,13926,3132,35
16978,13927,3132,26
16979,13928,3132,60
16980,13929,3133,80
16981,13930,3133,38
16982,13931,3133,34
16983,13932,3133,34
16984,13933,3099,35
16985,13934,3099,56
16986,13935,3099,18
16987,13935,3134,20
16988,13936,3134,39
16989,13937,3135,60
16990,13938,3135,37
16991,13939,3135,60
16992,13940,3135,68
16993,13941,3136,48
16994,13942,3136,54
16995,13943,3136,67
16996,13944,3136,20
16997,13944,3171,32
16998,13945,3207,27
16999,13945,3242,68
17000,13946,3242,49
17001,13947,3242,44
17002,13948,3242,48
17003,13949,3173,114
17004,13950,3173,104
17005,13951,3173,24
17006,13952,3173,45
17007,13953,3034,83
17008,13954,3034,54
17009,13955,3034,32
17010,13956,3034,48
17011,13956,3069,19
17012,13957,3140,77
17013,13958,3140,45
17014,13959,3140,60
17015,13960,3140,11
17016,13960,3175,55
17017,13961,3106,55
17018,13962,3106,45
17019,13962,3141,6
17020,13963,3141,36
17021,13964,3141,74
17022,13965,3072,71
17023,13966,3072,49
17024,13967,3072,25
17025,13968,3072,59
17026,13969,3108,40
17027,13970,3108,48
17028,13971,3108,56
17029,13972,3108,41
17030,13972,3143,33
17031,13973,3214,65
17032,13974,3214,60
17033,13975,3214,75
17034,13976,3214,76
17035,13977,3110,48
17036,13978,3110,67
17037,13979,3110,39
17038,13980,3110,75
17039,13981,3216,42
17040,13982,3216,58
17041,13983,3216,28
17042,13983,3251,18
17043,13984,3251,84
17044,13985,3077,41
17045,13986,3077,59
17046,13987,3077,23
17047,13988,3077,52
17048,13989,3183,76
17049,13990,3183,121
17050,13991,3183,45
17051,13992,3183,48
17052,13992,3218,60
17053,13993,2939,82
17054,13994,2939,82
17055,13995,2939,11
17056,13995,2974,32
17057,13996,2974,53
17058,13997,3220,49
17059,13998,3220,83
17060,13999,3220,20
17061,14000,3220,31
17062,14001,3116,87
17063,14002,3116,62
17064,14002,3151,8
17065,14003,3151,61
17066,14004,3151,31
17067,14005,3082,91
17068,14006,3082,26
17069,14006,3117,12
17070,14007,3117,63
17071,14008,3117,35
17072,14009,3083,80
17073,14010,3083,32
17074,14011,3083,54
17075,14012,3083,66
17076,14013,3049,43
17077,14013,3084,29
17078,14014,3084,44
17079,14015,3084,32
17080,14016,3084,73
17081,14017,3155,22
17082,14018,3155,29
17083,14019,3155,38
17084,14020,3155,11
17085,14020,3190,57
17086,14021,3121,47
17087,14022,3121,101
17088,14023,3121,51
17089,14024,3121,84
17090,14024,3156,42
17091,14025,3192,92
17092,14026,3192,12
17093,14026,3227,49
17094,14027,3227,26
17095,14028,3227,51
17096,14029,3088,75
17097,14030,3088,22
17098,14030,3123,36
17099,14031,3123,29
17100,14032,3123,49
17101,14033,3124,52
17102,14034,3124,71
17103,14035,3124,46
17104,14036,3124,35
17105,14037,3090,58
17106,14038,3090,79
17107,14039,3090,26
17108,14040,3090,88
17109,14040,3125,12
17110,14041,3126,50
17111,14042,3126,84
17112,14043,3126,24
17113,14043,3161,64
17114,14044,3161,60
17115,14045,3162,93
17116,14046,3162,33
17117,14047,3162,53
17118,14048,3162,21
17119,14049,3233,61
17120,14050,3233,67
17121,14051,3233,52
17122,14052,3233,65
17123,14053,3164,29
17124,14054,3164,26
17125,14055,3164,61
17126,14056,3164,109
17127,14057,3130,75
17128,14058,3130,56
17129,14059,3130,41
17130,14059,3165,19
17131,14060,3165,75
17132,14061,3166,49
17133,14062,3166,89
17134,14063,3166,28
17135,14064,3166,64
17136,14065,3132,44
17137,14065,3167,26
17138,14066,3167,50
17139,14067,3167,43
17140,14068,3167,38
17141,14069,3133,60
17142,14070,3133,51
17143,14071,3133,50
17144,14072,3133,10
17145,14072,3168,48
17146,14073,3134,92
17147,14074,3134,55
17148,14075,3134,40
17149,14076,3134,37
17150,14076,3169,65
17151,14077,3135,52
17152,14078,3135,45
17153,14079,3135,9
17154,14079,3170,29
17155,14080,3170,54
17156,14081,3171,80
17157,14082,3171,89
17158,14083,3171,31
17159,14084,3171,98
17160,14085,3242,59
17161,14086,3242,67
17162,14087,3242,29
17163,14088,3242,30
17164,14088,3277,50
17165,14089,3173,45
17166,14089,3208,48
17167,14090,3208,94
17168,14091,3208,49
17169,14092,3208,82
17170,14093,3069,98
17171,14094,3069,64
17172,14095,3069,65
17173,14096,3069,54
17174,14097,3175,64
17175,14098,3175,70
17176,14099,3175,21
17177,14100,3175,73
17178,14101,3141,45
17179,14102,3141,45
17180,14103,3141,24
17181,14104,3141,104
17182,14105,3072,22
17183,14105,3107,28
17184,14106,3107,63
17185,14107,3107,74
17186,14108,3107,30
17187,14109,3143,93
17188,14110,3143,25
17189,14111,3143,27
17190,14112,3143,68
17191,14113,3214,63
17192,14113,3249,30
17193,14114,3249,80
17194,14115,3249,63
17195,14116,3249,29
17196,14117,3110,51
17197,14118,3110,20
17198,14118,3145,34
17199,14119,3145,58
17200,14120,3145,32
17201,14121,3251,43
17202,14122,3251,73
17203,14123,3251,44
17204,14124,3251,42
17205,14125,3077,71
17206,14126,3077,68
17207,14127,3077,40
17208,14128,3077,64
17209,14129,3218,62
17210,14130,3218,91
17211,14131,3218,38
17212,14132,3218,90
17213,14133,2974,116
17214,14134,2974,38
17215,14134,3009,37
17216,14135,3009,41
17217,14136,3009,46
17218,14137,3220,74
17219,14138,3220,59
17220,14139,3220,68
17221,14140,3220,74
17222,14141,3151,70
17223,14142,3151,83
17224,14143,3151,38
17225,14144,3151,85
17226,14145,3117,83
17227,14146,3117,49
17228,14147,3117,30
17229,14148,3117,86
17230,14149,3083,12
17231,14149,3118,58
17232,14150,3118,95
17233,14151,3118,38
17234,14152,3118,74
17235,14153,3084,81
17236,14154,3084,36
17237,14154,3119,59
17238,14155,3119,42
17239,14156,3119,71
17240,14157,3190,109
17241,14158,3190,86
17242,14159,3190,29
17243,14160,3190,101
17244,14161,3156,112
17245,14162,3156,69
17246,14163,3156,35
17247,14164,3156,143
17248,14165,3227,101
17249,14166,3227,97
17250,14167,3227,35
17251,14168,3227,81
17252,14169,3123,89
17253,14170,3123,65
17254,14171,3123,59
17255,14172,3123,53
17256,14172,3158,8
17257,14173,3124,35
17258,14174,3124,33
17259,14174,3159,52
17260,14175,3159,48
17261,14176,3159,72
17262,14177,3125,192
17263,14178,3125,22
17264,14179,3125,26
17265,14180,3125,89
17266,14181,3161,144
17267,14182,3161,29
17268,14183,3161,71
17269,14184,3161,127
17270,14185,3162,114
17271,14186,3162,30
17272,14187,3162,27
17273,14188,3162,94
17274,14188,3197,8
17275,14189,3233,107
17276,14190,3233,69
17277,14191,3233,81
17278,14192,3233,23
17279,14192,3268,86
17280,14193,3164,99
17281,14194,3164,49
17282,14194,3199,30
17283,14195,3199,33
17284,14196,3199,94
17285,14197,3165,153
17286,14198,3165,83
17287,14199,3165,45
17288,14200,3165,19
17289,14200,3200,45
17290,14201,3166,60
17291,14201,3201,38
17292,14202,3201,67
17293,14203,3201,56
17294,14204,3201,57
17295,14205,3167,136
17296,14206,3167,38
17297,14207,3167,36
17298,14208,3167,124
17299,14209,3168,75
17300,14210,3168,33
17301,14211,3168,53
17302,14212,3168,82
17303,14213,3169,102
17304,14214,3169,82
17305,14215,3169,48
17306,14216,3169,125
17307,14216,3204,14
17308,14217,3170,109
17309,14218,3170,60
17310,14219,3170,55
17311,14220,3170,82
17312,14220,3205,20
17313,14221,3171,79
17314,14222,3171,17
17315,14222,3206,83
17316,14223,3206,44
17317,14224,3206,77
17318,14225,3277,99
17319,14226,3277,32
17320,14227,3277,33
17321,14228,3277,85
17322,14229,3208,102
17323,14230,3208,55
17324,14231,3208,58
17325,14232,3208,22
17326,14232,3243,20
17327,14233,3069,186
17328,14234,3069,64
17329,14234,3104,47
17330,14235,3104,49
17331,14236,3104,90
17332,14237,3175,152
17333,14238,3175,9
17334,14238,3210,16
17335,14239,3210,55
17336,14240,3210,106
17337,14241,3141,85
17338,14241,3176,47
17339,14242,3176,108
17340,14243,3176,87
17341,14244,3176,63
17342,14245,3107,63
17343,14246,3107,59
17344,14246,3142,80
17345,14247,3142,83
17346,14248,3142,97
17347,14249,3143,130
17348,14249,3178,28
17349,14250,3178,64
17350,14251,3178,88
17351,14252,3178,142
17352,14253,3249,154
17353,14254,3249,37
17354,14255,3249,43
17355,14256,3249,9
17356,14256,3284,18
17357,14257,3145,99
17358,14258,3145,62
17359,14259,3145,67
17360,14259,3180,56
17361,14260,3180,58
17362,14261,3251,59
17363,14262,3251,16
17364,14262,3286,55
17365,14263,3286,61
17366,14264,3286,93
17367,14265,3077,13
17368,14265,3112,107
17369,14266,3112,70
17370,14267,3112,42
17371,14268,3112,44
17372,14269,3218,86
17373,14269,3253,19
17374,14270,3253,70
17375,14271,3253,123
17376,14272,3253,82
17377,14273,3009,70
17378,14274,3009,88
17379,14275,3009,75
17380,14276,3009,57
17381,14276,3044,31
17382,14277,3220,11
17383,14277,3255,63
17384,14278,3255,72
17385,14279,3255,64
17386,14280,3255,91
17387,14281,3151,119
17388,14282,3151,16
17389,14282,3186,56
17390,14283,3186,72
17391,14284,3186,120
17392,14285,3117,61
17393,14285,3152,145
17394,14286,3152,86
17395,14287,3152,93
17396,14288,3152,150
17397,14289,3118,73
17398,14290,3118,47
17399,14291,3118,94
17400,14291,3153,30
17401,14292,3153,163
17402,14293,3119,81
17403,14294,3119,139
17404,14295,3119,61
17405,14295,3154,38
17406,14296,3154,109
17407,14297,3190,100
17408,14298,3190,43
17409,14298,3225,27
17410,14299,3225,86
17411,14300,3225,141
17412,14301,3156,129
17413,14302,3156,24
17414,14302,3191,47
17415,14303,3191,104
17416,14304,3191,158
17417,14305,3227,21
17418,14305,3262,99
17419,14306,3262,152
17420,14307,3262,142
17421,14308,3262,25
17422,14309,3158,118
17423,14310,3158,83
17424,14311,3158,81
17425,14312,3158,98
17426,14313,3159,157
17427,14314,3159,161
17428,14314,3194,16
17429,14315,3194,67
17430,14316,3194,60
17431,14317,3125,64
17432,14317,3160,161
17433,14318,3160,89
17434,14319,3160,143
17435,14320,3160,101
17436,14321,3161,124
17437,14321,3196,16
17438,14322,3196,91
17439,14323,3196,114
17440,14324,3196,84
17441,14325,3197,133
17442,14326,3197,84
17443,14327,3197,69
17444,14328,3197,59
17445,14329,3268,109
17446,14330,3268,81
17447,14331,3268,87
17448,14332,3268,49
17449,14333,3199,177
17450,14334,3199,37
17451,14335,3199,83
17452,14336,3199,60
17453,14336,3234,39
17454,14337,3200,84
17455,14338,3200,74
17456,14339,3200,66
17457,14340,3200,140
17458,14341,3201,171
17459,14342,3201,17
17460,14342,3236,68
17461,14343,3236,84
17462,14344,3236,97
17463,14345,3167,20
17464,14345,3202,82
17465,14346,3202,77
17466,14347,3202,122
17467,14348,3202,104
17468,14348,3237,51
17469,14349,3168,58
17470,14350,3168,140
17471,14351,3168,42
17472,14352,3168,53
17473,14352,3203,44
17474,14353,3204,82
17475,14354,3204,45
17476,14355,3204,111
17477,14356,3204,70
17478,14357,3205,179
17479,14358,3205,97
17480,14359,3205,52
17481,14360,3205,75
17482,14361,3206,143
17483,14362,3206,59
17484,14363,3206,86
17485,14364,3206,9
17486,14364,3241,123
17487,14365,3277,66
17488,14366,3277,88
17489,14367,3277,76
17490,14368,3277,2
17491,14368,3312,132
17492,14369,3243,96
17493,14370,3243,99
17494,14371,3243,71
17495,14372,3243,113
17496,14373,3104,109
17497,14374,3104,51
17498,14375,3104,23
17499,14375,3139,36
17500,14376,3139,95
17501,14377,3210,93
17502,14378,3210,73
17503,14379,3210,58
17504,14379,3245,1
17505,14380,3245,173
17506,14381,3176,44
17507,14382,3176,123
17508,14383,3176,88
17509,14384,3176,37
17510,14384,3211,62
17511,14385,3142,59
17512,14385,3177,6
17513,14386,3177,34
17514,14387,3177,63
17515,14388,3177,106
17516,14389,3178,134
17517,14390,3178,51
17518,14391,3178,37
17519,14392,3178,39
17520,14392,3213,77
17521,14393,3284,110
17522,14394,3284,135
17523,14395,3284,51
17524,14396,3284,72
17525,14397,3180,116
17526,14398,3180,105
17527,14398,3215,33
17528,14399,3215,128
17529,14400,3215,73
17530,14401,3286,155
17531,14402,3286,68
17532,14403,3286,85
17533,14404,3286,31
17534,14404,3321,56
17535,14405,3112,66
17536,14405,3147,8
17537,14406,3147,75
17538,14407,3147,43
17539,14408,3147,109
17540,14409,3253,105
17541,14410,3253,48
17542,14411,3253,63
17543,14412,3253,86
17544,14412,3288,67
17545,14413,3044,121
17546,14414,3044,131
17547,14415,3044,55
17548,14416,3044,11
17549,14416,3079,102
17550,14417,3255,148
17551,14418,3255,77
17552,14419,3255,56
17553,14420,3255,63
17554,14420,3290,85
17555,14421,3186,109
17556,14422,3186,45
17557,14423,3186,50
17558,14424,3186,11
17559,14424,3221,154
17560,14425,3152,65
17561,14425,3187,73
17562,14426,3187,96
17563,14427,3187,90
17564,14428,3187,70
17565,14429,3153,109
17566,14430,3153,36
17567,14431,3153,13
17568,14431,3188,110
17569,14432,3188,96
17570,14433,3154,187
17571,14434,3154,62
17572,14434,3189,45
17573,14435,3189,79
17574,14436,3189,121
17575,14437,3225,114
17576,14438,3225,21
17577,14438,3260,51
17578,14439,3260,65
17579,14440,3260,119
17580,14441,3191,109
17581,14442,3191,85
17582,14443,3191,40
17583,14444,3191,17
17584,14444,3226,26
17585,14445,3262,73
17586,14445,3297,58
17587,14446,3297,90
17588,14447,3297,87
17589,14448,3297,139
17590,14449,3158,41
17591,14449,3193,72
17592,14450,3193,71
17593,14451,3193,41
17594,14452,3193,137
17595,14453,3194,120
17596,14454,3194,63
17597,14455,3194,69
17598,14456,3194,36
17599,14456,3229,68
17600,14457,3160,46
17601,14457,3195,55
17602,14458,3195,75
17603,14459,3195,75
17604,14460,3195,120
17605,14461,3196,103
17606,14461,3231,29
17607,14462,3231,69
17608,14463,3231,43
17609,14464,3231,114
17610,14465,3197,86
17611,14466,3197,24
17612,14466,3232,89
17613,14467,3232,57
17614,14468,3232,101
17615,14469,3268,53
17616,14470,3268,63
17617,14471,3268,68
17618,14471,3303,69
17619,14472,3303,53
17620,14473,3234,83
17621,14474,3234,114
17622,14475,3234,68
17623,14476,3234,114
17624,14477,3200,134
17625,14477,3235,14
17626,14478,3235,93
17627,14479,3235,55
17628,14480,3235,135
17629,14481,3236,134
17630,14482,3236,73
17631,14482,3271,17
17632,14483,3271,99
17633,14484,3271,105
17634,14485,3237,112
17635,14486,3237,72
17636,14487,3237,44
17637,14488,3237,63
17638,14488,3272,48
17639,14489,3203,73
17640,14490,3203,108
17641,14491,3203,123
17642,14492,3203,72
17643,14492,3238,70
17644,14493,3204,110
17645,14493,3239,2
17646,14494,3239,48
17647,14495,3239,123
17648,14496,3239,86
17649,14497,3205,113
17650,14497,3240,81
17651,14498,3240,38
17652,14499,3240,97
17653,14500,3240,91
17654,14501,3241,145
17655,14502,3241,73
17656,14503,3241,71
17657,14504,3241,2
17658,14504,3276,101
17659,14505,3312,137
17660,14506,3312,38
17661,14507,3312,41
17662,14508,3312,120
17663,14509,3243,13
17664,14509,3278,87
17665,14510,3278,77
17666,14511,3278,80
17667,14512,3278,140
17668,14513,3139,172
17669,14514,3139,78
17670,14515,3139,19
17671,14515,3174,55
17672,14516,3174,81
17673,14517,3245,144
17674,14518,3245,52
17675,14519,3245,55
17676,14520,3245,76
17677,14521,3211,117
17678,14522,3211,31
17679,14523,3211,66
17680,14524,3211,124
17681,14525,3177,34
17682,14526,3177,97
17683,14527,3177,138
17684,14528,3177,1
17685,14528,3212,48
17686,14529,3213,114
17687,14530,3213,60
17688,14531,3213,49
17689,14532,3213,56
17690,14533,3284,63
17691,14533,3319,34
17692,14534,3319,126
17693,14535,3319,25
17694,14536,3319,52
17695,14537,3215,100
17696,14538,3215,124
17697,14539,3215,15
17698,14539,3250,32
17699,14540,3250,136
17700,14541,3321,120
17701,14542,3321,115
17702,14543,3321,82
17703,14544,3321,107
17704,14544,3356,20
17705,14545,3147,163
17706,14546,3147,88
17707,14546,3182,56
17708,14547,3182,84
17709,14548,3182,165
17710,14549,3288,131
17711,14550,3288,58
17712,14551,3288,53
17713,14552,3288,80
17714,14553,3079,112
17715,14554,3079,77
17716,14555,3079,40
17717,14555,3114,28
17718,14556,3114,58
17719,14557,3290,99
17720,14558,3290,159
17721,14559,3290,106
17722,14560,3290,60
17723,14560,3325,107
17724,14561,3221,52
17725,14562,3221,60
17726,14563,3221,41
17727,14564,3221,46
17728,14565,3187,37
17729,14566,3187,54
17730,14567,3187,4
17731,14567,3222,31
17732,14568,3222,61
17733,14569,3188,75
17734,14570,3188,42
17735,14571,3188,16
17736,14572,3188,35
17737,14573,3189,137
17738,14574,3189,10
17739,14574,3224,45
17740,14575,3224,52
17741,14576,3224,74
17742,14577,3260,95
17743,14578,3260,48
17744,14579,3260,32
17745,14580,3260,35
17746,14581,3226,51
17747,14582,3226,39
17748,14583,3226,19
17749,14584,3226,68
17750,14585,3297,5
17751,14585,3332,31
17752,14586,3332,63
17753,14587,3332,50
17754,14588,3332,71
17755,14589,3193,38
17756,14590,3193,57
17757,14591,3193,22
17758,14591,3228,22
17759,14592,3228,43
17760,14593,3229,34
17761,14594,3229,54
17762,14595,3229,33
17763,14596,3229,48
17764,14597,3195,81
17765,14598,3195,69
17766,14598,3230,14
17767,14599,3230,58
17768,14600,3230,33
17769,14601,3231,76
17770,14602,3231,13
17771,14603,3231,23
17772,14603,3266,9
17773,14604,3266,66
17774,14605,3232,84
17775,14606,3232,53
17776,14607,3232,24
17777,14608,3232,56
17778,14608,3267,29
17779,14609,3303,20
17780,14610,3303,47
17781,14611,3303,41
17782,14612,3303,58
17783,14613,3234,87
17784,14614,3234,36
17785,14614,3269,15
17786,14615,3269,13
17787,14616,3269,48
17788,14617,3235,15
17789,14617,3270,13
17790,14618,3270,73
17791,14619,3270,15
17792,14620,3270,49
17793,14621,3271,69
17794,14622,3271,45
17795,14623,3271,37
17796,14624,3271,67
17797,14625,3272,46
17798,14626,3272,37
17799,14627,3272,35
17800,14628,3272,34
17801,14629,3238,69
17802,14630,3238,65
17803,14631,3238,23
17804,14632,3238,74
17805,14633,3239,52
17806,14634,3239,38
17807,14635,3239,69
17808,14636,3239,77
17809,14637,3240,37
17810,14638,3240,9
17811,14639,3240,65
17812,14640,3240,40
17813,14641,3276,33
17814,14642,3276,58
17815,14643,3276,38
17816,14644,3276,37
17817,14645,3312,36
17818,14646,3312,27
17819,14646,3347,13
17820,14647,3347,48
17821,14648,3347,43
17822,14649,3278,15
17823,14649,3313,52
17824,14650,3313,90
17825,14651,3313,22
17826,14652,3313,74
17827,14653,3174,70
17828,14654,3174,51
17829,14655,3174,34
17830,14656,3174,50
17831,14657,3245,16
17832,14657,3280,47
17833,14658,3280,13
17834,14659,3280,34
17835,14660,3280,61
17836,14661,3211,79
17837,14662,3211,5
17838,14662,3246,39
17839,14663,3246,37
17840,14664,3246,40
17841,14665,3212,52
17842,14666,3212,38
17843,14667,3212,66
17844,14668,3212,54
17845,14669,3213,10
17846,14669,3248,24
17847,14670,3248,51
17848,14671,3248,22
17849,14672,3248,13
17850,14673,3319,51
17851,14674,3319,24
17852,14675,3319,17
17853,14675,3354,34
17854,14676,3354,33
17855,14677,3250,127
17856,14678,3250,40
17857,14679,3250,29
17858,14680,3250,35
17859,14680,3285,2
17860,14681,3356,37
17861,14682,3356,38
17862,14683,3356,20
17863,14684,3356,39
17864,14685,3182,77
17865,14686,3182,46
17866,14687,3182,23
17867,14688,3182,34
17868,14688,3217,41
17869,14689,3288,76
17870,14690,3288,34
17871,14691,3288,39
17872,14691,3323,7
17873,14692,3323,51
17874,14693,3114,80
17875,14694,3114,43
17876,14695,3114,47
17877,14696,3114,46
17878,14697,3325,38
17879,14698,3325,44
17880,14699,3325,58
17881,14700,3325,47
17882,14701,3221,41
17883,14702,3221,33
17884,14703,3221,35
17885,14704,3221,62
17886,14705,3222,92
17887,14706,3222,34
17888,14707,3222,40
17889,14708,3222,34
17890,14709,3188,11
17891,14709,3223,25
17892,14710,3223,38
17893,14711,3223,37
17894,14712,3223,83
17895,14713,3224,80
17896,14714,3224,30
17897,14715,3224,5
17898,14715,3259,54
17899,14716,3259,27
17900,14717,3260,5
17901,14717,3295,45
17902,14718,3295,30
17903,14719,3295,26
17904,14720,3295,35
17905,14721,3226,78
17906,14722,3226,57
17907,14723,3226,42
17908,14724,3226,69
17909,14725,3332,61
17910,14726,3332,28
17911,14727,3332,34
17912,14728,3332,29
17913,14729,3228,39
17914,14730,3228,42
17915,14731,3228,36
17916,14732,3228,61
17917,14733,3229,54
17918,14734,3229,27
17919,14735,3229,26
17920,14736,3229,55
17921,14736,3264,21
17922,14737,3230,55
17923,14738,3230,47
17924,14739,3230,32
17925,14740,3230,79
17926,14741,3266,59
17927,14742,3266,47
17928,14743,3266,24
17929,14744,3266,87
17930,14745,3267,45
17931,14746,3267,27
17932,14747,3267,10
17933,14748,3267,72
17934,14749,3303,60
17935,14750,3303,24
17936,14751,3303,27
17937,14752,3303,40
17938,14753,3269,77
17939,14754,3269,61
17940,14755,3269,81
17941,14756,3269,72
17942,14757,3270,40
17943,14758,3270,42
17944,14759,3270,41
17945,14760,3270,77
17946,14761,3271,35
17947,14761,3306,61
17948,14762,3306,71
17949,14763,3306,43
17950,14764,3306,43
17951,14765,3272,47
17952,14766,3272,44
17953,14767,3272,34
17954,14768,3272,76
17955,14769,3238,66
17956,14770,3238,35
17957,14771,3238,13
17958,14771,3273,28
17959,14772,3273,33
17960,14773,3239,61
17961,14773,3274,1
17962,14774,3274,40
17963,14775,3274,23
17964,14776,3274,30
17965,14777,3240,28
17966,14777,3275,32
17967,14778,3275,33
17968,14779,3275,64
17969,14780,3275,33
17970,14781,3276,42
17971,14782,3276,52
17972,14783,3276,23
17973,14784,3276,44
17974,14785,3347,40
17975,14786,3347,49
17976,14787,3347,34
17977,14788,3347,50
17978,14789,3313,38
17979,14790,3313,22
17980,14791,3313,52
17981,14792,3313,98
17982,14793,3174,69
17983,14794,3174,65
17984,14794,3209,13
17985,14795,3209,36
17986,14796,3209,87
17987,14797,3280,47
17988,14798,3280,26
17989,14799,3280,51
17990,14800,3280,53
17991,14801,3246,115
17992,14802,3246,31
17993,14803,3246,65
17994,14804,3246,40
17995,14805,3212,53
17996,14806,3212,33
17997,14807,3212,34
17998,14808,3212,48
17999,14809,3248,39
18000,14810,3248,68
18001,14811,3248,50
18002,14812,3248,54
18003,14813,3354,53
18004,14814,3354,36
18005,14815,3354,26
18006,14816,3354,58
18007,14817,3285,52
18008,14818,3285,42
18009,14819,3285,33
18010,14820,3285,62
18011,14821,3356,53
18012,14822,3356,67
18013,14823,3356,54
18014,14824,3356,36
18015,14825,3217,43
18016,14826,3217,30
18017,14827,3217,55
18018,14828,3217,34
18019,14829,3323,59
18020,14830,3323,30
18021,14831,3323,49
18022,14832,3323,44
18023,14833,3114,9
18024,14833,3149,60
18025,14834,3149,80
18026,14835,3149,10
18027,14836,3149,35
18028,14837,3325,77
18029,14838,3325,22
18030,14839,3325,33
18031,14840,3325,36
18032,14840,3360,17
18033,14841,3221,21
18034,14841,3256,31
18035,14842,3256,65
18036,14843,3256,49
18037,14844,3256,42
18038,14845,3222,145
18039,14845,3257,29
18040,14846,3257,27
18041,14847,3257,50
18042,14848,3257,99
18043,14849,3223,56
18044,14850,3223,42
18045,14851,3223,73
18046,14852,3223,32
18047,14853,3259,64
18048,14854,3259,39
18049,14855,3259,26
18050,14856,3259,80
18051,14857,3295,16
18052,14858,3295,79
18053,14859,3295,27
18054,14860,3295,24
18055,14861,3226,8
18056,14861,3261,68
18057,14862,3261,39
18058,14863,3261,30
18059,14864,3261,65
18060,14865,3332,66
18061,14866,3332,67
18062,14867,3332,3
18063,14867,3367,30
18064,14868,3367,77
18065,14869,3228,76
18066,14870,3228,49
18067,14871,3228,33
18068,14872,3228,71
18069,14872,3263,27
18070,14873,3264,66
18071,14874,3264,39
18072,14875,3264,35
18073,14876,3264,54
18074,14877,3230,19
18075,14877,3265,33
18076,14878,3265,63
18077,14879,3265,31
18078,14880,3265,77
18079,14881,3266,3
18080,14881,3301,64
18081,14882,3301,27
18082,14883,3301,26
18083,14884,3301,33
18084,14885,3267,62
18085,14886,3267,33
18086,14887,3267,18
18087,14887,3302,13
18088,14888,3302,47
18089,14889,3303,71
18090,14890,3303,16
18091,14890,3338,41
18092,14891,3338,37
18093,14892,3338,38
18094,14893,3269,56
18095,14894,3269,20
18096,14895,3269,22
18097,14895,3304,9
18098,14896,3304,162
18099,14897,3270,70
18100,14898,3270,47
18101,14899,3270,5
18102,14899,3305,34
18103,14900,3305,66
18104,14901,3306,71
18105,14902,3306,48
18106,14903,3306,26
18107,14904,3306,55
18108,14904,3341,49
18109,14905,3272,36
18110,14906,3272,26
18111,14906,3307,26
18112,14907,3307,40
18113,14908,3307,58
18114,14909,3273,81
18115,14910,3273,37
18116,14911,3273,72
18117,14912,3273,74
18118,14913,3274,57
18119,14914,3274,14
18120,14915,3274,61
18121,14916,3274,37
18122,14917,3275,45
18123,14918,3275,61
18124,14919,3275,53
18125,14920,3275,21
18126,14920,3310,7
18127,14921,3276,129
18128,14922,3276,42
18129,14923,3276,29
18130,14924,3276,53
18131,14925,3347,60
18132,14925,3382,20
18133,14926,3382,44
18134,14927,3382,45
18135,14928,3382,102
18136,14929,3313,66
18137,14929,3348,18
18138,14930,3348,62
18139,14931,3348,55
18140,14932,3348,59
18141,14933,3209,63
18142,14934,3209,37
18143,14935,3209,48
18144,14936,3209,55
18145,14937,3280,124
18146,14938,3280,30
18147,14938,3315,27
18148,14939,3315,26
18149,14940,3315,48
18150,14941,3246,68
18151,14942,3246,32
18152,14943,3246,39
18153,14944,3246,81
18154,14945,3212,83
18155,14946,3212,2
18156,14946,3247,67
18157,14947,3247,27
18158,14948,3247,93
18159,14949,3248,73
18160,14949,3283,27
18161,14950,3283,37
18162,14951,3283,57
18163,14952,3283,60
18164,14953,3354,54
18165,14954,3354,36
18166,14955,3354,25
18167,14956,3354,60
18168,14957,3285,44
18169,14958,3285,41
18170,14959,3285,48
18171,14960,3285,54
18172,14961,3356,48
18173,14962,3356,31
18174,14962,3391,35
18175,14963,3391,58
18176,14964,3391,102
18177,14965,3217,92
18178,14966,3217,26
18179,14967,3217,45
18180,14968,3217,24
18181,14968,3252,55
18182,14969,3323,24
18183,14970,3323,76
18184,14971,3323,29
18185,14971,3358,11
18186,14972,3358,58
18187,14973,3149,52
18188,14974,3149,75
18189,14974,3184,7
18190,14975,3184,32
18191,14976,3184,30
18192,14977,3360,70
18193,14978,3360,31
18194,14979,3360,34
18195,14980,3360,76
18196,14981,3256,75
18197,14982,3256,40
18198,14983,3256,32
18199,14984,3256,62
18200,14985,3257,86
18201,14986,3257,40
18202,14987,3257,41
18203,14988,3257,79
18204,14989,3223,109
18205,14990,3223,86
18206,14991,3223,11
18207,14991,3258,69
18208,14992,3258,112
18209,14993,3259,67
18210,14994,3259,78
18211,14995,3259,61
18212,14996,3259,32
18213,14997,3295,88
18214,14998,3295,5
18215,14998,3330,105
18216,14999,3330,63
18217,15000,3330,66
18218,15001,3261,133
18219,15002,3261,91
18220,15003,3261,19
18221,15004,3261,61
18222,15005,3367,71
18223,15006,3367,69
18224,15007,3367,57
18225,15008,3367,44
18226,15008,3402,32
18227,15009,3263,107
18228,15010,3263,32
18229,15011,3263,46
18230,15012,3263,103
18231,15013,3264,58
18232,15014,3264,55
18233,15015,3264,61
18234,15016,3264,78
18235,15017,3265,75
18236,15018,3265,29
18237,15019,3265,36
18238,15020,3265,67
18239,15021,3301,75
18240,15022,3301,69
18241,15023,3301,39
18242,15024,3301,80
18243,15025,3302,45
18244,15026,3302,52
18245,15027,3302,32
18246,15028,3302,98
18247,15029,3338,55
18248,15030,3338,38
18249,15031,3338,21
18250,15032,3338,45
18251,15033,3304,73
18252,15034,3304,39
18253,15035,3304,81
18254,15036,3304,34
18255,15037,3305,82
18256,15038,3305,42
18257,15039,3305,49
18258,15040,3305,57
18259,15041,3341,47
18260,15042,3341,79
18261,15043,3341,64
18262,15044,3341,44
18263,15045,3307,79
18264,15046,3307,80
18265,15047,3307,49
18266,15048,3307,60
18267,15049,3273,47
18268,15050,3273,81
18269,15051,3273,17
18270,15052,3273,25
18271,15052,3308,49
18272,15053,3274,56
18273,15054,3274,18
18274,15055,3274,57
18275,15055,3309,17
18276,15056,3309,37
18277,15057,3310,61
18278,15058,3310,79
18279,15059,3310,28
18280,15060,3310,37
18281,15061,3276,9
18282,15061,3311,81
18283,15062,3311,30
18284,15063,3311,46
18285,15064,3311,95
18286,15065,3382,60
18287,15066,3382,26
18288,15067,3382,43
18289,15068,3382,39
18290,15069,3348,90
18291,15070,3348,69
18292,15071,3348,22
18293,15072,3348,63
18294,15073,3209,81
18295,15073,3244,50
18296,15074,3244,89
18297,15075,3244,49
18298,15076,3244,72
18299,15077,3315,104
18300,15078,3315,63
18301,15079,3315,45
18302,15080,3315,63
18303,15081,3246,11
18304,15081,3281,72
18305,15082,3281,81
18306,15083,3281,75
18307,15084,3281,53
18308,15085,3247,79
18309,15086,3247,26
18310,15087,3247,73
18311,15088,3247,74
18312,15089,3283,55
18313,15090,3283,53
18314,15090,3318,15
18315,15091,3318,32
18316,15092,3318,50
18317,15093,3354,56
18318,15094,3354,50
18319,15094,3389,30
18320,15095,3389,30
18321,15096,3389,61
18322,15097,3285,73
18323,15098,3285,60
18324,15099,3285,66
18325,15100,3285,39
18326,15101,3391,52
18327,15102,3391,48
18328,15103,3391,48
18329,15104,3391,47
18330,15105,3252,45
18331,15106,3252,64
18332,15107,3252,56
18333,15108,3252,69
18334,15109,3358,81
18335,15110,3358,74
18336,15111,3358,23
18337,15112,3358,57
18338,15113,3184,108
18339,15114,3184,55
18340,15115,3184,56
18341,15116,3184,39
18342,15117,3360,142
18343,15118,3360,96
18344,15119,3360,25
18345,15119,3395,11
18346,15120,3395,106
18347,15121,3256,180
18348,15121,3291,60
18349,15122,3291,77
18350,15123,3291,22
18351,15124,3291,124
18352,15125,3257,12
18353,15125,3292,75
18354,15126,3292,69
18355,15127,3292,78
18356,15128,3292,72
18357,15129,3258,82
18358,15130,3258,108
18359,15131,3258,111
18360,15131,3293,18
18361,15132,3293,56
18362,15133,3259,76
18363,15134,3259,5
18364,15134,3294,72
18365,15135,3294,40
18366,15136,3294,88
18367,15137,3330,122
18368,15137,3365,16
18369,15138,3365,32
18370,15139,3365,42
18371,15140,3365,71
18372,15141,3261,40
18373,15142,3261,41
18374,15143,3261,19
18375,15143,3296,13
18376,15144,3296,84
18377,15145,3402,77
18378,15146,3402,37
18379,15147,3402,66
18380,15148,3402,61
18381,15149,3263,95
18382,15150,3263,18
18383,15150,3298,38
18384,15151,3298,40
18385,15152,3298,40
18386,15153,3264,79
18387,15153,3299,12
18388,15154,3299,68
18389,15155,3299,42
18390,15156,3299,40
18391,15157,3265,87
18392,15158,3265,107
18393,15159,3265,72
18394,15160,3265,32
18395,15160,3300,124
18396,15161,3301,31
18397,15161,3336,100
18398,15162,3336,87
18399,15163,3336,66
18400,15164,3336,37
18401,15165,3302,116
18402,15166,3302,19
18403,15166,3337,68
18404,15167,3337,73
18405,15168,3337,109
18406,15169,3338,33
18407,15170,3338,49
18408,15171,3338,26
18409,15171,3373,13
18410,15172,3373,95
18411,15173,3304,63
18412,15174,3304,64
18413,15175,3304,22
18414,15175,3339,12
18415,15176,3339,138
18416,15177,3305,46
18417,15178,3305,39
18418,15178,3340,17
18419,15179,3340,55
18420,15180,3340,82
18421,15181,3341,112
18422,15182,3341,14
18423,15182,3376,22
18424,15183,3376,61
18425,15184,3376,104
18426,15185,3307,164
18427,15186,3307,37
18428,15186,3342,10
18429,15187,3342,53
18430,15188,3342,47
18431,15189,3308,139
18432,15190,3308,44
18433,15191,3308,75
18434,15192,3308,59
18435,15193,3309,70
18436,15194,3309,78
18437,15195,3309,51
18438,15196,3309,48
18439,15197,3310,168
18440,15198,3310,51
18441,15198,3345,23
18442,15199,3345,53
18443,15200,3345,63
18444,15201,3311,162
18445,15202,3311,76
18446,15202,3346,38
18447,15203,3346,41
18448,15204,3346,94
18449,15205,3382,89
18450,15205,3417,36
18451,15206,3417,50
18452,15207,3417,49
18453,15208,3417,54
18454,15209,3348,91
18455,15210,3348,46
18456,15211,3348,81
18457,15212,3348,27
18458,15212,3383,96
18459,15213,3244,63
18460,15214,3244,72
18461,15215,3244,64
18462,15216,3244,104
18463,15217,3315,72
18464,15217,3350,12
18465,15218,3350,45
18466,15219,3350,66
18467,15220,3350,90
18468,15221,3281,89
18469,15222,3281,33
18470,15223,3281,38
18471,15223,3316,3
18472,15224,3316,77
18473,15225,3247,4
18474,15225,3282,111
18475,15226,3282,50
18476,15227,3282,51
18477,15228,3282,48
18478,15229,3318,120
18479,15230,3318,69
18480,15231,3318,20
18481,15231,3353,25
18482,15232,3353,111
18483,15233,3389,146
18484,15234,3389,74
18485,15235,3389,20
18486,15236,3389,151
18487,15237,3285,13
18488,15237,3320,138
18489,15238,3320,48
18490,15239,3320,91
18491,15240,3320,117
18492,15241,3391,113
18493,15242,3391,41
18494,15242,3426,56
18495,15243,3426,47
18496,15244,3426,85
18497,15245,3252,80
18498,15246,3252,38
18499,15247,3252,65
18500,15247,3287,22
18501,15248,3287,47
18502,15249,3358,33
18503,15249,3393,29
18504,15250,3393,46
18505,15251,3393,77
18506,15252,3393,51
18507,15253,3184,56
18508,15254,3184,79
18509,15255,3184,42
18510,15255,3219,36
18511,15256,3219,66
18512,15257,3395,103
18513,15258,3395,75
18514,15259,3395,42
18515,15260,3395,96
18516,15260,3430,39
18517,15261,3291,53
18518,15262,3291,97
18519,15263,3291,36
18520,15264,3291,81
18521,15265,3292,120
18522,15266,3292,3
18523,15266,3327,51
18524,15267,3327,65
18525,15268,3327,110
18526,15269,3293,104
18527,15270,3293,113
18528,15271,3293,40
18529,15272,3293,60
18530,15272,3328,23
18531,15273,3294,83
18532,15274,3294,59
18533,15275,3294,56
18534,15276,3294,72
18535,15277,3365,81
18536,15278,3365,63
18537,15279,3365,97
18538,15279,3400,9
18539,15280,3400,84
18540,15281,3296,61
18541,15282,3296,48
18542,15283,3296,128
18543,15284,3296,32
18544,15285,3402,117
18545,15286,3402,35
18546,15286,3437,27
18547,15287,3437,28
18548,15288,3437,89
18549,15289,3298,61
18550,15290,3298,105
18551,15291,3298,78
18552,15292,3298,65
18553,15293,3299,180
18554,15294,3299,64
18555,15294,3334,5
18556,15295,3334,57
18557,15296,3334,183
18558,15297,3300,73
18559,15298,3300,65
18560,15299,3300,63
18561,15300,3300,152
18562,15301,3336,105
18563,15301,3371,40
18564,15302,3371,50
18565,15303,3371,41
18566,15304,3371,74
18567,15305,3337,44
18568,15305,3372,26
18569,15306,3372,81
18570,15307,3372,43
18571,15308,3372,69
18572,15309,3373,142
18573,15310,3373,120
18574,15311,3373,75
18575,15312,3408,107
18576,15313,3339,130
18577,15314,3339,109
18578,15314,3374,20
18579,15315,3374,111
18580,15316,3374,60
18581,15317,3340,115
18582,15318,3340,68
18583,15319,3340,74
18584,15320,3340,11
18585,15320,3375,143
18586,15321,3376,99
18587,15322,3376,61
18588,15323,3376,61
18589,15324,3376,99
18590,15325,3342,107
18591,15326,3342,130
18592,15327,3342,92
18593,15328,3342,51
18594,15328,3377,77
18595,15329,3308,25
18596,15329,3343,131
18597,15330,3343,56
18598,15331,3343,57
18599,15332,3343,91
18600,15333,3309,177
18601,15334,3309,105
18602,15335,3309,47
18603,15335,3344,42
18604,15336,3344,126
18605,15337,3345,168
18606,15338,3345,66
18607,15338,3380,28
18608,15339,3380,57
18609,15340,3380,78
18610,15341,3346,95
18611,15342,3346,47
18612,15342,3381,3
18613,15343,3381,106
18614,15344,3381,89
18615,15345,3417,202
18616,15346,3417,89
18617,15346,3452,69
18618,15347,3452,97
18619,15348,3452,51
18620,15349,3383,69
18621,15350,3383,76
18622,15351,3383,76
18623,15352,3383,65
18624,15353,3244,3
18625,15353,3279,108
18626,15354,3279,80
18627,15355,3279,67
18628,15356,3279,71
18629,15357,3350,117
18630,15358,3350,21
18631,15358,3385,79
18632,15359,3385,81
18633,15360,3385,132
18634,15361,3316,136
18635,15362,3316,125
18636,15363,3316,64
18637,15364,3316,79
18638,15365,3282,88
18639,15366,3282,74
18640,15366,3317,15
18641,15367,3317,127
18642,15368,3317,85
18643,15369,3353,206
18644,15370,3353,92
18645,15371,3353,47
18646,15371,3388,29
18647,15372,3388,138
18648,15373,3389,14
18649,15373,3424,62
18650,15374,3424,45
18651,15375,3424,41
18652,15376,3424,119
18653,15377,3320,113
18654,15378,3320,40
18655,15378,3355,65
18656,15379,3355,121
18657,15380,3355,58
18658,15381,3426,205
18659,15382,3426,64
18660,15382,3461,51
18661,15383,3461,62
18662,15384,3461,97
18663,15385,3287,68
18664,15386,3287,180
18665,15387,3287,73
18666,15388,3287,90
18667,15388,3322,98
18668,15389,3393,88
18669,15390,3393,94
18670,15391,3393,45
18671,15392,3393,10
18672,15392,3428,97
18673,15393,3219,209
18674,15394,3219,67
18675,15395,3219,52
18676,15396,3219,61
18677,15397,3430,141
18678,15398,3430,84
18679,15399,3430,40
18680,15400,3430,134
18681,15401,3291,77
18682,15402,3291,1
18683,15402,3326,39
18684,15403,3326,71
18685,15404,3326,104
18686,15405,3327,54
18687,15406,3327,80
18688,15407,3327,39
18689,15408,3327,72
18690,15409,3328,72
18691,15410,3328,78
18692,15411,3328,47
18693,15412,3328,21
18694,15412,3363,87
18695,15413,3294,32
18696,15413,3329,13
18697,15414,3329,44
18698,15415,3329,46
18699,15416,3329,45
18700,15417,3400,80
18701,15418,3400,20
18702,15419,3400,35
18703,15420,3400,51
18704,15421,3296,9
18705,15421,3331,90
18706,15422,3331,24
18707,15423,3331,17
18708,15424,3331,49
18709,15425,3437,95
18710,15426,3437,26
18711,15427,3437,39
18712,15428,3437,57
18713,15429,3298,44
18714,15430,3298,25
18715,15430,3333,1
18716,15431,3333,40
18717,15432,3333,56
18718,15433,3334,83
18719,15434,3334,122
18720,15435,3334,25
18721,15436,3334,56
18722,15437,3300,9
18723,15437,3335,32
18724,15438,3335,34
18725,15439,3335,37
18726,15440,3335,43
18727,15441,3371,91
18728,15442,3371,52
18729,15443,3371,58
18730,15444,3371,58
18731,15444,3406,45
18732,15445,3372,93
18733,15446,3372,49
18734,15446,3407,15
18735,15447,3407,52
18736,15448,3407,89
18737,15449,3408,119
18738,15450,3408,73
18739,15451,3408,77
18740,15451,3443,38
18741,15452,3443,97
18742,15453,3374,100
18743,15454,3374,74
18744,15455,3374,15
18745,15455,3409,22
18746,15456,3409,74
18747,15457,3375,89
18748,15458,3375,54
18749,15459,3375,53
18750,15460,3375,59
18751,15461,3376,8
18752,15461,3411,43
18753,15462,3411,27
18754,15463,3411,37
18755,15464,3411,58
18756,15465,3377,58
18757,15466,3377,71
18758,15467,3377,63
18759,15468,3377,34
18760,15469,3343,61
18761,15470,3343,36
18762,15471,3343,44
18763,15471,3378,4
18764,15472,3378,67
18765,15473,3344,77
18766,15474,3344,107
18767,15475,3344,57
18768,15476,3344,60
18769,15477,3380,42
18770,15478,3380,51
18771,15479,3380,17
18772,15480,3380,57
18773,15481,3381,61
18774,15482,3381,1
18775,15482,3416,65
18776,15483,3416,83
18777,15484,3416,74
18778,15485,3452,50
18779,15486,3452,41
18780,15487,3452,46
18781,15488,3452,78
18782,15489,3383,74
18783,15490,3383,5
18784,15490,3418,27
18785,15491,3418,33
18786,15492,3418,122
18787,15493,3279,60
18788,15493,3314,15
18789,15494,3314,22
18790,15495,3314,27
18791,15496,3314,69
18792,15497,3385,101
18793,15498,3385,19
18794,15498,3420,14
18795,15499,3420,38
18796,15500,3420,23
18797,15501,3316,11
18798,15501,3351,27
18799,15502,3351,54
18800,15503,3351,37
18801,15504,3351,49
18802,15505,3317,49
18803,15506,3317,72
18804,15507,3317,37
18805,15508,3317,45
18806,15509,3388,78
18807,15510,3388,24
18808,15511,3388,21
18809,15512,3388,49
18810,15513,3424,59
18811,15513,3459,33
18812,15514,3459,22
18813,15515,3459,57
18814,15516,3459,81
18815,15517,3355,92
18816,15518,3355,71
18817,15519,3355,53
18818,15519,3390,16
18819,15520,3390,65
18820,15521,3461,83
18821,15522,3461,61
18822,15523,3461,32
18823,15523,3496,3
18824,15524,3496,53
18825,15525,3322,127
18826,15526,3322,43
18827,15527,3322,41
18828,15528,3322,59
18829,15529,3428,45
18830,15530,3428,61
18831,15531,3428,56
18832,15532,3428,7
18833,15532,3463,77
18834,15533,3219,100
18835,15534,3219,8
18836,15534,3254,37
18837,15535,3254,39
18838,15536,3254,67
18839,15537,3430,59
18840,15538,3430,2
18841,15538,3465,55
18842,15539,3465,33
18843,15540,3465,52
18844,15541,3326,38
18845,15542,3326,16
18846,15543,3326,5
18847,15544,3326,39
18848,15545,3327,16
18849,15546,3327,51
18850,15547,3327,20
18851,15547,3362,4
18852,15548,3362,41
18853,15549,3363,52
18854,15550,3363,24
18855,15551,3363,25
18856,15552,3363,6
18857,15553,3329,33
18858,15554,3329,29
18859,15555,3329,22
18860,15556,3329,28
18861,15557,3400,40
18862,15558,3400,27
18863,15559,3400,54
18864,15560,3400,30
18865,15561,3331,22
18866,15562,3331,12
18867,15563,3331,33
18868,15564,3331,23
18869,15565,3437,29
18870,15566,3437,49
18871,15567,3437,33
18872,15568,3437,22
18873,15569,3333,43
18874,15570,3333,17
18875,15571,3333,14
18876,15572,3333,22
18877,15573,3334,31
18878,15573,3369,20
18879,15574,3369,26
18880,15575,3369,19
18881,15576,3369,33
18882,15577,3335,42
18883,15578,3335,26
18884,15579,3335,19
18885,15580,3335,18
18886,15581,3406,31
18887,15582,3406,14
18888,15583,3406,17
18889,15584,3406,42
18890,15585,3407,62
18891,15586,3407,27
18892,15587,3407,25
18893,15588,3407,12
18894,15589,3443,25
18895,15590,3443,18
18896,15591,3443,11
18897,15592,3443,30
18898,15593,3409,54
18899,15594,3409,23
18900,15595,3409,29
18901,15596,3409,30
18902,15597,3375,30
18903,15598,3375,37
18904,15599,3375,22
18905,15600,3375,9
18906,15600,3410,28
18907,15601,3411,50
18908,15602,3411,41
18909,15603,3411,31
18910,15604,3411,18
18911,15605,3377,75
18912,15606,3377,32
18913,15607,3377,3
18914,15607,3412,14
18915,15608,3412,31
18916,15609,3378,34
18917,15610,3378,23
18918,15611,3378,25
18919,15612,3378,30
18920,15613,3344,11
18921,15613,3379,43
18922,15614,3379,29
18923,15615,3379,23
18924,15616,3379,46
18925,15617,3380,44
18926,15618,3380,29
18927,15619,3380,14
18928,15620,3380,19
18929,15621,3416,42
18930,15622,3416,23
18931,15623,3416,35
18932,15624,3416,22
18933,15625,3452,33
18934,15626,3452,16
18935,15626,3487,9
18936,15627,3487,19
18937,15628,3487,21
18938,15629,3418,47
18939,15630,3418,37
18940,15631,3418,8
18941,15632,3418,39
18942,15633,3314,39
18943,15634,3314,30
18944,15635,3314,37
18945,15636,3314,23
18946,15637,3420,76
18947,15638,3420,78
18948,15639,3420,32
18949,15640,3420,26
18950,15641,3351,23
18951,15642,3351,17
18952,15643,3351,29
18953,15644,3351,49
18954,15645,3317,50
18955,15646,3317,33
18956,15647,3317,24
18957,15648,3317,13
18958,15648,3352,22
18959,15649,3388,67
18960,15650,3388,16
18961,15651,3388,20
18962,15652,3388,18
18963,15653,3459,40
18964,15654,3459,24
18965,15655,3459,20
18966,15656,3459,29
18967,15657,3390,14
18968,15658,3390,35
18969,15659,3390,12
18970,15660,3390,36
18971,15661,3496,19
18972,15662,3496,29
18973,15663,3496,16
18974,15664,3496,40
18975,15665,3322,50
18976,15666,3322,23
18977,15667,3322,19
18978,15668,3322,39
18979,15669,3463,23
18980,15670,3463,29
18981,15671,3463,19
18982,15672,3463,15
18983,15673,3254,36
18984,15674,3254,21
18985,15675,3254,24
18986,15676,3254,31
18987,15677,3465,51
18988,15678,3465,25
18989,15679,3465,39
18990,15680,3465,22
18991,15681,3326,48
18992,15682,3326,26
18993,15683,3326,13
18994,15683,3361,15
18995,15684,3361,23
18996,15685,3362,27
18997,15686,3362,38
18998,15687,3362,16
18999,15688,3362,21
19000,15689,3363,39
19001,15690,3363,10
19002,15691,3363,32
19003,15692,3363,14
19004,15693,3329,32
19005,15694,3329,17
19006,15695,3329,14
19007,15696,3329,20
19008,15696,3364,17
19009,15697,3400,10
19010,15697,3435,12
19011,15698,3435,30
19012,15699,3435,19
19013,15700,3435,25
19014,15701,3331,48
19015,15702,3331,27
19016,15703,3331,49
19017,15704,3331,27
19018,15705,3437,7
19019,15705,3472,36
19020,15706,3472,32
19021,15707,3472,38
19022,15708,3472,24
19023,15709,3333,47
19024,15710,3333,28
19025,15711,3333,22
19026,15712,3333,17
19027,15713,3369,26
19028,15714,3369,21
19029,15715,3369,39
19030,15716,3369,45
19031,15717,3335,46
19032,15718,3335,9
19033,15718,3370,20
19034,15719,3370,12
19035,15720,3370,37
19036,15721,3406,33
19037,15722,3406,39
19038,15723,3406,14
19039,15724,3406,21
19040,15725,3407,37
19041,15726,3407,13
19042,15726,3442,19
19043,15727,3442,13
19044,15728,3442,28
19045,15729,3443,40
19046,15730,3443,35
19047,15731,3443,7
19048,15732,3443,36
19049,15733,3409,46
19050,15734,3409,37
19051,15735,3409,21
19052,15736,3409,25
19053,15736,3444,14
19054,15737,3410,57
19055,15738,3410,22
19056,15739,3410,44
19057,15740,3410,15
19058,15741,3411,27
19059,15742,3411,5
19060,15742,3446,25
19061,15743,3446,19
19062,15744,3446,18
19063,15745,3412,34
19064,15746,3412,36
19065,15747,3412,28
19066,15748,3412,24
19067,15749,3378,45
19068,15750,3378,18
19069,15751,3378,38
19070,15752,3378,17
19071,15753,3379,18
19072,15754,3379,30
19073,15755,3379,15
19074,15756,3379,44
19075,15757,3380,64
19076,15758,3380,16
19077,15759,3380,22
19078,15760,3380,1
19079,15760,3415,23
19080,15761,3416,46
19081,15762,3416,27
19082,15763,3416,28
19083,15764,3416,22
19084,15764,3451,11
19085,15765,3487,56
19086,15766,3487,25
19087,15767,3487,26
19088,15768,3487,15
19089,15769,3418,40
19090,15770,3418,32
19091,15771,3418,12
19092,15772,3418,29
19093,15773,3314,61
19094,15774,3314,26
19095,15775,3314,34
19096,15776,3314,5
19097,15776,3349,54
19098,15777,3420,30
19099,15778,3420,39
19100,15779,3420,18
19101,15780,3420,20
19102,15781,3351,46
19103,15782,3351,18
19104,15783,3351,14
19105,15784,3351,24
19106,15785,3352,60
19107,15786,3352,32
19108,15787,3352,23
19109,15788,3352,64
19110,15789,3388,29
19111,15790,3388,28
19112,15791,3388,14
19113,15792,3388,52
19114,15793,3459,55
19115,15794,3459,26
19116,15795,3459,18
19117,15796,3459,18
19118,15796,3494,9
19119,15797,3390,49
19120,15798,3390,21
19121,15799,3390,15
19122,15800,3390,35
19123,15801,3496,25
19124,15802,3496,31
19125,15803,3496,15
19126,15804,3496,25
19127,15805,3322,14
19128,15805,3357,8
19129,15806,3357,23
19130,15807,3357,13
19131,15808,3357,10
19132,15809,3463,29
19133,15810,3463,45
19134,15811,3463,23
19135,15812,3463,31
19136,15813,3254,23
19137,15814,3254,37
19138,15815,3254,16
19139,15816,3254,9
19140,15816,3289,12
19141,15817,3465,42
19142,15818,3465,20
19143,15819,3465,14
19144,15820,3465,20
19145,15821,3361,37
19146,15822,3361,51
19147,15823,3361,28
19148,15824,3361,38
19149,15825,3362,50
19150,15826,3362,23
19151,15827,3362,38
19152,15828,3362,18
19153,15829,3363,62
19154,15830,3363,43
19155,15830,3398,10
19156,15831,3398,23
19157,15832,3398,30
19158,15833,3364,59
19159,15834,3364,36
19160,15835,3364,20
19161,15836,3364,63
19162,15837,3435,43
19163,15838,3435,43
19164,15839,3435,26
19165,15840,3435,32
19166,15841,3331,34
19167,15842,3331,53
19168,15842,3366,11
19169,15843,3366,46
19170,15844,3366,29
19171,15845,3472,47
19172,15846,3472,20
19173,15847,3472,20
19174,15848,3472,21
19175,15849,3333,32
19176,15850,3333,32
19177,15851,3333,37
19178,15852,3333,41
19179,15853,3369,44
19180,15854,3369,25
19181,15855,3369,44
19182,15856,3369,42
19183,15857,3370,31
19184,15858,3370,34
19185,15859,3370,24
19186,15860,3370,48
19187,15861,3406,33
19188,15862,3406,29
19189,15863,3406,31
19190,15863,3441,12
19191,15864,3441,27
19192,15865,3442,66
19193,15866,3442,27
19194,15867,3442,28
19195,15868,3442,44
19196,15869,3443,75
19197,15870,3443,47
19198,15871,3443,35
19199,15872,3443,30
19200,15873,3444,40
19201,15874,3444,27
19202,15875,3444,41
19203,15876,3444,60
19204,15877,3410,46
19205,15878,3410,35
19206,15879,3410,32
19207,15880,3410,56
19208,15881,3446,57
19209,15882,3446,26
19210,15883,3446,41
19211,15884,3446,45
19212,15885,3412,42
19213,15886,3412,33
19214,15887,3412,30
19215,15888,3412,41
19216,15889,3378,57
19217,15890,3378,42
19218,15891,3378,49
19219,15892,3378,8
19220,15893,3379,48
19221,15894,3379,25
19222,15895,3379,17
19223,15896,3379,43
19224,15897,3415,50
19225,15898,3415,26
19226,15899,3415,35
19227,15900,3415,25
19228,15901,3451,33
19229,15902,3451,28
19230,15903,3451,14
19231,15904,3451,43
19232,15905,3487,74
19233,15906,3487,44
19234,15907,3487,11
19235,15908,3487,43
19236,15908,3522,4
19237,15909,3418,39
19238,15910,3418,31
19239,15911,3418,36
19240,15911,3453,13
19241,15912,3453,44
19242,15913,3349,46
19243,15914,3349,20
19244,15915,3349,20
19245,15916,3349,24
19246,15917,3420,57
19247,15917,3455,4
19248,15918,3455,31
19249,15919,3455,30
19250,15920,3455,61
19251,15921,3351,33
19252,15922,3351,37
19253,15923,3351,14
19254,15924,3351,25
19255,15925,3352,68
19256,15926,3352,36
19257,15927,3352,28
19258,15928,3352,41
19259,15929,3388,46
19260,15930,3388,9
19261,15930,3423,20
19262,15931,3423,31
19263,15932,3423,33
19264,15933,3494,53
19265,15934,3494,34
19266,15935,3494,21
19267,15936,3494,20
19268,15937,3390,19
19269,15938,3390,29
19270,15939,3390,27
19271,15940,3390,64
19272,15940,3425,10
19273,15941,3496,71
19274,15942,3496,31
19275,15943,3496,29
19276,15944,3496,19
19277,15945,3357,43
19278,15946,3357,22
19279,15947,3357,11
19280,15948,3357,16
19281,15949,3463,48
19282,15950,3463,29
19283,15951,3463,46
19284,15952,3463,33
19285,15953,3289,13
19286,15954,3289,25
19287,15955,3289,43
19288,15956,3289,82
19289,15957,3465,45
19290,15958,3500,22
19291,15959,3500,30
19292,15960,3500,57
19293,15961,3361,5
19294,15962,3361,81
19295,15963,3361,59
19296,15964,3361,26
19297,15965,3362,35
19298,15966,3362,35
19299,15967,3362,13
19300,15968,3362,46
19301,15969,3398,63
19302,15970,3398,32
19303,15971,3398,18
19304,15972,3398,26
19305,15973,3364,58
19306,15974,3364,50
19307,15975,3364,47
19308,15976,3364,4
19309,15976,3399,38
19310,15977,3435,28
19311,15978,3435,27
19312,15979,3435,46
19313,15980,3435,28
19314,15980,3470,27
19315,15981,3366,52
19316,15982,3366,40
19317,15983,3366,31
19318,15983,3401,40
19319,15984,3401,37
19320,15985,3472,41
19321,15986,3472,45
19322,15987,3472,15
19323,15988,3472,37
19324,15989,3333,29
19325,15990,3333,38
19326,15991,3333,1
19327,15991,3368,18
19328,15992,3368,29
19329,15993,3369,56
19330,15994,3369,33
19331,15995,3369,23
19332,15995,3404,3
19333,15996,3404,79
19334,15997,3370,48
19335,15998,3370,57
19336,15999,3370,30
19337,16000,3370,16
19338,16001,3441,33
19339,16002,3441,47
19340,16003,3441,33
19341,16004,3441,30
19342,16005,3442,46
19343,16006,3442,29
19344,16007,3442,52
19345,16008,3442,30
19346,16008,3477,35
19347,16009,3443,61
19348,16009,3478,15
19349,16010,3478,30
19350,16011,3478,25
19351,16012,3478,39
19352,16013,3444,62
19353,16014,3444,46
19354,16015,3444,9
19355,16016,3444,46
19356,16017,3410,58
19357,16018,3410,31
19358,16019,3410,31
19359,16020,3410,24
19360,16020,3445,17
19361,16021,3446,54
19362,16022,3446,23
19363,16023,3446,41
19364,16024,3446,32
19365,16025,3412,34
19366,16026,3412,32
19367,16027,3412,34
19368,16028,3412,18
19369,16029,3378,53
19370,16030,3378,39
19371,16030,3413,16
19372,16031,3413,37
19373,16032,3413,31
19374,16033,3379,59
19375,16034,3379,53
19376,16034,3414,11
19377,16035,3414,43
19378,16036,3414,32
19379,16037,3415,78
19380,16038,3415,23
19381,16039,3415,41
19382,16040,3415,33
19383,16041,3451,77
19384,16042,3451,23
19385,16043,3451,20
19386,16044,3451,27
19387,16045,3522,66
19388,16046,3522,13
19389,16047,3522,51
19390,16048,3522,91
19391,16049,3453,13
19392,16050,3453,40
19393,16051,3453,37
19394,16052,3453,75
19395,16053,3349,53
19396,16054,3349,42
19397,16055,3349,27
19398,16056,3349,31
19399,16057,3455,56
19400,16058,3455,38
19401,16059,3455,44
19402,16060,3455,32
19403,16061,3351,62
19404,16061,3386,18
19405,16062,3386,35
19406,16063,3386,19
19407,16064,3386,68
19408,16065,3352,33
19409,16066,3352,18
19410,16067,3352,2
19411,16067,3387,17
19412,16068,3387,35
19413,16069,3423,53
19414,16070,3423,21
19415,16071,3423,33
19416,16072,3423,65
19417,16073,3494,55
19418,16074,3494,22
19419,16075,3494,31
19420,16076,3494,75
19421,16077,3425,35
19422,16078,3425,2
19423,16079,3425,22
19424,16080,3425,47
19425,16081,3496,40
19426,16082,3496,48
19427,16083,3496,19
19428,16084,3496,31
19429,16084,3531,11
19430,16085,3357,59
19431,16086,3357,40
19432,16087,3357,13
19433,16088,3357,66
19434,16089,3463,47
19435,16090,3463,41
19436,16091,3463,8
19437,16092,3463,28
19438,16093,3289,43
19439,16094,3289,38
19440,16095,3289,55
19441,16096,3289,35
19442,16097,3500,35
19443,16098,3500,36
19444,16099,3500,30
19445,16100,3500,39
19446,16101,3361,69
19447,16102,3361,32
19448,16103,3361,65
19449,16104,3361,49
19450,16104,3396,54
19451,16105,3362,24
19452,16106,3362,40
19453,16106,3397,36
19454,16107,3397,49
19455,16108,3397,42
19456,16109,3398,85
19457,16110,3398,57
19458,16111,3398,30
19459,16112,3398,52
19460,16113,3399,65
19461,16114,3399,16
19462,16115,3399,21
19463,16116,3399,52
19464,16117,3470,114
19465,16118,3470,78
19466,16119,3470,22
19467,16120,3470,46
19468,16121,3401,53
19469,16122,3401,48
19470,16123,3401,50
19471,16124,3401,23
19472,16125,3472,55
19473,16125,3507,28
19474,16126,3507,62
19475,16127,3507,46
19476,16128,3507,69
19477,16129,3368,70
19478,16130,3368,23
19479,16131,3368,60
19480,16132,3368,48
19481,16133,3404,42
19482,16134,3404,39
19483,16135,3404,23
19484,16136,3404,45
19485,16137,3370,57
19486,16138,3370,49
19487,16139,3370,30
19488,16140,3370,69
19489,16140,3405,7
19490,16141,3441,83
19491,16142,3441,68
19492,16143,3441,24
19493,16144,3441,78
19494,16145,3477,72
19495,16146,3477,55
19496,16147,3477,48
19497,16148,3477,34
19498,16149,3478,86
19499,16150,3478,75
19500,16151,3478,46
19501,16152,3478,53
19502,16153,3444,78
19503,16154,3444,11
19504,16155,3444,51
19505,16156,3444,49
19506,16157,3445,68
19507,16158,3445,70
19508,16159,3445,39
19509,16160,3445,53
19510,16161,3446,59
19511,16162,3446,64
19512,16162,3481,8
19513,16163,3481,52
19514,16164,3481,90
19515,16165,3412,39
19516,16166,3412,36
19517,16167,3412,21
19518,16167,3447,25
19519,16168,3447,58
19520,16169,3413,72
19521,16170,3413,52
19522,16171,3413,5
19523,16172,3413,65
19524,16173,3414,58
19525,16174,3414,52
19526,16175,3414,38
19527,16176,3414,37
19528,16177,3415,94
19529,16178,3415,66
19530,16179,3415,3
19531,16179,3450,20
19532,16180,3450,41
19533,16181,3451,50
19534,16182,3451,47
19535,16183,3451,23
19536,16184,3451,43
19537,16184,3486,19
19538,16185,3522,48
19539,16185,3557,52
19540,16186,3557,45
19541,16187,3557,57
19542,16188,3557,76
19543,16189,3453,26
19544,16190,3453,77
19545,16191,3453,26
19546,16192,3453,49
19547,16193,3349,49
19548,16194,3349,42
19549,16195,3349,9
19550,16195,3384,27
19551,16196,3384,17
19552,16197,3455,56
19553,16198,3455,59
19554,16199,3455,46
19555,16200,3455,40
19556,16200,3490,42
19557,16201,3386,30
19558,16202,3386,46
19559,16203,3386,9
19560,16203,3421,31
19561,16204,3421,30
19562,16205,3387,36
19563,16206,3387,37
19564,16207,3387,23
19565,16208,3387,51
19566,16209,3423,40
19567,16209,3458,10
19568,16210,3458,43
19569,16211,3458,39
19570,16212,3458,28
19571,16213,3494,33
19572,16214,3494,47
19573,16215,3494,36
19574,16216,3494,2
19575,16216,3529,38
19576,16217,3425,48
19577,16218,3425,55
19578,16219,3425,46
19579,16220,3425,32
19580,16221,3531,83
19581,16222,3531,31
19582,16223,3531,22
19583,16224,3531,46
19584,16224,3566,19
19585,16225,3357,25
19586,16225,3392,39
19587,16226,3392,64
19588,16227,3392,55
19589,16228,3392,94
19590,16229,3463,81
19591,16230,3498,54
19592,16231,3498,18
19593,16232,3498,65
19594,16233,3289,81
19595,16234,3289,43
19596,16235,3289,25
19597,16236,3289,31
19598,16237,3500,36
19599,16238,3500,46
19600,16239,3500,10
19601,16239,3535,27
19602,16240,3535,21
19603,16241,3396,86
19604,16242,3396,61
19605,16243,3396,44
19606,16244,3396,152
19607,16245,3397,88
19608,16246,3397,67
19609,16247,3397,86
19610,16248,3397,88
19611,16249,3398,1
19612,16249,3433,143
19613,16250,3433,119
19614,16251,3433,35
19615,16252,3433,33
19616,16252,3468,78
19617,16253,3399,101
19618,16254,3399,58
19619,16255,3399,55
19620,16255,3434,24
19621,16256,3434,71
19622,16257,3470,55
19623,16258,3470,7
19624,16258,3505,52
19625,16259,3505,56
19626,16260,3505,60
19627,16260,3540,24
19628,16261,3401,150
19629,16262,3401,30
19630,16263,3401,26
19631,16264,3401,7
19632,16264,3436,98
19633,16265,3507,7
19634,16265,3542,117
19635,16266,3542,29
19636,16267,3542,31
19637,16267,3577,18
19638,16268,3577,59
19639,16269,3368,67
19640,16270,3368,66
19641,16271,3368,51
19642,16271,3403,34
19643,16272,3403,74
19644,16273,3404,112
19645,16274,3404,55
19646,16275,3404,52
19647,16276,3404,43
19648,16277,3405,81
19649,16278,3405,41
19650,16279,3405,35
19651,16280,3405,31
19652,16281,3441,16
19653,16281,3476,79
19654,16282,3476,56
19655,16283,3476,43
19656,16284,3476,39
19657,16285,3477,114
19658,16286,3477,55
19659,16287,3477,38
19660,16288,3477,55
19661,16289,3478,14
19662,16289,3513,64
19663,16290,3513,91
19664,16291,3513,46
19665,16292,3513,61
19666,16293,3444,42
19667,16293,3479,24
19668,16294,3479,52
19669,16295,3479,13
19670,16296,3479,78
19671,16297,3445,57
19672,16298,3445,68
19673,16298,3480,29
19674,16299,3480,64
19675,16300,3480,126
19676,16301,3481,72
19677,16302,3481,93
19678,16303,3481,46
19679,16303,3516,26
19680,16304,3516,127
19681,16305,3447,91
19682,16306,3447,62
19683,16307,3447,61
19684,16308,3447,56
19685,16308,3482,4
19686,16309,3413,84
19687,16310,3413,16
19688,16310,3448,28
19689,16311,3448,61
19690,16312,3448,78
19691,16313,3414,55
19692,16314,3414,21
19693,16314,3449,32
19694,16315,3449,35
19695,16316,3449,77
19696,16317,3450,47
19697,16318,3450,36
19698,16319,3450,35
19699,16320,3450,73
19700,16321,3486,51
19701,16322,3486,55
19702,16323,3486,37
19703,16324,3486,67
19704,16325,3557,48
19705,16326,3557,2
19706,16326,3592,98
19707,16327,3592,83
19708,16327,3627,12
19709,16328,3627,89
19710,16329,3453,50
19711,16329,3488,61
19712,16330,3488,54
19713,16331,3488,19
19714,16332,3488,64
19715,16333,3384,142
19716,16334,3384,97
19717,16335,3384,65
19718,16336,3384,72
19719,16337,3490,54
19720,16338,3490,47
19721,16339,3490,47
19722,16340,3490,59
19723,16341,3421,88
19724,16342,3421,52
19725,16343,3421,45
19726,16344,3421,82
19727,16345,3387,54
19728,16346,3387,83
19729,16347,3387,38
19730,16348,3387,82
19731,16348,3422,6
19732,16349,3458,60
19733,16350,3458,58
19734,16351,3458,24
19735,16352,3458,153
19736,16353,3529,69
19737,16354,3529,76
19738,16355,3529,41
19739,16356,3529,52
19740,16356,3564,44
19741,16357,3425,49
19742,16358,3425,31
19743,16359,3425,58
19744,16360,3425,3
19745,16360,3460,65
19746,16361,3566,62
19747,16362,3566,34
19748,16363,3566,43
19749,16364,3566,68
19750,16365,3392,46
19751,16366,3392,55
19752,16367,3392,68
19753,16368,3392,70
19754,16369,3498,61
19755,16370,3498,84
19756,16371,3498,38
19757,16372,3498,53
19758,16373,3289,31
19759,16373,3324,48
19760,16374,3324,52
19761,16375,3324,23
19762,16376,3324,43
19763,16377,3535,135
19764,16377,3570,2
19765,16378,3570,61
19766,16379,3570,43
19767,16380,3570,71
19768,16381,3396,143
19769,16382,3396,44
19770,16383,3396,25
19771,16383,3431,6
19772,16384,3431,34
19773,16385,3397,85
19774,16386,3397,46
19775,16386,3432,16
19776,16387,3432,34
19777,16388,3432,96
19778,16389,3468,94
19779,16390,3468,69
19780,16391,3468,59
19781,16392,3468,50
19782,16393,3434,58
19783,16394,3434,77
19784,16395,3434,22
19785,16396,3434,68
19786,16397,3540,60
19787,16398,3540,36
19788,16399,3540,39
19789,16400,3540,39
19790,16401,3436,85
19791,16402,3436,63
19792,16403,3436,49
19793,16404,3436,64
19794,16404,3471,79
19795,16405,3577,83
19796,16406,3577,51
19797,16407,3577,44
19798,16408,3577,19
19799,16408,3612,36
19800,16409,3403,90
19801,16410,3403,35
19802,16411,3403,29
19803,16412,3403,111
19804,16413,3404,35
19805,16413,3439,56
19806,16414,3439,33
19807,16415,3439,80
19808,16416,3439,50
19809,16417,3405,99
19810,16418,3405,66
19811,16419,3405,48
19812,16419,3440,15
19813,16420,3440,61
19814,16421,3476,70
19815,16422,3476,81
19816,16423,3476,44
19817,16424,3476,19
19818,16425,3477,56
19819,16425,3512,4
19820,16426,3512,61
19821,16427,3512,27
19822,16428,3512,61
19823,16429,3513,7
19824,16429,3548,45
19825,16430,3548,40
19826,16431,3548,35
19827,16432,3548,114
19828,16432,3583,3
19829,16433,3479,82
19830,16434,3479,85
19831,16435,3479,35
19832,16436,3479,39
19833,16437,3480,52
19834,16438,3480,31
19835,16439,3480,45
19836,16440,3480,44
19837,16440,3515,9
19838,16441,3516,74
19839,16442,3516,40
19840,16443,3516,38
19841,16443,3551,16
19842,16444,3551,86
19843,16445,3482,24
19844,16446,3482,42
19845,16447,3482,49
19846,16448,3482,73
19847,16449,3448,66
19848,16450,3448,70
19849,16451,3448,32
19850,16452,3448,54
19851,16453,3449,107
19852,16454,3449,67
19853,16455,3449,35
19854,16456,3449,36
19855,16457,3450,46
19856,16458,3450,37
19857,16459,3450,22
19858,16460,3450,125
19859,16461,3486,76
19860,16462,3486,84
19861,16463,3486,28
19862,16464,3486,85
19863,16465,3627,47
19864,16466,3627,53
19865,16467,3627,33
19866,16468,3627,2
19867,16468,3662,66
19868,16469,3488,36
19869,16470,3488,28
19870,16471,3488,30
19871,16471,3523,47
19872,16472,3523,62
19873,16473,3384,89
19874,16473,3419,17
19875,16474,3419,50
19876,16475,3419,42
19877,16476,3419,73
19878,16477,3490,88
19879,16478,3490,45
19880,16479,3490,4
19881,16479,3525,27
19882,16480,3525,82
19883,16481,3421,101
19884,16482,3421,43
19885,16483,3421,7
19886,16483,3456,13
19887,16484,3456,103
19888,16485,3422,53
19889,16486,3422,19
19890,16487,3422,23
19891,16488,3422,19
19892,16489,3458,75
19893,16489,3493,39
19894,16490,3493,29
19895,16491,3493,64
19896,16492,3493,65
19897,16493,3564,78
19898,16494,3564,52
19899,16495,3564,25
19900,16495,3599,9
19901,16496,3599,78
19902,16497,3460,65
19903,16498,3460,35
19904,16499,3460,54
19905,16500,3460,41
19906,16501,3566,1
19907,16501,3601,46
19908,16502,3601,39
19909,16503,3601,56
19910,16504,3601,118
19911,16505,3392,7
19912,16505,3427,85
19913,16506,3427,72
19914,16507,3427,28
19915,16508,3427,86
19916,16509,3498,122
19917,16510,3498,31
19918,16511,3498,30
19919,16512,3498,40
19920,16513,3324,66
19921,16514,3324,50
19922,16515,3324,33
19923,16516,3324,61
19924,16517,3570,71
19925,16518,3570,44
19926,16518,3605,1
19927,16519,3605,56
19928,16520,3605,76
19929,16521,3431,40
19930,16522,3431,16
19931,16523,3431,38
19932,16524,3431,28
19933,16525,3432,30
19934,16526,3432,18
19935,16527,3432,21
19936,16528,3432,24
19937,16529,3468,79
19938,16530,3468,14
19939,16531,3468,3
19940,16531,3503,17
19941,16532,3503,42
19942,16533,3434,41
19943,16534,3434,23
19944,16535,3434,34
19945,16536,3434,40
19946,16537,3540,61
19947,16538,3540,21
19948,16539,3540,6
19949,16539,3575,26
19950,16540,3575,64
19951,16541,3471,46
19952,16542,3471,24
19953,16543,3471,16
19954,16544,3471,40
19955,16545,3612,19
19956,16546,3612,27
19957,16547,3612,17
19958,16548,3612,53
19959,16549,3403,42
19960,16550,3403,19
19961,16551,3403,42
19962,16552,3403,32
19963,16553,3439,49
19964,16554,3439,16
19965,16555,3439,17
19966,16556,3439,35
19967,16557,3440,28
19968,16558,3440,52
19969,16559,3440,8
19970,16560,3440,50
19971,16561,3476,38
19972,16562,3476,14
19973,16563,3476,27
19974,16564,3476,53
19975,16565,3512,1
19976,16565,3547,45
19977,16566,3547,70
19978,16567,3547,23
19979,16568,3547,17
19980,16569,3583,46
19981,16570,3583,20
19982,16571,3583,44
19983,16572,3583,47
19984,16573,3479,38
19985,16574,3479,29
19986,16575,3479,28
19987,16576,3479,21
19988,16577,3515,52
19989,16578,3515,25
19990,16579,3515,39
19991,16580,3515,28
19992,16581,3551,40
19993,16582,3551,36
19994,16583,3551,19
19995,16584,3551,46
19996,16585,3482,30
19997,16586,3482,39
19998,16587,3482,25
19999,16588,3482,25
20000,16589,3448,36
20001,16590,3448,20
20002,16591,3448,16
20003,16592,3448,15
20004,16593,3449,36
20005,16594,3449,19
20006,16595,3449,37
20007,16596,3449,5
20008,16596,3484,25
20009,16597,3450,28
20010,16597,3485,2
20011,16598,3485,40
20012,16599,3485,21
20013,16600,3485,46
20014,16601,3486,21
20015,16601,3521,2
20016,16602,3521,23
20017,16603,3521,26
20018,16604,3521,20
20019,16605,3662,43
20020,16606,3662,43
20021,16607,3662,26
20022,16608,3662,28
20023,16609,3523,47
20024,16610,3523,9
20025,16610,3558,20
20026,16611,3558,26
20027,16612,3558,20
20028,16613,3419,24
20029,16614,3419,26
20030,16615,3419,23
20031,16616,3419,32
20032,16617,3525,52
20033,16618,3525,43
20034,16619,3525,26
20035,16620,3525,11
20036,16620,3560,8
20037,16621,3456,42
20038,16622,3456,54
20039,16623,3456,33
20040,16624,3456,25
20041,16625,3422,65
20042,16626,3422,28
20043,16627,3422,19
20044,16628,3422,37
20045,16629,3493,46
20046,16630,3493,22
20047,16631,3493,19
20048,16632,3493,44
20049,16633,3599,32
20050,16634,3599,12
20051,16635,3599,44
20052,16636,3599,25
20053,16637,3460,71
20054,16637,3495,16
20055,16638,3495,20
20056,16639,3495,40
20057,16640,3495,62
20058,16641,3601,6
20059,16641,3636,20
20060,16642,3636,24
20061,16643,3636,22
20062,16644,3636,29
20063,16645,3427,60
20064,16646,3427,14
20065,16647,3427,23
20066,16648,3427,36
20067,16649,3498,28
20068,16650,3498,18
20069,16651,3498,23
20070,16652,3498,15
20071,16652,3533,26
20072,16653,3324,39
20073,16654,3324,28
20074,16654,3359,5
20075,16655,3359,42
20076,16656,3359,26
20077,16657,3605,52
20078,16658,3605,23
20079,16659,3605,18
20080,16660,3605,30
20081,16661,3431,45
20082,16662,3431,16
20083,16663,3431,37
20084,16664,3431,34
20085,16665,3432,44
20086,16666,3432,21
20087,16667,3432,32
20088,16668,3432,21
20089,16669,3503,35
20090,16670,3503,51
20091,16671,3503,30
20092,16672,3503,65
20093,16673,3434,40
20094,16674,3434,54
20095,16675,3434,1
20096,16675,3469,30
20097,16676,3469,20
20098,16677,3575,49
20099,16678,3575,15
20100,16679,3575,27
20101,16680,3575,45
20102,16681,3471,26
20103,16682,3471,28
20104,16683,3471,26
20105,16684,3471,38
20106,16685,3612,45
20107,16686,3612,28
20108,16687,3612,1
20109,16687,3647,34
20110,16688,3647,29
20111,16689,3403,50
20112,16690,3403,32
20113,16691,3403,23
20114,16692,3403,25
20115,16693,3439,28
20116,16694,3439,41
20117,16694,3474,10
20118,16695,3474,18
20119,16696,3474,30
20120,16697,3440,49
20121,16698,3440,57
20122,16699,3440,12
20123,16700,3440,32
20124,16701,3476,39
20125,16701,3511,48
20126,16702,3511,21
20127,16703,3511,17
20128,16704,3511,43
20129,16705,3547,55
20130,16705,3582,19
20131,16706,3582,29
20132,16707,3582,22
20133,16708,3582,64
20134,16709,3583,45
20135,16709,3618,7
20136,16710,3618,31
20137,16711,3618,18
20138,16712,3618,34
20139,16713,3479,10
20140,16713,3514,7
20141,16714,3514,25
20142,16715,3514,20
20143,16716,3514,30
20144,16717,3515,34
20145,16718,3515,19
20146,16718,3550,7
20147,16719,3550,13
20148,16720,3550,30
20149,16721,3551,15
20150,16721,3586,21
20151,16722,3586,17
20152,16723,3586,24
20153,16724,3586,43
20154,16725,3482,36
20155,16726,3482,52
20156,16727,3482,26
20157,16728,3482,25
20158,16729,3448,48
20159,16730,3448,24
20160,16731,3448,30
20161,16732,3448,16
20162,16733,3484,27
20163,16734,3484,17
20164,16735,3484,20
20165,16736,3484,37
20166,16737,3485,56
20167,16738,3485,33
20168,16739,3485,16
20169,16740,3485,26
20170,16741,3521,41
20171,16742,3521,42
20172,16743,3521,8
20173,16744,3521,58
20174,16745,3662,22
20175,16745,3697,10
20176,16746,3697,18
20177,16747,3697,18
20178,16748,3697,30
20179,16749,3558,36
20180,16750,3558,40
20181,16751,3558,34
20182,16752,3558,30
20183,16753,3419,46
20184,16754,3419,6
20185,16754,3454,15
20186,16755,3454,23
20187,16756,3454,29
20188,16757,3560,42
20189,16758,3560,29
20190,16759,3560,19
20191,16760,3560,36
20192,16761,3456,35
20193,16762,3456,21
20194,16763,3456,15
20195,16764,3456,12
20196,16764,3491,42
20197,16765,3422,61
20198,16766,3422,22
20199,16767,3422,27
20200,16768,3422,47
20201,16769,3493,56
20202,16770,3493,21
20203,16771,3493,21
20204,16772,3493,25
20205,16773,3599,42
20206,16774,3599,29
20207,16775,3599,9
20208,16775,3634,16
20209,16776,3634,16
20210,16777,3495,41
20211,16778,3495,24
20212,16779,3495,11
20213,16780,3495,40
20214,16781,3636,19
20215,16782,3636,23
20216,16783,3636,17
20217,16784,3636,30
20218,16785,3427,7
20219,16785,3462,59
20220,16786,3462,41
20221,16787,3462,40
20222,16788,3462,39
20223,16789,3533,51
20224,16790,3533,34
20225,16791,3533,15
20226,16792,3533,34
20227,16793,3359,43
20228,16794,3359,14
20229,16795,3359,31
20230,16796,3359,21
20231,16797,3605,37
20232,16797,3640,2
20233,16798,3640,39
20234,16799,3640,14
20235,16800,3640,36
20236,16801,3431,67
20237,16802,3431,15
20238,16803,3431,16
20239,16804,3431,27
20240,16805,3432,90
20241,16805,3467,4
20242,16806,3467,23
20243,16807,3467,38
20244,16808,3467,38
20245,16809,3503,33
20246,16809,3538,9
20247,16810,3538,59
20248,16811,3538,30
20249,16812,3538,51
20250,16813,3469,63
20251,16814,3469,54
20252,16815,3469,37
20253,16816,3469,39
20254,16817,3575,33
20255,16818,3575,19
20256,16818,3610,11
20257,16819,3610,33
20258,16820,3610,25
20259,16821,3471,35
20260,16822,3471,19
20261,16823,3471,41
20262,16824,3471,35
20263,16825,3647,49
20264,16826,3647,42
20265,16827,3647,29
20266,16828,3647,45
20267,16829,3403,12
20268,16829,3438,26
20269,16830,3438,29
20270,16831,3438,37
20271,16832,3438,49
20272,16833,3474,36
20273,16834,3474,36
20274,16835,3474,42
20275,16836,3474,32
20276,16837,3440,73
20277,16838,3440,8
20278,16838,3475,16
20279,16839,3475,18
20280,16840,3475,38
20281,16841,3511,42
20282,16841,3546,10
20283,16842,3546,27
20284,16843,3546,33
20285,16844,3546,31
20286,16845,3582,17
20287,16846,3582,28
20288,16847,3582,14
20289,16848,3582,25
20290,16848,3617,24
20291,16849,3618,48
20292,16850,3618,51
20293,16851,3618,11
20294,16852,3618,47
20295,16853,3514,35
20296,16854,3514,25
20297,16855,3514,30
20298,16856,3514,38
20299,16857,3550,38
20300,16858,3550,53
20301,16859,3550,29
20302,16860,3550,24
20303,16861,3586,46
20304,16862,3586,39
20305,16863,3586,32
20306,16864,3586,32
20307,16864,3621,3
20308,16865,3482,37
20309,16866,3482,43
20310,16866,3517,14
20311,16867,3517,23
20312,16868,3517,37
20313,16869,3448,11
20314,16869,3483,23
20315,16870,3483,31
20316,16871,3483,18
20317,16872,3483,29
20318,16873,3484,50
20319,16874,3484,32
20320,16875,3484,47
20321,16876,3484,35
20322,16877,3485,49
20323,16878,3485,31
20324,16879,3485,27
20325,16880,3485,17
20326,16880,3520,18
20327,16881,3521,32
20328,16881,3556,14
20329,16882,3556,25
20330,16883,3556,14
20331,16884,3556,40
20332,16885,3697,60
20333,16886,3697,29
20334,16887,3697,50
20335,16888,3697,9
20336,16888,3732,47
20337,16889,3558,9
20338,16889,3593,16
20339,16890,3593,45
20340,16891,3593,19
20341,16892,3593,28
20342,16893,3454,47
20343,16894,3454,28
20344,16895,3454,52
20345,16896,3454,50
20346,16897,3560,48
20347,16898,3560,33
20348,16899,3560,20
20349,16900,3560,39
20350,16901,3491,20
20351,16902,3491,36
20352,16903,3491,24
20353,16904,3491,32
20354,16905,3422,49
20355,16906,3422,30
20356,16907,3422,49
20357,16908,3422,35
20358,16908,3457,3
20359,16909,3493,51
20360,16910,3493,12
20361,16910,3528,16
20362,16911,3528,40
20363,16912,3528,22
20364,16913,3634,46
20365,16914,3634,51
20366,16915,3634,12
20367,16916,3634,59
20368,16917,3495,59
20369,16918,3495,28
20370,16919,3495,29
20371,16920,3495,27
20372,16920,3530,17
20373,16921,3636,35
20374,16922,3636,25
20375,16923,3636,51
20376,16924,3636,19
20377,16924,3671,34
20378,16925,3462,19
20379,16926,3462,71
20380,16927,3462,48
20381,16928,3462,16
20382,16929,3533,56
20383,16930,3533,33
20384,16930,3568,7
20385,16931,3568,33
20386,16932,3568,29
20387,16933,3359,80
20388,16934,3359,34
20389,16935,3359,36
20390,16936,3359,15
20391,16937,3640,44
20392,16938,3640,36
20393,16939,3640,27
20394,16940,3640,48
20395,16940,3675,11
20396,16941,3431,43
20397,16942,3431,6
20398,16942,3466,13
20399,16943,3466,12
20400,16944,3466,31
20401,16945,3467,49
20402,16946,3467,56
20403,16947,3467,33
20404,16948,3467,38
20405,16949,3538,66
20406,16950,3538,48
20407,16951,3538,14
20408,16951,3573,7
20409,16952,3573,74
20410,16953,3469,25
20411,16954,3469,32
20412,16955,3469,43
20413,16956,3469,62
20414,16957,3610,56
20415,16958,3610,31
20416,16959,3610,12
20417,16960,3610,26
20418,16961,3471,59
20419,16962,3471,46
20420,16963,3471,8
20421,16963,3506,15
20422,16964,3506,32
20423,16965,3647,3
20424,16965,3682,31
20425,16966,3682,35
20426,16967,3682,28
20427,16968,3682,29
20428,16969,3438,27
20429,16970,3438,48
20430,16971,3438,41
20431,16972,3438,49
20432,16973,3474,67
20433,16974,3474,35
20434,16975,3474,19
20435,16975,3509,30
20436,16976,3509,66
20437,16977,3475,31
20438,16978,3475,13
20439,16979,3475,25
20440,16980,3475,38
20441,16981,3546,37
20442,16982,3546,48
20443,16983,3546,29
20444,16984,3546,19
20445,16985,3617,51
20446,16986,3617,49
20447,16987,3617,50
20448,16988,3617,58
20449,16989,3618,25
20450,16989,3653,15
20451,16990,3653,63
20452,16991,3653,16
20453,16992,3653,27
20454,16993,3514,44
20455,16994,3514,3
20456,16994,3549,20
20457,16995,3549,16
20458,16996,3549,52
20459,16997,3550,28
20460,16997,3585,39
20461,16998,3585,51
20462,16999,3585,31
20463,17000,3585,26
20464,17001,3621,39
20465,17002,3621,40
20466,17003,3621,42
20467,17004,3621,34
20468,17005,3517,43
20469,17006,3517,32
20470,17007,3517,51
20471,17008,3517,24
20472,17009,3483,68
20473,17010,3483,25
20474,17011,3483,27
20475,17012,3483,28
20476,17013,3484,34
20477,17014,3484,44
20478,17015,3484,9
20479,17015,3519,16
20480,17016,3519,50
20481,17017,3520,54
20482,17018,3520,30
20483,17019,3520,47
20484,17020,3520,34
20485,17021,3556,50
20486,17022,3556,40
20487,17023,3556,16
20488,17024,3556,30
20489,17025,3732,54
20490,17026,3732,50
20491,17027,3732,50
20492,17028,3732,9
20493,17028,3767,10
20494,17029,3593,65
20495,17030,3593,25
20496,17031,3593,22
20497,17032,3593,36
20498,17032,3628,2
20499,17033,3454,30
20500,17034,3454,67
20501,17035,3454,26
20502,17036,3454,50
20503,17037,3560,41
20504,17037,3595,40
20505,17038,3595,34
20506,17039,3595,20
20507,17040,3595,23
20508,17041,3491,63
20509,17042,3491,53
20510,17043,3491,52
20511,17044,3491,41
20512,17045,3457,62
20513,17046,3457,42
20514,17047,3457,32
20515,17048,3457,34
20516,17049,3528,66
20517,17050,3528,71
20518,17051,3528,2
20519,17051,3563,43
20520,17052,3563,19
20521,17053,3634,28
20522,17054,3634,5
20523,17054,3669,31
20524,17055,3669,41
20525,17056,3669,29
20526,17057,3530,43
20527,17058,3530,35
20528,17059,3530,22
20529,17060,3530,30
20530,17061,3671,71
20531,17062,3671,22
20532,17063,3671,32
20533,17064,3671,29
20534,17064,3706,5
20535,17065,3462,62
20536,17066,3462,16
20537,17066,3497,25
20538,17067,3497,24
20539,17068,3497,35
20540,17069,3568,94
20541,17070,3568,57
20542,17071,3568,27
20543,17072,3568,24
20544,17073,3359,55
20545,17074,3359,48
20546,17075,3359,35
20547,17076,3359,30
20548,17076,3394,7
20549,17077,3675,61
20550,17078,3675,19
20551,17079,3675,29
20552,17080,3675,54
20553,17081,3466,89
20554,17082,3466,30
20555,17083,3466,38
20556,17084,3466,37
20557,17085,3467,55
20558,17086,3467,54
20559,17087,3467,32
20560,17088,3467,40
20561,17089,3573,44
20562,17090,3573,46
20563,17091,3573,21
20564,17091,3608,21
20565,17092,3608,23
20566,17093,3469,53
20567,17094,3469,4
20568,17094,3504,79
20569,17095,3504,23
20570,17096,3504,47
20571,17097,3610,120
20572,17098,3610,17
20573,17098,3645,5
20574,17099,3645,48
20575,17100,3645,35
20576,17101,3506,35
20577,17102,3506,39
20578,17103,3506,17
20579,17104,3506,43
20580,17104,3541,9
20581,17105,3682,83
20582,17106,3682,26
20583,17107,3682,13
20584,17107,3717,73
20585,17108,3717,30
20586,17109,3438,50
20587,17109,3473,5
20588,17110,3473,38
20589,17111,3473,39
20590,17112,3473,28
20591,17113,3509,75
20592,17114,3509,70
20593,17115,3509,37
20594,17115,3544,8
20595,17116,3544,93
20596,17117,3475,115
20597,17118,3475,47
20598,17119,3475,19
20599,17119,3510,18
20600,17120,3510,55
20601,17121,3546,31
20602,17121,3581,34
20603,17122,3581,70
20604,17123,3581,34
20605,17124,3581,63
20606,17125,3617,60
20607,17125,3652,33
20608,17126,3652,50
20609,17127,3652,19
20610,17128,3652,61
20611,17129,3653,50
20612,17130,3653,25
20613,17130,3688,56
20614,17131,3688,45
20615,17132,3688,59
20616,17133,3549,48
20617,17134,3549,30
20618,17135,3549,39
20619,17135,3584,2
20620,17136,3584,46
20621,17137,3585,58
20622,17138,3585,31
20623,17139,3585,45
20624,17139,3620,27
20625,17140,3620,36
20626,17141,3621,77
20627,17141,3656,21
20628,17142,3656,51
20629,17143,3656,55
20630,17144,3656,35
20631,17145,3517,39
20632,17145,3552,29
20633,17146,3552,49
20634,17147,3552,42
20635,17148,3552,16
20636,17149,3483,89
20637,17150,3483,49
20638,17151,3483,28
20639,17152,3483,45
20640,17153,3519,46
20641,17154,3519,15
20642,17155,3519,19
20643,17156,3519,38
20644,17157,3520,28
20645,17158,3520,7
20646,17158,3555,38
20647,17159,3555,27
20648,17160,3555,32
20649,17161,3556,34
20650,17161,3591,56
20651,17162,3591,36
20652,17163,3591,34
20653,17164,3591,44
20654,17165,3767,81
20655,17166,3767,69
20656,17167,3767,26
20657,17168,3767,43
20658,17169,3628,73
20659,17170,3628,40
20660,17171,3628,20
20661,17172,3628,54
20662,17173,3454,42
20663,17174,3454,39
20664,17175,3454,50
20665,17176,3454,25
20666,17177,3595,62
20667,17178,3595,34
20668,17178,3630,31
20669,17179,3630,24
20670,17180,3630,78
20671,17181,3491,67
20672,17182,3491,61
20673,17183,3491,38
20674,17183,3526,12
20675,17184,3526,110
20676,17185,3457,84
20677,17186,3457,45
20678,17187,3457,43
20679,17188,3457,39
20680,17189,3563,68
20681,17190,3563,47
20682,17191,3563,45
20683,17192,3563,9
20684,17192,3598,26
20685,17193,3669,84
20686,17194,3669,29
20687,17195,3669,14
20688,17195,3704,24
20689,17196,3704,52
20690,17197,3530,36
20691,17198,3530,20
20692,17198,3565,33
20693,17199,3565,41
20694,17200,3565,79
20695,17201,3706,45
20696,17202,3706,22
20697,17203,3706,53
20698,17204,3706,46
20699,17205,3497,47
20700,17206,3497,39
20701,17207,3497,25
20702,17208,3497,58
20703,17209,3568,6
20704,17209,3603,64
20705,17210,3603,23
20706,17211,3603,47
20707,17212,3603,58
20708,17213,3394,79
20709,17214,3394,60
20710,17215,3394,19
20711,17216,3394,60
20712,17217,3675,47
20713,17217,3710,12
20714,17218,3710,36
20715,17219,3710,34
20716,17220,3710,22
20717,17221,3466,29
20718,17222,3466,32
20719,17223,3466,72
20720,17224,3466,72
20721,17224,3501,11
20722,17225,3467,51
20723,17225,3502,2
20724,17226,3502,34
20725,17227,3502,31
20726,17228,3502,67
20727,17229,3608,67
20728,17230,3608,21
20729,17231,3608,38
20730,17232,3608,63
20731,17233,3504,69
20732,17234,3504,2
20733,17234,3539,82
20734,17235,3539,49
20735,17236,3539,47
20736,17236,3574,18
20737,17237,3645,52
20738,17238,3645,36
20739,17239,3645,8
20740,17240,3645,41
20741,17240,3680,41
20742,17241,3541,50
20743,17242,3541,41
20744,17243,3541,73
20745,17244,3541,70
20746,17245,3717,85
20747,17246,3717,14
20748,17246,3752,117
20749,17247,3752,55
20750,17248,3752,26
20751,17248,3787,23
20752,17249,3473,47
20753,17250,3473,26
20754,17251,3473,46
20755,17252,3473,65
20756,17253,3544,97
20757,17254,3544,62
20758,17255,3544,54
20759,17256,3579,81
20760,17257,3510,54
20761,17258,3510,84
20762,17259,3510,23
20763,17260,3510,45
20764,17260,3545,9
20765,17261,3581,5
20766,17261,3616,40
20767,17262,3616,35
20768,17263,3616,42
20769,17264,3616,71
20770,17265,3652,54
20771,17265,3687,3
20772,17266,3687,43
20773,17267,3687,33
20774,17268,3687,51
20775,17269,3688,105
20776,17269,3723,28
20777,17270,3723,41
20778,17271,3723,38
20779,17272,3723,39
20780,17273,3584,74
20781,17274,3584,89
20782,17275,3584,19
20783,17275,3619,23
20784,17276,3619,63
20785,17277,3620,79
20786,17278,3620,37
20787,17279,3620,59
20788,17280,3620,109
20789,17280,3655,19
20790,17281,3656,64
20791,17282,3656,16
20792,17282,3691,33
20793,17283,3691,31
20794,17284,3691,94
20795,17285,3552,71
20796,17286,3552,60
20797,17287,3552,52
20798,17288,3552,15
20799,17288,3587,68
20800,17289,3483,57
20801,17289,3518,12
20802,17290,3518,70
20803,17291,3518,17
20804,17292,3518,83
20805,17293,3519,57
20806,17294,3519,29
20807,17294,3554,24
20808,17295,3554,68
20809,17296,3554,57
20810,17297,3555,44
20811,17297,3590,75
20812,17298,3590,28
20813,17299,3590,63
20814,17300,3590,36
20815,17301,3591,87
20816,17302,3591,42
20817,17302,3626,26
20818,17303,3626,25
20819,17304,3626,70
20820,17305,3767,5
20821,17305,3802,61
20822,17306,3802,78
20823,17307,3802,39
20824,17308,3802,91
20825,17309,3628,62
20826,17310,3628,91
20827,17311,3628,1
20828,17311,3663,38
20829,17312,3663,141
20830,17313,3454,23
20831,17313,3489,78
20832,17314,3489,57
20833,17315,3489,24
20834,17316,3489,106
20835,17317,3630,40
20836,17317,3665,60
20837,17318,3665,29
20838,17319,3665,35
20839,17320,3665,25
20840,17320,3700,44
20841,17321,3526,119
20842,17321,3561,3
20843,17322,3561,67
20844,17323,3561,53
20845,17324,3561,59
20846,17325,3457,63
20847,17325,3492,11
20848,17326,3492,48
20849,17327,3492,105
20850,17328,3492,38
20851,17329,3598,118
20852,17330,3598,36
20853,17331,3598,62
20854,17331,3633,11
20855,17332,3633,57
20856,17333,3704,61
20857,17334,3704,19
20858,17334,3739,23
20859,17335,3739,31
20860,17336,3739,69
20861,17337,3565,75
20862,17338,3565,14
20863,17338,3600,36
20864,17339,3600,29
20865,17340,3600,29
20866,17341,3706,62
20867,17341,3741,10
20868,17342,3741,40
20869,17343,3741,38
20870,17344,3741,69
20871,17345,3497,128
20872,17346,3497,18
20873,17346,3532,28
20874,17347,3532,28
20875,17348,3532,33
20876,17349,3603,16
20877,17349,3638,115
20878,17350,3638,59
20879,17351,3638,65
20880,17352,3638,6
20881,17352,3673,99
20882,17353,3394,58
20883,17354,3394,65
20884,17355,3394,25
20885,17356,3394,69
20886,17357,3710,71
20887,17358,3710,39
20888,17358,3745,4
20889,17359,3745,56
20890,17360,3745,68
20891,17361,3501,68
20892,17362,3501,60
20893,17363,3501,29
20894,17364,3501,8
20895,17364,3536,58
20896,17365,3502,75
20897,17366,3502,27
20898,17367,3502,18
20899,17367,3537,24
20900,17368,3537,53
20901,17369,3608,37
20902,17369,3643,30
20903,17370,3643,25
20904,17371,3643,27
20905,17372,3643,58
20906,17373,3574,81
20907,17374,3574,48
20908,17375,3574,42
20909,17376,3574,29
20910,17376,3609,29
20911,17377,3680,109
20912,17378,3680,89
20913,17379,3680,12
20914,17379,3715,12
20915,17380,3715,68
20916,17381,3541,35
20917,17381,3576,1
20918,17382,3576,68
20919,17383,3576,39
20920,17384,3576,41
20921,17385,3787,104
20922,17386,3787,63
20923,17387,3787,31
20924,17387,3822,19
20925,17388,3822,115
20926,17389,3473,25
20927,17389,3508,42
20928,17390,3508,66
20929,17391,3508,54
20930,17392,3508,59
20931,17393,3579,32
20932,17394,3579,77
20933,17395,3579,38
20934,17396,3579,24
20935,17396,3614,53
20936,17397,3545,56
20937,17398,3545,34
20938,17399,3545,38
20939,17400,3545,59
20940,17401,3616,47
20941,17401,3651,20
20942,17402,3651,47
20943,17403,3651,81
20944,17404,3651,55
20945,17404,3686,9
20946,17405,3687,111
20947,17406,3687,11
20948,17406,3722,48
20949,17407,3722,40
20950,17408,3722,78
20951,17409,3723,118
20952,17410,3723,11
20953,17410,3758,100
20954,17411,3758,34
20955,17412,3758,35
20956,17413,3619,105
20957,17414,3619,19
20958,17414,3654,24
20959,17415,3654,47
20960,17416,3654,75
20961,17417,3655,68
20962,17418,3655,18
20963,17419,3655,66
20964,17420,3655,65
20965,17421,3691,47
20966,17422,3691,37
20967,17422,3726,45
20968,17423,3726,23
20969,17424,3726,61
20970,17425,3587,36
20971,17426,3587,50
20972,17427,3587,11
20973,17427,3622,16
20974,17428,3622,42
20975,17429,3518,43
20976,17429,3553,58
20977,17430,3553,56
20978,17431,3553,21
20979,17432,3553,81
20980,17433,3554,77
20981,17433,3589,13
20982,17434,3589,51
20983,17435,3589,59
20984,17436,3589,81
20985,17437,3590,14
20986,17437,3625,59
20987,17438,3625,60
20988,17439,3625,25
20989,17439,3660,49
20990,17440,3660,49
20991,17441,3626,63
20992,17442,3626,59
20993,17443,3626,49
20994,17444,3626,59
20995,17444,3661,3
20996,17445,3802,52
20997,17445,3837,32
20998,17446,3837,47
20999,17447,3837,25
21000,17448,3837,76
21001,17449,3663,81
21002,17450,3663,14
21003,17450,3698,72
21004,17451,3698,46
21005,17452,3698,83
21006,17453,3489,103
21007,17454,3489,53
21008,17454,3524,2
21009,17455,3524,64
21010,17456,3524,29
21011,17457,3700,72
21012,17458,3700,62
21013,17459,3700,29
21014,17460,3700,69
21015,17460,3735,10
21016,17461,3561,46
21017,17461,3596,26
21018,17462,3596,37
21019,17463,3596,37
21020,17464,3596,92
21021,17465,3492,66
21022,17466,3492,71
21023,17467,3492,21
21024,17468,3492,86
21025,17469,3633,125
21026,17470,3633,25
21027,17470,3668,43
21028,17471,3668,24
21029,17472,3668,38
21030,17473,3739,77
21031,17474,3739,14
21032,17474,3774,36
21033,17475,3774,76
21034,17476,3774,78
21035,17477,3600,64
21036,17477,3635,1
21037,17478,3635,30
21038,17479,3635,88
21039,17480,3635,61
21040,17481,3741,22
21041,17481,3776,66
21042,17482,3776,39
21043,17483,3776,36
21044,17484,3776,42
21045,17485,3532,63
21046,17486,3532,36
21047,17486,3567,25
21048,17487,3567,30
21049,17488,3567,53
21050,17489,3673,85
21051,17490,3673,90
21052,17490,3708,13
21053,17491,3708,34
21054,17492,3708,37
21055,17493,3394,49
21056,17493,3429,48
21057,17494,3429,45
21058,17495,3429,63
21059,17496,3429,47
21060,17497,3745,78
21061,17498,3745,46
21062,17499,3745,20
21063,17499,3780,21
21064,17500,3780,126
21065,17501,3536,39
21066,17502,3536,36
21067,17503,3536,16
21068,17504,3536,46
21069,17505,3537,58
21070,17506,3537,26
21071,17507,3537,28
21072,17508,3537,15
21073,17508,3572,19
21074,17509,3643,36
21075,17510,3643,6
21076,17510,3678,27
21077,17511,3678,16
21078,17512,3678,26
21079,17513,3609,27
21080,17514,3609,13
21081,17515,3609,16
21082,17516,3609,51
21083,17517,3715,47
21084,17518,3715,32
21085,17519,3715,13
21086,17519,3750,4
21087,17520,3750,22
21088,17521,3576,32
21089,17522,3576,29
21090,17523,3611,16
21091,17524,3611,46
21092,17525,3822,41
21093,17526,3822,6
21094,17526,3857,27
21095,17527,3857,32
21096,17528,3857,28
21097,17529,3508,53
21098,17530,3508,25
21099,17531,3508,2
21100,17531,3543,40
21101,17532,3543,44
21102,17533,3614,38
21103,17534,3614,28
21104,17535,3614,8
21105,17536,3614,46
21106,17537,3545,29
21107,17537,3580,47
21108,17538,3580,19
21109,17539,3580,15
21110,17540,3580,39
21111,17541,3686,39
21112,17542,3686,26
21113,17543,3686,17
21114,17544,3686,36
21115,17545,3722,38
21116,17546,3722,6
21117,17546,3757,46
21118,17547,3757,20
21119,17548,3757,37
21120,17549,3758,58
21121,17550,3758,21
21122,17551,3758,16
21123,17551,3793,1
21124,17552,3793,56
21125,17553,3654,47
21126,17554,3654,41
21127,17554,3689,14
21128,17555,3689,34
21129,17556,3689,23
21130,17557,3655,47
21131,17558,3655,8
21132,17558,3690,17
21133,17559,3690,22
21134,17560,3690,42
21135,17561,3726,46
21136,17562,3726,22
21137,17563,3726,51
21138,17564,3726,24
21139,17565,3622,38
21140,17566,3622,22
21141,17567,3622,21
21142,17568,3622,36
21143,17569,3553,10
21144,17569,3588,39
21145,17570,3588,26
21146,17571,3588,39
21147,17572,3588,63
21148,17573,3589,27
21149,17574,3589,24
21150,17575,3589,35
21151,17575,3624,4
21152,17576,3624,48
21153,17577,3660,30
21154,17578,3660,12
21155,17579,3660,36
21156,17580,3660,31
21157,17580,3695,14
21158,17581,3661,40
21159,17582,3661,25
21160,17583,3661,12
21161,17584,3661,43
21162,17585,3837,22
21163,17585,3872,3
21164,17586,3872,31
21165,17587,3872,33
21166,17588,3872,48
21167,17589,3698,30
21168,17589,3733,36
21169,17590,3733,66
21170,17591,3733,22
21171,17592,3733,20
21172,17593,3524,39
21173,17594,3524,14
21174,17595,3524,37
21175,17596,3524,46
21176,17597,3735,37
21177,17598,3735,11
21178,17599,3735,10
21179,17600,3735,35
21180,17601,3596,52
21181,17601,3631,9
21182,17602,3631,21
21183,17603,3631,16
21184,17604,3631,21
21185,17605,3492,18
21186,17605,3527,10
21187,17606,3527,57
21188,17607,3527,27
21189,17608,3527,47
21190,17609,3668,32
21191,17610,3668,13
21192,17610,3703,12
21193,17611,3703,22
21194,17612,3703,23
21195,17613,3774,40
21196,17614,3774,11
21197,17614,3809,14
21198,17615,3809,26
21199,17616,3809,16
21200,17617,3635,21
21201,17617,3670,24
21202,17618,3670,18
21203,17619,3670,22
21204,17620,3670,42
21205,17621,3776,17
21206,17621,3811,23
21207,17622,3811,25
21208,17623,3811,19
21209,17624,3811,35
21210,17625,3567,42
21211,17626,3567,17
21212,17627,3567,20
21213,17628,3567,39
21214,17629,3708,56
21215,17630,3708,23
21216,17631,3708,17
21217,17631,3743,10
21218,17632,3743,19
21219,17633,3429,23
21220,17634,3429,13
21221,17635,3429,13
21222,17636,3429,64
21223,17637,3780,38
21224,17638,3780,20
21225,17639,3780,34
21226,17640,3780,34
21227,17640,3815,4
21228,17641,3536,28
21229,17641,3571,6
21230,17642,3571,45
21231,17643,3571,27
21232,17644,3571,37
21233,17645,3572,16
21234,17646,3572,22
21235,17647,3572,48
21236,17648,3572,60
21237,17649,3678,41
21238,17650,3678,14
21239,17651,3678,18
21240,17652,3678,34
21241,17653,3609,18
21242,17654,3609,23
21243,17655,3609,24
21244,17656,3609,44
21245,17656,3644,3
21246,17657,3750,78
21247,17658,3750,45
21248,17659,3750,22
21249,17660,3750,30
21250,17661,3611,16
21251,17662,3611,27
21252,17663,3611,43
21253,17664,3611,19
21254,17665,3857,29
21255,17666,3857,24
21256,17667,3857,29
21257,17668,3857,47
21258,17669,3543,39
21259,17670,3543,20
21260,17671,3543,30
21261,17672,3543,18
21262,17672,3578,8
21263,17673,3614,64
21264,17674,3614,11
21265,17674,3649,6
21266,17675,3649,24
21267,17676,3649,39
21268,17677,3580,48
21269,17678,3580,22
21270,17679,3580,29
21271,17680,3580,26
21272,17681,3686,55
21273,17682,3686,29
21274,17683,3686,11
21275,17683,3721,6
21276,17684,3721,32
21277,17685,3757,38
21278,17686,3757,11
21279,17687,3757,13
21280,17688,3757,52
21281,17689,3793,43
21282,17690,3793,20
21283,17691,3793,27
21284,17692,3793,31
21285,17693,3689,29
21286,17694,3689,20
21287,17695,3689,35
21288,17696,3689,22
21289,17697,3690,37
21290,17698,3690,35
21291,17699,3690,16
21292,17700,3690,48
21293,17701,3726,14
21294,17701,3761,12
21295,17702,3761,15
21296,17703,3761,18
21297,17704,3761,34
21298,17705,3622,57
21299,17706,3622,18
21300,17707,3622,32
21301,17708,3622,4
21302,17708,3657,88
21303,17709,3588,40
21304,17710,3588,22
21305,17711,3588,12
21306,17711,3623,8
21307,17712,3623,25
21308,17713,3624,28
21309,17714,3624,32
21310,17715,3624,25
21311,17716,3624,29
21312,17717,3695,42
21313,17718,3695,7
21314,17719,3695,19
21315,17720,3695,21
21316,17721,3661,33
21317,17722,3661,18
21318,17722,3696,5
21319,17723,3696,11
21320,17724,3696,27
21321,17725,3872,25
21322,17726,3872,28
21323,17727,3872,17
21324,17728,3872,72
21325,17729,3733,42
21326,17729,3768,14
21327,17730,3768,38
21328,17731,3768,17
21329,17732,3768,38
21330,17733,3524,40
21331,17734,3524,18
21332,17735,3524,9
21333,17735,3559,18
21334,17736,3559,30
21335,17737,3735,45
21336,17738,3735,34
21337,17739,3735,11
21338,17739,3770,6
21339,17740,3770,27
21340,17741,3631,18
21341,17742,3631,41
21342,17743,3631,30
21343,17744,3631,26
21344,17744,3666,27
21345,17745,3527,64
21346,17746,3527,29
21347,17747,3527,11
21348,17747,3562,8
21349,17748,3562,31
21350,17749,3703,36
21351,17750,3703,19
21352,17751,3703,30
21353,17752,3703,34
21354,17753,3809,50
21355,17754,3809,43
21356,17755,3809,26
21357,17756,3809,55
21358,17757,3670,34
21359,17758,3670,26
21360,17759,3670,37
21361,17760,3670,34
21362,17761,3811,82
21363,17762,3846,60
21364,17763,3846,35
21365,17764,3846,26
21366,17765,3567,21
21367,17765,3602,35
21368,17766,3602,34
21369,17767,3602,18
21370,17768,3602,58
21371,17769,3743,27
21372,17770,3743,31
21373,17771,3743,37
21374,17772,3743,31
21375,17773,3429,71
21376,17774,3429,33
21377,17775,3429,32
21378,17776,3429,45
21379,17776,3464,21
21380,17777,3815,35
21381,17778,3815,49
21382,17779,3815,39
21383,17780,3815,56
21384,17780,3850,1
21385,17781,3571,34
21386,17782,3571,38
21387,17783,3571,22
21388,17784,3571,19
21389,17785,3572,44
21390,17786,3572,22
21391,17787,3572,23
21392,17788,3572,6
21393,17788,3607,45
21394,17789,3678,52
21395,17790,3678,39
21396,17791,3678,8
21397,17792,3678,55
21398,17793,3644,69
21399,17794,3644,33
21400,17795,3644,55
21401,17796,3644,63
21402,17797,3750,33
21403,17797,3785,19
21404,17798,3785,64
21405,17799,3785,14
21406,17800,3785,41
21407,17801,3611,43
21408,17802,3611,46
21409,17803,3611,13
21410,17803,3646,8
21411,17804,3646,22
21412,17805,3857,23
21413,17806,3857,30
21414,17806,3892,11
21415,17807,3892,46
21416,17808,3892,38
21417,17809,3578,42
21418,17810,3578,37
21419,17811,3578,24
21420,17812,3578,34
21421,17813,3649,29
21422,17814,3649,21
21423,17815,3649,52
21424,17816,3649,21
21425,17816,3684,12
21426,17817,3580,34
21427,17818,3580,42
21428,17818,3615,21
21429,17819,3615,34
21430,17820,3615,19
21431,17821,3721,25
21432,17822,3721,25
21433,17823,3721,41
21434,17824,3721,36
21435,17825,3757,20
21436,17826,3757,31
21437,17826,3792,2
21438,17827,3792,11
21439,17828,3792,22
21440,17829,3793,97
21441,17829,3828,12
21442,17830,3828,49
21443,17831,3828,27
21444,17832,3828,25
21445,17833,3689,51
21446,17834,3689,15
21447,17834,3724,13
21448,17835,3724,17
21449,17836,3724,43
21450,17837,3690,63
21451,17838,3690,9
21452,17838,3725,20
21453,17839,3725,47
21454,17840,3725,40
21455,17841,3761,26
21456,17842,3761,28
21457,17843,3761,34
21458,17844,3761,38
21459,17845,3657,40
21460,17846,3657,35
21461,17847,3657,20
21462,17848,3657,20
21463,17848,3692,12
21464,17849,3623,39
21465,17850,3623,54
21466,17851,3623,15
21467,17852,3623,17
21468,17852,3658,11
21469,17853,3624,69
21470,17854,3624,25
21471,17854,3659,21
21472,17855,3659,19
21473,17856,3659,11
21474,17857,3695,44
21475,17858,3695,21
21476,17859,3695,16
21477,17860,3695,18
21478,17861,3696,56
21479,17862,3696,22
21480,17863,3696,22
21481,17864,3696,10
21482,17865,3872,30
21483,17866,3872,8
21484,17866,3907,15
21485,17867,3907,22
21486,17868,3907,50
21487,17869,3768,72
21488,17870,3768,18
21489,17870,3803,5
21490,17871,3803,10
21491,17872,3803,48
21492,17873,3559,41
21493,17874,3559,39
21494,17875,3559,20
21495,17876,3559,45
21496,17877,3770,33
21497,17878,3770,39
21498,17879,3770,27
21499,17880,3770,74
21500,17881,3666,3
21501,17882,3666,33
21502,17883,3666,38
21503,17884,3666,17
21504,17885,3562,27
21505,17886,3562,20
21506,17887,3562,12
21507,17888,3562,49
21508,17889,3703,61
21509,17890,3703,20
21510,17890,3738,3
21511,17891,3738,48
21512,17892,3738,49
21513,17893,3809,71
21514,17893,3844,26
21515,17894,3844,34
21516,17895,3844,30
21517,17896,3844,83
21518,17897,3670,33
21519,17897,3705,18
21520,17898,3705,55
21521,17899,3705,12
21522,17900,3705,42
21523,17901,3846,64
21524,17901,3881,3
21525,17902,3881,41
21526,17903,3881,38
21527,17904,3881,58
21528,17905,3602,29
21529,17906,3602,19
21530,17907,3602,19
21531,17908,3602,30
21532,17908,3637,14
21533,17909,3743,59
21534,17910,3743,15
21535,17910,3778,33
21536,17911,3778,25
21537,17912,3778,24
21538,17913,3464,36
21539,17914,3464,40
21540,17915,3464,14
21541,17916,3464,39
21542,17917,3850,53
21543,17918,3850,7
21544,17919,3850,15
21545,17920,3850,15
21546,17921,3571,35
21547,17922,3606,48
21548,17923,3606,42
21549,17924,3606,42
21550,17925,3607,50
21551,17926,3607,25
21552,17927,3607,50
21553,17928,3607,53
21554,17929,3678,3
21555,17929,3713,37
21556,17930,3713,23
21557,17931,3713,34
21558,17932,3713,44
21559,17933,3644,31
21560,17933,3679,31
21561,17934,3679,42
21562,17935,3679,13
21563,17936,3679,42
21564,17937,3785,34
21565,17938,3785,20
21566,17939,3785,19
21567,17940,3785,30
21568,17941,3646,47
21569,17942,3646,29
21570,17943,3646,37
21571,17944,3646,21
21572,17945,3892,61
21573,17946,3892,26
21574,17947,3892,33
21575,17947,3927,3
21576,17948,3927,22
21577,17949,3578,50
21578,17950,3578,65
21579,17951,3578,18
21580,17951,3613,2
21581,17952,3613,26
21582,17953,3684,39
21583,17954,3684,19
21584,17955,3684,38
21585,17956,3684,46
21586,17957,3615,44
21587,17958,3615,40
21588,17959,3615,19
21589,17959,3650,48
21590,17960,3650,30
21591,17961,3721,52
21592,17961,3756,37
21593,17962,3756,30
21594,17963,3756,21
21595,17964,3756,61
21596,17965,3792,66
21597,17966,3792,19
21598,17967,3792,12
21599,17968,3792,15
21600,17969,3828,57
21601,17970,3828,36
21602,17971,3828,45
21603,17972,3828,24
21604,17972,3863,5
21605,17973,3724,50
21606,17974,3724,38
21607,17975,3724,21
21608,17976,3724,45
21609,17977,3725,36
21610,17978,3725,51
21611,17979,3725,27
21612,17980,3725,38
21613,17981,3761,90
21614,17982,3761,9
21615,17982,3796,16
21616,17983,3796,47
21617,17984,3796,33
21618,17985,3692,45
21619,17986,3692,54
21620,17987,3692,27
21621,17988,3692,29
21622,17989,3658,65
21623,17990,3658,45
21624,17991,3658,22
21625,17992,3658,44
21626,17993,3659,45
21627,17994,3659,47
21628,17995,3659,60
21629,17996,3659,18
21630,17996,3694,5
21631,17997,3695,32
21632,17997,3730,5
21633,17998,3730,25
21634,17999,3730,34
21635,18000,3730,42
21636,18001,3696,36
21637,18002,3696,32
21638,18002,3731,22
21639,18003,3731,24
21640,18004,3731,31
21641,18005,3907,59
21642,18006,3907,43
21643,18007,3907,44
21644,18008,3907,28
21645,18009,3803,52
21646,18010,3803,21
21647,18011,3803,23
21648,18012,3803,56
21649,18013,3559,42
21650,18013,3594,18
21651,18014,3594,27
21652,18015,3594,17
21653,18016,3594,41
21654,18017,3770,64
21655,18017,3805,8
21656,18018,3805,28
21657,18019,3805,25
21658,18020,3805,47
21659,18021,3666,66
21660,18021,3701,1
21661,18022,3701,41
21662,18023,3701,52
21663,18024,3701,25
21664,18025,3562,46
21665,18026,3562,13
21666,18026,3597,55
21667,18027,3597,64
21668,18028,3597,54
21669,18029,3738,42
21670,18030,3738,29
21671,18030,3773,17
21672,18031,3773,24
21673,18032,3773,58
21674,18033,3844,38
21675,18034,3844,31
21676,18035,3844,18
21677,18036,3844,13
21678,18036,3879,34
21679,18037,3705,28
21680,18037,3740,37
21681,18038,3740,59
21682,18039,3740,30
21683,18040,3740,55
21684,18041,3881,69
21685,18042,3881,20
21686,18042,3916,2
21687,18043,3916,31
21688,18044,3916,54
21689,18045,3637,38
21690,18046,3637,33
21691,18047,3637,30
21692,18048,3637,84
21693,18049,3778,83
21694,18050,3778,55
21695,18050,3813,20
21696,18051,3813,31
21697,18052,3813,35
21698,18053,3464,66
21699,18054,3464,53
21700,18055,3464,29
21701,18056,3464,24
21702,18057,3850,39
21703,18058,3850,23
21704,18059,3850,21
21705,18060,3850,32
21706,18060,3885,3
21707,18061,3606,62
21708,18062,3606,36
21709,18063,3606,10
21710,18063,3641,14
21711,18064,3641,33
21712,18065,3607,7
21713,18065,3642,50
21714,18066,3642,44
21715,18067,3642,57
21716,18068,3642,47
21717,18068,3677,22
21718,18069,3713,77
21719,18070,3713,64
21720,18071,3713,15
21721,18071,3748,19
21722,18072,3748,74
21723,18073,3679,72
21724,18074,3679,49
21725,18075,3679,38
21726,18076,3679,54
21727,18077,3785,37
21728,18077,3820,38
21729,18078,3820,40
21730,18079,3820,55
21731,18080,3820,54
21732,18081,3646,41
21733,18082,3646,23
21734,18082,3681,32
21735,18083,3681,46
21736,18084,3681,88
21737,18085,3927,43
21738,18086,3927,49
21739,18087,3927,50
21740,18088,3927,52
21741,18089,3613,49
21742,18090,3613,35
21743,18091,3613,35
21744,18092,3613,47
21745,18093,3684,74
21746,18093,3719,20
21747,18094,3719,22
21748,18095,3719,53
21749,18096,3719,47
21750,18097,3650,85
21751,18098,3650,36
21752,18099,3650,19
21753,18100,3650,27
21754,18101,3756,28
21755,18101,3791,43
21756,18102,3791,17
21757,18103,3791,30
21758,18104,3791,61
21759,18105,3792,63
21760,18106,3792,22
21761,18106,3827,59
21762,18107,3827,25
21763,18108,3827,32
21764,18109,3863,82
21765,18110,3863,52
21766,18111,3863,17
21767,18112,3863,33
21768,18113,3724,48
21769,18113,3759,23
21770,18114,3759,28
21771,18115,3759,45
21772,18116,3759,48
21773,18117,3725,8
21774,18117,3760,56
21775,18118,3760,63
21776,18119,3760,32
21777,18120,3760,32
21778,18121,3796,63
21779,18122,3796,52
21780,18122,3831,10
21781,18123,3831,41
21782,18124,3831,54
21783,18125,3692,26
21784,18125,3727,22
21785,18126,3727,35
21786,18127,3727,65
21787,18128,3727,49
21788,18129,3658,60
21789,18130,3658,18
21790,18131,3658,27
21791,18132,3658,42
21792,18133,3694,56
21793,18134,3694,46
21794,18135,3694,45
21795,18136,3694,69
21796,18137,3730,77
21797,18138,3730,39
21798,18138,3765,3
21799,18139,3765,22
21800,18140,3765,111
21801,18141,3731,76
21802,18142,3731,33
21803,18142,3766,34
21804,18143,3766,50
21805,18144,3766,51
21806,18145,3907,23
21807,18145,3942,16
21808,18146,3942,64
21809,18147,3942,26
21810,18148,3942,62
21811,18149,3803,2
21812,18149,3838,29
21813,18150,3838,54
21814,18151,3838,45
21815,18152,3838,57
21816,18152,3873,4
21817,18153,3594,82
21818,18154,3594,16
21819,18155,3594,17
21820,18155,3629,22
21821,18156,3629,68
21822,18157,3805,90
21823,18158,3805,37
21824,18159,3805,73
21825,18160,3805,44
21826,18160,3840,14
21827,18161,3701,105
21828,18162,3701,19
21829,18162,3736,31
21830,18163,3736,40
21831,18164,3736,41
21832,18165,3597,4
21833,18165,3632,123
21834,18166,3632,45
21835,18167,3632,29
21836,18168,3632,13
21837,18168,3667,22
21838,18169,3773,76
21839,18170,3773,26
21840,18171,3773,12
21841,18171,3808,45
21842,18172,3808,42
21843,18173,3879,73
21844,18174,3879,35
21845,18175,3879,21
21846,18176,3879,40
21847,18176,3914,10
21848,18177,3740,57
21849,18177,3775,3
21850,18178,3775,58
21851,18179,3775,55
21852,18180,3775,63
21853,18181,3916,33
21854,18182,3916,16
21855,18183,3916,56
21856,18184,3916,53
21857,18185,3637,47
21858,18185,3672,13
21859,18186,3672,30
21860,18187,3672,29
21861,18188,3672,55
21862,18189,3813,28
21863,18190,3813,42
21864,18191,3813,66
21865,18192,3813,69
21866,18193,3464,84
21867,18193,3499,5
21868,18194,3499,43
21869,18195,3499,36
21870,18196,3499,64
21871,18197,3885,84
21872,18198,3885,37
21873,18199,3885,30
21874,18200,3885,69
21875,18201,3641,60
21876,18202,3641,15
21877,18203,3641,74
21878,18204,3641,22
21879,18204,3676,61
21880,18205,3677,59
21881,18206,3677,38
21882,18207,3677,42
21883,18208,3677,111
21884,18209,3748,83
21885,18210,3748,19
21886,18211,3748,26
21887,18212,3748,94
21888,18212,3783,21
21889,18213,3679,22
21890,18213,3714,91
21891,18214,3714,72
21892,18215,3714,23
21893,18215,3749,29
21894,18216,3749,35
21895,18217,3820,46
21896,18217,3855,72
21897,18218,3855,94
21898,18219,3855,39
21899,18220,3855,111
21900,18221,3681,54
21901,18222,3681,18
21902,18222,3716,48
21903,18223,3716,45
21904,18224,3716,49
21905,18225,3927,60
21906,18225,3962,7
21907,18226,3962,53
21908,18227,3962,57
21909,18228,3962,38
21910,18229,3613,21
21911,18229,3648,39
21912,18230,3648,96
21913,18231,3648,36
21914,18232,3648,19
21915,18232,3683,35
21916,18233,3719,38
21917,18234,3719,7
21918,18234,3754,87
21919,18235,3754,41
21920,18236,3754,63
21921,18237,3650,10
21922,18237,3685,87
21923,18238,3685,37
21924,18239,3685,51
21925,18240,3685,38
21926,18241,3791,103
21927,18242,3791,3
21928,18242,3826,39
21929,18243,3826,45
21930,18244,3826,78
21931,18245,3827,88
21932,18246,3827,24
21933,18246,3862,48
21934,18247,3862,54
21935,18248,3862,53
21936,18248,3897,16
21937,18249,3863,42
21938,18249,3898,82
21939,18250,3898,49
21940,18251,3898,47
21941,18252,3898,44
21942,18253,3759,81
21943,18253,3794,86
21944,18254,3794,64
21945,18255,3794,43
21946,18256,3794,46
21947,18256,3829,48
21948,18257,3760,29
21949,18257,3795,54
21950,18258,3795,83
21951,18259,3795,14
21952,18260,3795,66
21953,18261,3831,86
21954,18262,3831,62
21955,18263,3831,21
21956,18263,3866,14
21957,18264,3866,48
21958,18265,3727,90
21959,18266,3727,12
21960,18266,3762,42
21961,18267,3762,76
21962,18268,3762,75
21963,18269,3658,4
21964,18269,3693,93
21965,18270,3693,47
21966,18271,3693,45
21967,18272,3693,73
21968,18272,3728,20
21969,18273,3694,3
21970,18273,3729,97
21971,18274,3729,22
21972,18275,3729,49
21973,18276,3729,56
21974,18277,3765,103
21975,18278,3765,15
21976,18278,3800,7
21977,18279,3800,22
21978,18280,3800,67
21979,18281,3766,46
21980,18281,3801,63
21981,18282,3801,108
21982,18283,3801,62
21983,18283,3836,37
21984,18284,3836,85
21985,18285,3942,60
21986,18286,3942,15
21987,18286,3977,66
21988,18287,3977,28
21989,18288,3977,123
21990,18289,3873,37
21991,18290,3873,71
21992,18291,3873,27
21993,18292,3873,106
21994,18293,3629,78
21995,18294,3629,90
21996,18295,3629,48
21997,18296,3629,1
21998,18296,3664,109
21999,18297,3840,102
22000,18298,3840,89
22001,18299,3840,48
22002,18299,3875,5
22003,18300,3875,36
22004,18301,3736,67
22005,18302,3736,26
22006,18302,3771,5
22007,18303,3771,51
22008,18304,3771,98
22009,18305,3667,115
22010,18306,3667,51
22011,18306,3702,4
22012,18307,3702,51
22013,18308,3702,88
22014,18309,3808,145
22015,18310,3808,9
22016,18310,3843,31
22017,18311,3843,90
22018,18312,3843,42
22019,18313,3914,67
22020,18314,3914,131
22021,18315,3914,19
22022,18316,3914,15
22023,18316,3949,32
22024,18317,3775,29
22025,18318,3775,20
22026,18319,3775,10
22027,18319,3810,30
22028,18320,3810,57
22029,18321,3916,77
22030,18322,3916,45
22031,18322,3951,8
22032,18323,3951,55
22033,18324,3951,65
22034,18325,3672,37
22035,18326,3672,24
22036,18326,3707,79
22037,18327,3707,57
22038,18328,3707,34
22039,18329,3848,73
22040,18330,3848,49
22041,18331,3848,51
22042,18332,3848,62
22043,18332,3883,9
22044,18333,3499,68
22045,18334,3499,80
22046,18335,3499,91
22047,18336,3499,82
22048,18337,3885,69
22049,18338,3885,5
22050,18338,3920,63
22051,18339,3920,50
22052,18340,3920,29
22053,18341,3676,107
22054,18342,3676,26
22055,18342,3711,1
22056,18343,3711,55
22057,18344,3711,54
22058,18345,3677,14
22059,18345,3712,57
22060,18346,3712,43
22061,18347,3712,9
22062,18348,3712,86
22063,18349,3783,66
22064,18350,3783,67
22065,18351,3783,64
22066,18352,3783,29
22067,18352,3818,31
22068,18353,3749,57
22069,18354,3749,54
22070,18355,3749,27
22071,18356,3749,73
22072,18357,3855,31
22073,18357,3890,38
22074,18358,3890,71
22075,18359,3890,62
22076,18360,3890,113
22077,18361,3716,53
22078,18361,3751,16
22079,18362,3751,41
22080,18363,3751,41
22081,18364,3751,63
22082,18365,3962,41
22083,18365,3997,4
22084,18366,3997,52
22085,18367,3997,70
22086,18368,3997,24
22087,18369,3683,118
22088,18370,3683,30
22089,18371,3683,36
22090,18372,3683,35
22091,18372,3718,25
22092,18373,3754,36
22093,18373,3789,44
22094,18374,3789,39
22095,18375,3789,48
22096,18376,3789,78
22097,18377,3685,20
22098,18377,3720,51
22099,18378,3720,24
22100,18379,3720,72
22101,18380,3720,90
22102,18381,3826,45
22103,18381,3861,27
22104,18382,3861,42
22105,18383,3861,56
22106,18384,3861,55
22107,18385,3897,75
22108,18386,3897,100
22109,18387,3897,42
22110,18387,3932,14
22111,18388,3932,72
22112,18389,3898,7
22113,18389,3933,67
22114,18390,3933,68
22115,18391,3933,26
22116,18392,3933,48
22117,18392,3968,16
22118,18393,3829,114
22119,18394,3829,23
22120,18395,3829,28
22121,18396,3829,8
22122,18396,3864,34
22123,18397,3795,25
22124,18397,3830,14
22125,18398,3830,64
22126,18399,3830,62
22127,18400,3830,60
22128,18401,3866,68
22129,18402,3866,50
22130,18403,3866,37
22131,18404,3866,48
22132,18404,3901,19
22133,18405,3762,70
22134,18406,3762,29
22135,18406,3797,2
22136,18407,3797,57
22137,18408,3797,42
22138,18409,3728,94
22139,18410,3728,43
22140,18411,3728,32
22141,18411,3763,25
22142,18412,3763,36
22143,18413,3729,5
22144,18413,3764,151
22145,18414,3764,24
22146,18415,3764,14
22147,18415,3799,36
22148,18416,3799,43
22149,18417,3800,88
22150,18417,3835,3
22151,18418,3835,44
22152,18419,3835,91
22153,18420,3835,48
22154,18421,3836,81
22155,18422,3836,26
22156,18422,3871,17
22157,18423,3871,23
22158,18424,3871,80
22159,18425,3977,5
22160,18425,4012,101
22161,18426,4012,66
22162,18427,4012,40
22163,18428,4012,48
22164,18428,4047,18
22165,18429,3908,104
22166,18430,3908,63
22167,18431,3908,57
22168,18432,3908,33
22169,18432,3943,45
22170,18433,3664,42
22171,18434,3664,84
22172,18435,3664,5
22173,18435,3699,44
22174,18436,3699,89
22175,18437,3875,52
22176,18438,3875,49
22177,18439,3875,39
22178,18440,3875,44
22179,18441,3771,88
22180,18441,3806,7
22181,18442,3806,67
22182,18443,3806,47
22183,18444,3806,85
22184,18445,3702,89
22185,18446,3702,63
22186,18446,3737,22
22187,18447,3737,29
22188,18448,3737,76
22189,18449,3843,73
22190,18450,3843,21
22191,18451,3843,35
22192,18452,3843,23
22193,18452,3878,28
22194,18453,3949,85
22195,18454,3949,46
22196,18455,3949,44
22197,18456,3949,59
22198,18457,3810,50
22199,18458,3810,74
22200,18459,3810,17
22201,18460,3810,28
22202,18461,3951,74
22203,18461,3986,3
22204,18462,3986,46
22205,18463,3986,50
22206,18464,3986,34
22207,18465,3707,2
22208,18465,3742,80
22209,18466,3742,39
22210,18467,3742,39
22211,18468,3742,18
22212,18468,3777,21
22213,18469,3883,84
22214,18470,3883,53
22215,18471,3883,75
22216,18471,3918,9
22217,18472,3918,61
22218,18473,3499,38
22219,18473,3534,1
22220,18474,3534,35
22221,18475,3534,28
22222,18476,3534,40
22223,18477,3920,51
22224,18478,3920,40
22225,18479,3920,34
22226,18479,3955,10
22227,18480,3955,85
22228,18481,3711,48
22229,18482,3711,63
22230,18483,3711,15
22231,18484,3711,25
22232,18484,3746,3
22233,18485,3712,34
22234,18485,3747,11
22235,18486,3747,18
22236,18487,3747,18
22237,18488,3747,15
22238,18489,3818,48
22239,18490,3818,16
22240,18491,3818,50
22241,18492,3818,54
22242,18493,3749,26
22243,18494,3749,6
22244,18494,3784,27
22245,18495,3784,30
22246,18496,3784,48
22247,18497,3890,40
22248,18497,3925,8
22249,18498,3925,15
22250,18499,3925,43
22251,18500,3925,32
22252,18501,3751,40
22253,18502,3751,13
22254,18502,3786,8
22255,18503,3786,35
22256,18504,3786,23
22257,18505,3997,43
22258,18506,3997,32
22259,18507,3997,29
22260,18508,3997,49
22261,18509,3718,31
22262,18510,3718,42
22263,18511,3718,11
22264,18512,3718,28
22265,18513,3789,34
22266,18514,3789,8
22267,18514,3824,22
22268,18515,3824,13
22269,18516,3824,29
22270,18517,3720,40
22271,18518,3720,11
22272,18518,3755,4
22273,18519,3755,22
22274,18520,3755,37
22275,18521,3861,22
22276,18522,3861,42
22277,18523,3861,30
22278,18523,3896,1
22279,18524,3896,17
22280,18525,3932,20
22281,18526,3932,38
22282,18527,3932,24
22283,18528,3932,69
22284,18529,3968,40
22285,18530,3968,49
22286,18531,3968,38
22287,18532,3968,36
22288,18533,3864,49
22289,18534,3864,34
22290,18535,3864,37
22291,18536,3864,32
22292,18537,3830,42
22293,18538,3830,56
22294,18539,3830,9
22295,18539,3865,7
22296,18540,3865,20
22297,18541,3901,33
22298,18542,3901,14
22299,18543,3901,11
22300,18544,3901,18
22301,18545,3797,42
22302,18546,3797,24
22303,18547,3797,38
22304,18548,3797,18
22305,18549,3763,32
22306,18550,3763,34
22307,18551,3763,23
22308,18552,3763,57
22309,18553,3799,31
22310,18554,3799,25
22311,18555,3799,16
22312,18556,3799,23
22313,18557,3835,53
22314,18558,3835,17
22315,18559,3835,18
22316,18560,3835,2
22317,18560,3870,42
22318,18561,3871,41
22319,18562,3871,19
22320,18563,3871,10
22321,18564,3871,24
22322,18565,4047,46
22323,18566,4047,21
22324,18567,4047,8
22325,18568,4047,41
22326,18569,3943,57
22327,18570,3943,42
22328,18571,3943,31
22329,18572,3943,19
22330,18572,3978,3
22331,18573,3699,27
22332,18574,3699,33
22333,18575,3699,16
22334,18576,3699,38
22335,18576,3734,3
22336,18577,3875,57
22337,18578,3875,35
22338,18578,3910,15
22339,18579,3910,41
22340,18580,3910,27
22341,18581,3806,10
22342,18582,3806,48
22343,18583,3806,20
22344,18584,3806,17
22345,18584,3841,2
22346,18585,3737,49
22347,18586,3737,42
22348,18587,3737,1
22349,18587,3772,12
22350,18588,3772,33
22351,18589,3878,48
22352,18590,3878,24
22353,18591,3878,34
22354,18592,3878,39
22355,18593,3949,2
22356,18593,3984,49
22357,18594,3984,29
22358,18595,3984,23
22359,18596,3984,29
22360,18597,3810,12
22361,18597,3845,47
22362,18598,3845,37
22363,18599,3845,22
22364,18600,3845,27
22365,18601,3986,51
22366,18602,3986,19
22367,18603,3986,16
22368,18604,3986,19
22369,18605,3777,47
22370,18606,3777,53
22371,18607,3777,28
22372,18608,3777,27
22373,18609,3918,37
22374,18610,3918,23
22375,18611,3918,26
22376,18612,3918,28
22377,18613,3534,38
22378,18614,3534,27
22379,18615,3534,37
22380,18616,3534,12
22381,18616,3569,56
22382,18617,3955,44
22383,18618,3955,29
22384,18619,3955,16
22385,18619,3990,24
22386,18620,3990,46
22387,18621,3746,60
22388,18622,3746,23
22389,18623,3746,31
22390,18624,3746,65
22391,18625,3747,42
22392,18626,3747,22
22393,18627,3747,19
22394,18628,3747,43
22395,18629,3818,20
22396,18629,3853,29
22397,18630,3853,29
22398,18631,3853,39
22399,18632,3853,36
22400,18633,3784,56
22401,18634,3784,24
22402,18635,3784,16
22403,18635,3819,1
22404,18636,3819,17
22405,18637,3925,45
22406,18638,3925,15
22407,18639,3925,27
22408,18640,3925,57
22409,18641,3786,21
22410,18642,3786,10
22411,18643,3786,12
22412,18644,3786,35
22413,18645,3997,47
22414,18646,4032,22
22415,18647,4032,12
22416,18648,4032,27
22417,18649,3718,55
22418,18650,3718,32
22419,18651,3718,12
22420,18651,3753,16
22421,18652,3753,28
22422,18653,3824,30
22423,18654,3824,23
22424,18655,3824,30
22425,18656,3824,32
22426,18657,3755,27
22427,18658,3755,25
22428,18659,3755,28
22429,18660,3755,24
22430,18661,3896,48
22431,18662,3896,25
22432,18663,3896,12
22433,18664,3896,23
22434,18665,3932,46
22435,18666,3932,13
22436,18666,3967,12
22437,18667,3967,35
22438,18668,3967,28
22439,18669,3968,44
22440,18670,3968,15
22441,18671,3968,28
22442,18672,3968,8
22443,18673,3864,23
22444,18674,3864,25
22445,18675,3864,7
22446,18675,3899,10
22447,18676,3899,50
22448,18677,3865,56
22449,18678,3865,32
22450,18679,3865,11
22451,18680,3865,51
22452,18681,3901,60
22453,18682,3901,32
22454,18683,3901,19
22455,18684,3901,35
22456,18685,3797,33
22457,18685,3832,17
22458,18686,3832,35
22459,18687,3832,28
22460,18688,3832,20
22461,18689,3763,10
22462,18689,3798,26
22463,18690,3798,39
22464,18691,3798,19
22465,18692,3798,43
22466,18693,3799,32
22467,18693,3834,18
22468,18694,3834,23
22469,18695,3834,24
22470,18696,3834,38
22471,18697,3870,29
22472,18698,3870,45
22473,18699,3870,17
22474,18700,3870,25
22475,18701,3871,10
22476,18701,3906,22
22477,18702,3906,40
22478,18703,3906,26
22479,18704,3906,38
22480,18705,4047,41
22481,18706,4047,37
22482,18707,4047,17
22483,18708,4047,23
22484,18709,3978,54
22485,18710,3978,38
22486,18711,3978,41
22487,18712,3978,83
22488,18713,3734,67
22489,18714,3734,24
22490,18715,3734,37
22491,18716,3734,31
22492,18717,3910,70
22493,18718,3910,21
22494,18719,3910,21
22495,18720,3910,15
22496,18720,3945,33
22497,18721,3841,38
22498,18722,3841,29
22499,18723,3841,20
22500,18724,3841,48
22501,18725,3772,42
22502,18726,3772,17
22503,18727,3772,16
22504,18728,3772,43
22505,18729,3878,62
22506,18729,3913,3
22507,18730,3913,57
22508,18731,3913,14
22509,18732,3913,34
22510,18733,3984,55
22511,18734,3984,21
22512,18735,3984,38
22513,18736,3984,34
22514,18737,3845,39
22515,18738,3845,26
22516,18739,3845,30
22517,18740,3845,10
22518,18740,3880,31
22519,18741,3986,37
22520,18741,4021,1
22521,18742,4021,24
22522,18743,4021,10
22523,18744,4021,80
22524,18745,3777,54
22525,18745,3812,23
22526,18746,3812,30
22527,18747,3812,18
22528,18748,3812,44
22529,18749,3918,37
22530,18750,3918,30
22531,18751,3918,4
22532,18751,3953,22
22533,18752,3953,31
22534,18753,3569,44
22535,18754,3569,17
22536,18755,3569,26
22537,18756,3569,53
22538,18757,3990,56
22539,18758,3990,40
22540,18759,3990,27
22541,18760,3990,23
22542,18761,3746,18
22543,18762,3746,14
22544,18763,3746,36
22545,18764,3746,50
22546,18765,3747,35
22547,18766,3747,18
22548,18766,3782,16
22549,18767,3782,23
22550,18768,3782,25
22551,18769,3853,38
22552,18770,3853,28
22553,18771,3853,31
22554,18771,3888,5
22555,18772,3888,37
22556,18773,3819,51
22557,18774,3819,30
22558,18775,3819,29
22559,18776,3819,19
22560,18777,3925,54
22561,18777,3960,38
22562,18778,3960,44
22563,18779,3960,22
22564,18780,3960,39
22565,18781,3786,37
22566,18782,3786,28
22567,18782,3821,19
22568,18783,3821,18
22569,18784,3821,18
22570,18785,4032,64
22571,18786,4032,30
22572,18787,4032,23
22573,18788,4032,49
22574,18789,3753,26
22575,18790,3753,24
22576,18791,3753,46
22577,18792,3753,24
22578,18793,3824,30
22579,18793,3859,8
22580,18794,3859,26
22581,18795,3859,27
22582,18796,3859,25
22583,18797,3755,53
22584,18798,3755,19
22585,18798,3790,40
22586,18799,3790,9
22587,18800,3790,37
22588,18801,3896,62
22589,18802,3896,39
22590,18803,3896,21
22591,18804,3896,30
22592,18804,3931,6
22593,18805,3967,54
22594,18806,3967,62
22595,18807,3967,23
22596,18808,3967,2
22597,18808,4002,56
22598,18809,3968,22
22599,18810,3968,19
22600,18811,3968,13
22601,18812,3968,3
22602,18812,4003,13
22603,18813,3899,44
22604,18814,3899,36
22605,18815,3899,16
22606,18816,3899,26
22607,18817,3865,70
22608,18818,3865,31
22609,18819,3865,23
22610,18819,3900,2
22611,18820,3900,22
22612,18821,3901,51
22613,18822,3901,8
22614,18822,3936,34
22615,18823,3936,18
22616,18824,3936,33
22617,18825,3832,51
22618,18826,3832,26
22619,18827,3832,18
22620,18828,3832,54
22621,18829,3798,16
22622,18829,3833,11
22623,18830,3833,26
22624,18831,3833,39
22625,18832,3833,31
22626,18833,3834,29
22627,18834,3834,37
22628,18834,3869,20
22629,18835,3869,16
22630,18836,3869,24
22631,18837,3870,45
22632,18838,3870,43
22633,18839,3870,9
22634,18839,3905,4
22635,18840,3905,41
22636,18841,3906,46
22637,18841,3941,15
22638,18842,3941,35
22639,18843,3941,31
22640,18844,3941,35
22641,18845,4047,27
22642,18846,4047,47
22643,18847,4047,25
22644,18848,4047,38
22645,18849,3978,54
22646,18849,4013,13
22647,18850,4013,29
22648,18851,4013,27
22649,18852,4013,42
22650,18853,3734,25
22651,18853,3769,23
22652,18854,3769,29
22653,18855,3769,29
22654,18856,3769,39
22655,18857,3945,45
22656,18858,3945,34
22657,18859,3945,18
22658,18860,3945,28
22659,18861,3841,64
22660,18862,3841,56
22661,18863,3841,13
22662,18863,3876,14
22663,18864,3876,45
22664,18865,3772,38
22665,18866,3772,30
22666,18866,3807,11
22667,18867,3807,29
22668,18868,3807,51
22669,18869,3913,23
22670,18870,3913,12
22671,18871,3913,28
22672,18872,3913,34
22673,18873,3984,8
22674,18873,4019,18
22675,18874,4019,33
22676,18875,4019,19
22677,18876,4019,34
22678,18877,3880,16
22679,18878,3880,26
22680,18879,3880,18
22681,18880,3880,62
22682,18881,4021,57
22683,18882,4021,19
22684,18883,4021,25
22685,18884,4021,20
22686,18885,3812,51
22687,18886,3812,47
22688,18887,3812,13
22689,18887,3847,30
22690,18888,3847,55
22691,18889,3953,72
22692,18890,3953,25
22693,18891,3953,45
22694,18892,3953,33
22695,18893,3569,24
22696,18894,3569,55
22697,18894,3604,2
22698,18895,3604,21
22699,18896,3604,30
22700,18897,3990,42
22701,18898,3990,17
22702,18899,3990,20
22703,18900,3990,35
22704,18901,3746,15
22705,18901,3781,32
22706,18902,3781,29
22707,18903,3781,39
22708,18904,3781,19
22709,18905,3782,52
22710,18906,3782,28
22711,18907,3782,19
22712,18908,3782,55
22713,18909,3888,49
22714,18910,3888,42
22715,18911,3888,37
22716,18912,3888,52
22717,18913,3819,72
22718,18914,3819,21
22719,18914,3854,10
22720,18915,3854,32
22721,18916,3854,21
22722,18917,3960,53
22723,18918,3960,62
22724,18919,3960,22
22725,18920,3960,43
22726,18921,3821,60
22727,18922,3821,46
22728,18923,3821,39
22729,18923,3856,1
22730,18924,3856,14
22731,18925,4032,70
22732,18926,4032,21
22733,18927,4032,10
22734,18927,4067,38
22735,18928,4067,35
22736,18929,3753,68
22737,18930,3753,13
22738,18931,3753,60
22739,18932,3753,5
22740,18932,3788,11
22741,18933,3859,71
22742,18934,3859,45
22743,18935,3859,14
22744,18936,3859,31
22745,18937,3790,52
22746,18938,3790,43
22747,18939,3790,19
22748,18940,3790,46
22749,18941,3931,61
22750,18942,3931,25
22751,18943,3931,13
22752,18944,3931,39
22753,18945,4002,58
22754,18946,4002,25
22755,18947,4002,22
22756,18948,4002,32
22757,18949,4003,45
22758,18950,4003,22
22759,18951,4003,16
22760,18952,4003,33
22761,18953,3899,42
22762,18954,3899,30
22763,18955,3899,20
22764,18955,3934,8
22765,18956,3934,34
22766,18957,3900,40
22767,18958,3900,46
22768,18959,3900,25
22769,18960,3900,34
22770,18961,3936,72
22771,18962,3936,43
22772,18963,3936,33
22773,18964,3936,2
22774,18964,3971,34
22775,18965,3832,23
22776,18965,3867,10
22777,18966,3867,26
22778,18967,3867,51
22779,18968,3867,57
22780,18969,3833,60
22781,18970,3833,58
22782,18971,3833,20
22783,18971,3868,16
22784,18972,3868,58
22785,18973,3869,39
22786,18974,3869,28
22787,18975,3869,34
22788,18976,3869,54
22789,18977,3905,43
22790,18978,3905,50
22791,18979,3905,15
22792,18980,3905,79
22793,18981,3941,59
22794,18982,3941,48
22795,18983,3941,26
22796,18984,3941,29
22797,18984,3976,11
22798,18985,4047,22
22799,18985,4082,26
22800,18986,4082,83
22801,18987,4082,62
22802,18988,4082,56
22803,18989,4013,71
22804,18990,4013,46
22805,18991,4013,41
22806,18992,4013,17
22807,18992,4048,1
22808,18993,3769,70
22809,18994,3769,20
22810,18995,3769,20
22811,18995,3804,25
22812,18996,3804,23
22813,18997,3945,31
22814,18998,3945,47
22815,18999,3945,14
22816,19000,3980,70
22817,19001,3876,55
22818,19002,3876,27
22819,19003,3876,32
22820,19004,3876,53
22821,19005,3807,74
22822,19006,3807,26
22823,19007,3807,22
22824,19008,3807,49
22825,19009,3913,62
22826,19010,3913,19
22827,19011,3913,22
22828,19012,3913,4
22829,19012,3948,21
22830,19013,4019,65
22831,19014,4019,57
22832,19015,4019,9
22833,19015,4054,36
22834,19016,4054,89
22835,19017,3880,32
22836,19018,3880,63
22837,19019,3880,30
22838,19020,3880,26
22839,19020,3915,1
22840,19021,4021,18
22841,19021,4056,40
22842,19022,4056,23
22843,19023,4056,21
22844,19024,4056,38
22845,19025,3847,46
22846,19026,3847,57
22847,19027,3847,31
22848,19028,3847,25
22849,19029,3953,38
22850,19030,3953,24
22851,19031,3953,40
22852,19032,3953,25
22853,19033,3604,20
22854,19034,3604,37
22855,19035,3604,33
22856,19036,3604,55
22857,19037,3990,29
22858,19038,3990,25
22859,19038,4025,21
22860,19039,4025,37
22861,19040,4025,42
22862,19041,3781,68
22863,19042,3781,45
22864,19043,3781,24
22865,19043,3816,56
22866,19044,3816,66
22867,19045,3782,8
22868,19045,3817,63
22869,19046,3817,52
22870,19047,3817,40
22871,19048,3817,45
22872,19049,3888,24
22873,19049,3923,66
22874,19050,3923,42
22875,19051,3923,16
22876,19052,3923,57
22877,19052,3958,16
22878,19053,3854,87
22879,19054,3854,59
22880,19055,3854,41
22881,19056,3854,34
22882,19056,3889,33
22883,19057,3960,22
22884,19058,3960,46
22885,19059,3960,26
22886,19059,3995,20
22887,19060,3995,44
22888,19061,3856,67
22889,19062,3856,52
22890,19063,3856,58
22891,19064,3856,53
22892,19065,4067,55
22893,19066,4067,41
22894,19067,4067,34
22895,19068,4067,85
22896,19069,3788,102
22897,19070,3788,35
22898,19071,3788,53
22899,19071,3823,1
22900,19072,3823,44
22901,19073,3859,8
22902,19073,3894,58
22903,19074,3894,42
22904,19075,3894,33
22905,19076,3894,47
22906,19077,3790,16
22907,19077,3825,67
22908,19078,3825,58
22909,19079,3825,42
22910,19080,3825,22
22911,19081,3931,63
22912,19082,3931,37
22913,19082,3966,9
22914,19083,3966,16
22915,19084,3966,52
22916,19085,4002,26
22917,19085,4037,18
22918,19086,4037,70
22919,19087,4037,53
22920,19088,4037,21
22921,19089,4003,72
22922,19090,4003,41
22923,19091,4003,28
22924,19091,4038,3
22925,19092,4038,61
22926,19093,3934,69
22927,19094,3934,42
22928,19095,3934,50
22929,19096,3934,17
22930,19096,3969,30
22931,19097,3900,51
22932,19097,3935,51
22933,19098,3935,58
22934,19099,3935,38
22935,19100,3935,86
22936,19101,3971,42
22937,19102,3971,16
22938,19103,3971,33
22939,19104,3971,40
22940,19105,3867,108
22941,19106,3867,15
22942,19106,3902,20
22943,19107,3902,41
22944,19108,3902,48
22945,19109,3868,38
22946,19110,3868,44
22947,19111,3868,16
22948,19112,3868,26
22949,19112,3903,17
22950,19113,3869,85
22951,19114,3869,27
22952,19115,3869,30
22953,19116,3869,1
22954,19116,3904,42
22955,19117,3905,82
22956,19117,3940,28
22957,19118,3940,64
22958,19119,3940,65
22959,19120,3940,28
22960,19120,3975,14
22961,19121,3976,69
22962,19122,3976,26
22963,19123,3976,29
22964,19124,3976,48
22965,19125,4082,62
22966,19126,4082,36
22967,19127,4117,44
22968,19128,4117,48
22969,19129,4048,90
22970,19130,4048,44
22971,19131,4048,46
22972,19132,4048,71
22973,19133,3804,105
22974,19134,3804,31
22975,19135,3804,13
22976,19136,3804,38
22977,19137,3980,49
22978,19138,3980,45
22979,19139,3980,42
22980,19140,3980,57
22981,19141,3876,25
22982,19141,3911,30
22983,19142,3911,55
22984,19143,3911,35
22985,19144,3911,46
22986,19145,3807,57
22987,19145,3842,3
22988,19146,3842,25
22989,19147,3842,57
22990,19148,3842,35
22991,19149,3948,95
22992,19150,3948,38
22993,19151,3948,42
22994,19152,3948,55
22995,19153,4054,62
22996,19154,4054,47
22997,19155,4054,29
22998,19156,4054,39
22999,19157,3915,32
23000,19158,3915,76
23001,19159,3915,35
23002,19160,3915,78
23003,19161,4056,43
23004,19162,4056,77
23005,19163,4056,40
23006,19163,4091,10
23007,19164,4091,52
23008,19165,3847,62
23009,19166,3847,4
23010,19166,3882,45
23011,19167,3882,55
23012,19168,3882,65
23013,19169,3953,47
23014,19169,3988,17
23015,19170,3988,59
23016,19171,3988,15
23017,19172,3988,55
23018,19173,3604,21
23019,19173,3639,4
23020,19174,3639,35
23021,19175,3639,16
23022,19176,3639,40
23023,19177,4025,65
23024,19178,4025,101
23025,19179,4025,33
23026,19180,4025,1
23027,19180,4060,76
23028,19181,3816,115
23029,19182,3816,41
23030,19183,3816,2
23031,19183,3851,46
23032,19184,3851,101
23033,19185,3817,33
23034,19185,3852,10
23035,19186,3852,44
23036,19187,3852,44
23037,19188,3852,42
23038,19189,3958,51
23039,19190,3958,31
23040,19191,3958,67
23041,19192,3958,66
23042,19193,3889,73
23043,19194,3889,39
23044,19195,3889,29
23045,19196,3889,59
23046,19196,3924,26
23047,19197,3995,59
23048,19198,3995,70
23049,19199,3995,47
23050,19200,3995,70
23051,19201,3856,55
23052,19201,3891,13
23053,19202,3891,54
23054,19203,3891,74
23055,19204,3891,95
23056,19205,4067,53
23057,19206,4067,33
23058,19206,4102,15
23059,19207,4102,58
23060,19208,4102,49
23061,19209,3823,118
23062,19210,3823,34
23063,19211,3823,78
23064,19212,3823,22
23065,19212,3858,39
23066,19213,3894,56
23067,19213,3929,93
23068,19214,3929,35
23069,19215,3929,38
23070,19216,3929,65
23071,19216,3964,24
23072,19217,3825,58
23073,19218,3825,37
23074,19218,3860,12
23075,19219,3860,26
23076,19220,3860,72
23077,19221,3966,72
23078,19221,4001,37
23079,19222,4001,93
23080,19223,4001,22
23081,19224,4001,58
23082,19225,4037,122
23083,19226,4037,32
23084,19227,4037,55
23085,19228,4037,2
23086,19228,4072,98
23087,19229,4038,141
23088,19230,4038,40
23089,19231,4038,9
23090,19231,4073,48
23091,19232,4073,52
23092,19233,3969,58
23093,19234,3969,43
23094,19235,3969,33
23095,19236,3969,88
23096,19236,4004,20
23097,19237,3935,49
23098,19237,3970,18
23099,19238,3970,29
23100,19239,3970,20
23101,19240,3970,120
23102,19241,3971,104
23103,19242,3971,38
23104,19243,3971,36
23105,19244,3971,49
23106,19245,3902,106
23107,19246,3902,57
23108,19247,3902,24
23109,19247,3937,41
23110,19248,3937,27
23111,19249,3903,98
23112,19250,3903,46
23113,19251,3903,32
23114,19252,3903,27
23115,19252,3938,20
23116,19253,3904,110
23117,19254,3904,97
23118,19255,3904,18
23119,19255,3939,7
23120,19256,3939,51
23121,19257,3975,111
23122,19258,3975,27
23123,19259,3975,13
23124,19260,3975,55
23125,19261,3976,64
23126,19261,4011,63
23127,19262,4011,113
23128,19263,4011,68
23129,19264,4011,51
23130,19264,4046,10
23131,19265,4117,105
23132,19266,4117,39
23133,19267,4117,2
23134,19267,4152,48
23135,19268,4152,80
23136,19269,4048,74
23137,19269,4083,1
23138,19270,4083,51
23139,19271,4083,45
23140,19272,4083,97
23141,19273,3804,3
23142,19273,3839,71
23143,19274,3839,84
23144,19275,3839,37
23145,19276,3839,48
23146,19276,3874,22
23147,19277,3980,65
23148,19278,3980,44
23149,19278,4015,13
23150,19279,4015,48
23151,19280,4015,62
23152,19281,3911,77
23153,19282,3911,24
23154,19282,3946,6
23155,19283,3946,81
23156,19284,3946,50
23157,19285,3842,28
23158,19286,3842,70
23159,19287,3842,42
23160,19288,3842,27
23161,19288,3877,16
23162,19289,3948,117
23163,19289,3983,8
23164,19290,3983,37
23165,19291,3983,49
23166,19292,3983,50
23167,19293,4054,68
23168,19293,4089,30
23169,19294,4089,48
23170,19295,4089,59
23171,19296,4089,50
23172,19297,3915,76
23173,19297,3950,28
23174,19298,3950,37
23175,19299,3950,102
23176,19300,3950,24
23177,19300,3985,88
23178,19301,4091,61
23179,19302,4091,47
23180,19303,4091,36
23181,19304,4091,58
23182,19305,3882,159
23183,19306,3882,55
23184,19307,3882,22
23185,19308,3882,25
23186,19308,3917,47
23187,19309,3988,95
23188,19310,3988,80
23189,19310,4023,10
23190,19311,4023,46
23191,19312,4023,56
23192,19313,3639,55
23193,19314,3639,34
23194,19314,3674,86
23195,19315,3674,40
23196,19316,3674,56
23197,19317,4060,94
23198,19318,4060,14
23199,19318,4095,45
23200,19319,4095,32
23201,19320,4095,38
23202,19321,3851,53
23203,19321,3886,29
23204,19322,3886,87
23205,19323,3886,27
23206,19324,3886,60
23207,19325,3852,64
23208,19326,3852,115
23209,19327,3852,43
23210,19327,3887,38
23211,19328,3887,54
23212,19329,3958,28
23213,19329,3993,57
23214,19330,3993,90
23215,19331,3993,29
23216,19331,4028,20
23217,19332,4028,112
23218,19333,3924,38
23219,19334,3924,48
23220,19335,3924,25
23221,19336,3924,69
23222,19337,3995,28
23223,19337,4030,22
23224,19338,4030,23
23225,19339,4030,32
23226,19340,4030,42
23227,19341,3891,40
23228,19342,3891,41
23229,19342,3926,28
23230,19343,3926,47
23231,19344,3926,81
23232,19345,4102,48
23233,19346,4102,45
23234,19347,4102,42
23235,19348,4102,72
23236,19349,3858,40
23237,19350,3858,52
23238,19351,3858,18
23239,19352,3858,37
23240,19353,3964,54
23241,19354,3964,57
23242,19355,3964,43
23243,19356,3964,43
23244,19357,3860,95
23245,19358,3860,11
23246,19358,3895,53
23247,19359,3895,31
23248,19360,3895,67
23249,19361,4001,15
23250,19361,4036,76
23251,19362,4036,66
23252,19363,4036,32
23253,19364,4036,60
23254,19365,4072,111
23255,19366,4072,34
23256,19367,4072,60
23257,19368,4072,39
23258,19368,4107,35
23259,19369,4073,86
23260,19370,4073,31
23261,19371,4073,37
23262,19372,4073,2
23263,19372,4108,19
23264,19373,4004,64
23265,19374,4004,30
23266,19375,4004,53
23267,19376,4004,68
23268,19377,3970,61
23269,19377,4005,24
23270,19378,4005,92
23271,19379,4005,92
23272,19380,4005,18
23273,19380,4040,51
23274,19381,3971,14
23275,19381,4006,79
23276,19382,4006,38
23277,19383,4006,53
23278,19384,4006,51
23279,19385,3937,110
23280,19386,3937,58
23281,19387,3937,33
23282,19388,3937,31
23283,19389,3938,96
23284,19390,3938,43
23285,19391,3938,29
23286,19392,3938,36
23287,19393,3939,37
23288,19394,3939,58
23289,19395,3939,27
23290,19396,3939,36
23291,19396,3974,32
23292,19397,3975,63
23293,19397,4010,37
23294,19398,4010,43
23295,19399,4010,37
23296,19400,4010,30
23297,19401,4046,91
23298,19402,4046,46
23299,19403,4046,44
23300,19404,4046,48
23301,19405,4152,131
23302,19406,4152,43
23303,19407,4152,14
23304,19407,4187,20
23305,19408,4187,65
23306,19409,4083,118
23307,19410,4083,4
23308,19410,4118,30
23309,19411,4118,21
23310,19412,4118,84
23311,19413,3874,126
23312,19414,3874,25
23313,19415,3874,32
23314,19416,3874,21
23315,19416,3909,63
23316,19417,4015,100
23317,19418,4015,12
23318,19418,4050,56
23319,19419,4050,54
23320,19420,4050,36
23321,19421,3946,102
23322,19422,3946,29
23323,19423,3946,29
23324,19424,3946,39
23325,19425,3877,59
23326,19426,3877,50
23327,19427,3877,49
23328,19428,3877,27
23329,19429,3983,72
23330,19429,4018,11
23331,19430,4018,26
23332,19431,4018,85
23333,19432,4018,86
23334,19433,4089,44
23335,19434,4089,49
23336,19435,4089,11
23337,19435,4124,78
23338,19436,4124,50
23339,19437,3985,61
23340,19438,3985,84
23341,19439,3985,40
23342,19440,3985,12
23343,19440,4020,47
23344,19441,4091,61
23345,19442,4091,21
23346,19442,4126,19
23347,19443,4126,34
23348,19444,4126,74
23349,19445,3917,69
23350,19446,3917,69
23351,19447,3917,17
23352,19448,3917,37
23353,19448,3952,33
23354,19449,4023,63
23355,19450,4023,67
23356,19451,4023,23
23357,19452,4058,96
23358,19453,3674,30
23359,19453,3709,43
23360,19454,3709,52
23361,19455,3709,61
23362,19456,3709,90
23363,19457,4095,59
23364,19458,4095,45
23365,19459,4095,52
23366,19460,4095,19
23367,19460,4130,25
23368,19461,3886,8
23369,19461,3921,29
23370,19462,3921,20
23371,19463,3921,23
23372,19464,3921,40
23373,19465,3887,29
23374,19466,3887,22
23375,19467,3887,30
23376,19468,3887,21
23377,19469,4028,35
23378,19470,4028,24
23379,19471,4028,22
23380,19472,4028,26
23381,19473,3924,59
23382,19473,3959,1
23383,19474,3959,42
23384,19475,3959,35
23385,19476,3959,21
23386,19477,4030,31
23387,19478,4030,16
23388,19479,4030,13
23389,19480,4030,60
23390,19481,3926,48
23391,19482,3926,15
23392,19482,3961,13
23393,19483,3961,33
23394,19484,3961,24
23395,19485,4102,22
23396,19486,4102,31
23397,19487,4102,14
23398,19487,4137,21
23399,19488,4137,34
23400,19489,3858,43
23401,19490,3858,33
23402,19491,3858,15
23403,19491,3893,5
23404,19492,3893,13
23405,19493,3964,41
23406,19494,3964,17
23407,19495,3964,42
23408,19496,3964,26
23409,19497,3895,58
23410,19498,3895,28
23411,19499,3895,22
23412,19499,3930,15
23413,19500,3930,29
23414,19501,4036,41
23415,19502,4036,10
23416,19503,4036,25
23417,19504,4036,35
23418,19504,4071,7
23419,19505,4107,31
23420,19506,4107,4
23421,19507,4107,29
23422,19508,4107,29
23423,19509,4108,43
23424,19510,4108,30
23425,19511,4108,21
23426,19512,4108,29
23427,19513,4004,45
23428,19514,4004,31
23429,19515,4004,28
23430,19516,4004,29
23431,19517,4040,17
23432,19518,4040,24
23433,19519,4040,25
23434,19520,4040,26
23435,19521,4006,35
23436,19521,4041,4
23437,19522,4041,27
23438,19523,4041,20
23439,19524,4041,38
23440,19525,3937,18
23441,19525,3972,1
23442,19526,3972,20
23443,19527,3972,21
23444,19528,3972,22
23445,19529,3938,59
23446,19530,3938,23
23447,19531,3938,9
23448,19531,3973,16
23449,19532,3973,52
23450,19533,3974,45
23451,19534,3974,22
23452,19535,3974,6
23453,19536,3974,49
23454,19537,4010,31
23455,19537,4045,29
23456,19538,4045,33
23457,19539,4045,11
23458,19540,4045,19
23459,19541,4046,20
23460,19542,4046,11
23461,19543,4046,32
23462,19544,4046,22
23463,19544,4081,6
23464,19545,4187,50
23465,19546,4187,23
23466,19547,4187,19
23467,19548,4187,19
23468,19549,4118,42
23469,19550,4118,26
23470,19551,4118,14
23471,19552,4118,23
23472,19553,3909,38
23473,19554,3909,29
23474,19555,3909,11
23475,19556,3909,41
23476,19557,4050,31
23477,19558,4050,19
23478,19559,4050,27
23479,19560,4050,28
23480,19561,3946,8
23481,19561,3981,43
23482,19562,3981,60
23483,19563,3981,32
23484,19564,3981,26
23485,19565,3877,52
23486,19566,3877,25
23487,19567,3877,19
23488,19568,3877,17
23489,19568,3912,6
23490,19569,4018,23
23491,19570,4018,60
23492,19570,4053,1
23493,19571,4053,31
23494,19572,4053,27
23495,19573,4124,44
23496,19574,4124,26
23497,19575,4124,22
23498,19576,4124,50
23499,19577,4020,34
23500,19578,4020,20
23501,19579,4020,14
23502,19580,4020,26
23503,19581,4126,44
23504,19582,4126,22
23505,19583,4126,18
23506,19584,4126,25
23507,19585,3952,35
23508,19586,3952,52
23509,19587,3952,15
23510,19588,3952,34
23511,19589,4058,66
23512,19590,4058,32
23513,19591,4058,35
23514,19592,4058,24
23515,19593,3709,29
23516,19594,3709,8
23517,19595,3709,10
23518,19596,3709,20
23519,19597,4130,36
23520,19598,4130,34
23521,19599,4130,20
23522,19600,4130,52
23523,19601,3921,44
23524,19602,3921,16
23525,19603,3921,37
23526,19604,3921,15
23527,19604,3956,7
23528,19605,3887,29
23529,19606,3887,24
23530,19607,3887,22
23531,19608,3887,32
23532,19608,3922,12
23533,19609,4028,38
23534,19609,4063,2
23535,19610,4063,15
23536,19611,4063,11
23537,19612,4063,41
23538,19613,3959,15
23539,19614,3959,12
23540,19615,3959,40
23541,19616,3959,49
23542,19617,4030,61
23543,19618,4030,13
23544,19619,4030,21
23545,19620,4030,11
23546,19620,4065,31
23547,19621,3961,33
23548,19622,3961,47
23549,19623,3961,21
23550,19624,3961,22
23551,19625,4137,49
23552,19626,4137,21
23553,19627,4137,16
23554,19628,4137,53
23555,19629,3893,56
23556,19630,3893,22
23557,19631,3893,35
23558,19632,3893,33
23559,19633,3964,28
23560,19633,3999,40
23561,19634,3999,21
23562,19635,3999,22
23563,19636,3999,23
23564,19637,3930,24
23565,19638,3930,24
23566,19639,3930,26
23567,19640,3930,20
23568,19641,4071,45
23569,19642,4071,24
23570,19643,4071,16
23571,19644,4071,25
23572,19645,4107,29
23573,19646,4107,16
23574,19647,4107,14
23575,19648,4107,44
23576,19649,4108,32
23577,19650,4108,37
23578,19651,4108,14
23579,19651,4143,3
23580,19652,4143,17
23581,19653,4004,36
23582,19653,4039,8
23583,19654,4039,18
23584,19655,4039,24
23585,19656,4039,33
23586,19657,4040,30
23587,19658,4040,22
23588,19659,4040,30
23589,19660,4040,14
23590,19660,4075,22
23591,19661,4041,28
23592,19662,4041,32
23593,19663,4041,18
23594,19664,4041,26
23595,19665,3972,52
23596,19666,3972,52
23597,19667,3972,14
23598,19668,3972,40
23599,19669,3973,28
23600,19670,3973,20
23601,19671,3973,40
23602,19672,3973,68
23603,19672,4008,6
23604,19673,3974,27
23605,19674,3974,16
23606,19675,3974,50
23607,19676,3974,25
23608,19677,4045,43
23609,19678,4045,20
23610,19679,4045,22
23611,19680,4045,20
23612,19681,4081,64
23613,19682,4081,34
23614,19683,4081,17
23615,19684,4081,66
23616,19685,4187,59
23617,19686,4187,18
23618,19686,4222,15
23619,19687,4222,28
23620,19688,4222,23
23621,19689,4118,56
23622,19690,4118,23
23623,19690,4153,2
23624,19691,4153,24
23625,19692,4153,31
23626,19693,3909,21
23627,19694,3909,21
23628,19695,3909,20
23629,19696,3909,22
23630,19696,3944,27
23631,19697,4050,22
23632,19698,4050,23
23633,19699,4050,32
23634,19700,4050,26
23635,19701,3981,24
23636,19701,4016,34
23637,19702,4016,31
23638,19703,4016,13
23639,19704,4016,22
23640,19705,3912,47
23641,19706,3912,20
23642,19707,3912,21
23643,19708,3912,38
23644,19709,4053,50
23645,19710,4053,25
23646,19711,4053,20
23647,19712,4053,29
23648,19713,4124,13
23649,19713,4159,11
23650,19714,4159,18
23651,19715,4159,20
23652,19716,4159,37
23653,19717,4020,31
23654,19718,4020,30
23655,19719,4020,15
23656,19720,4020,17
23657,19721,4126,64
23658,19722,4126,53
23659,19723,4126,24
23660,19723,4161,3
23661,19724,4161,61
23662,19725,3952,38
23663,19726,3952,32
23664,19727,3952,14
23665,19728,3952,50
23666,19729,4058,43
23667,19730,4058,36
23668,19731,4058,21
23669,19732,4058,38
23670,19733,3709,46
23671,19733,3744,2
23672,19734,3744,39
23673,19735,3744,30
23674,19736,3744,49
23675,19737,4130,52
23676,19738,4130,20
23677,19738,4165,13
23678,19739,4165,13
23679,19740,4165,28
23680,19741,3956,61
23681,19742,3956,36
23682,19743,3956,57
23683,19744,3956,30
23684,19744,3991,7
23685,19745,3922,47
23686,19746,3922,38
23687,19747,3922,27
23688,19748,3922,25
23689,19749,4063,71
23690,19750,4063,40
23691,19751,4063,22
23692,19752,4063,42
23693,19753,3959,44
23694,19753,3994,9
23695,19754,3994,46
23696,19755,3994,56
23697,19756,3994,37
23698,19757,4065,49
23699,19758,4065,35
23700,19759,4065,29
23701,19760,4065,29
23702,19761,3961,69
23703,19762,3961,28
23704,19763,3961,11
23705,19763,3996,22
23706,19764,3996,45
23707,19765,4137,74
23708,19765,4172,4
23709,19766,4172,43
23710,19767,4172,34
23711,19768,4172,39
23712,19769,3893,60
23713,19770,3893,30
23714,19771,3893,6
23715,19771,3928,25
23716,19772,3928,44
23717,19773,3999,66
23718,19774,3999,28
23719,19775,3999,41
23720,19776,3999,11
23721,19776,4034,52
23722,19777,3930,47
23723,19778,3930,14
23724,19778,3965,55
23725,19779,3965,43
23726,19780,3965,34
23727,19781,4071,56
23728,19782,4071,59
23729,19783,4071,48
23730,19784,4071,28
23731,19785,4107,29
23732,19786,4107,62
23733,19787,4107,23
23734,19788,4107,74
23735,19789,4143,73
23736,19790,4143,27
23737,19791,4143,55
23738,19792,4143,82
23739,19792,4178,18
23740,19793,4039,44
23741,19794,4039,38
23742,19795,4039,36
23743,19796,4039,72
23744,19797,4075,80
23745,19798,4075,39
23746,19799,4075,34
23747,19800,4075,55
23748,19801,4041,37
23749,19802,4041,50
23750,19803,4041,26
23751,19804,4041,6
23752,19804,4076,58
23753,19805,3972,49
23754,19806,3972,36
23755,19806,4007,6
23756,19807,4007,28
23757,19808,4007,4
23758,19809,4008,51
23759,19810,4008,33
23760,19811,4008,42
23761,19812,4008,45
23762,19813,3974,85
23763,19814,3974,8
23764,19814,4009,46
23765,19815,4009,12
23766,19816,4009,52
23767,19817,4045,67
23768,19818,4045,28
23769,19819,4045,27
23770,19819,4080,10
23771,19820,4080,55
23772,19821,4081,54
23773,19822,4081,67
23774,19823,4081,20
23775,19824,4081,17
23776,19824,4116,31
23777,19825,4222,31
23778,19826,4222,46
23779,19827,4222,23
23780,19828,4222,88
23781,19829,4153,56
23782,19830,4153,58
23783,19831,4153,41
23784,19832,4153,66
23785,19833,3944,70
23786,19834,3944,41
23787,19835,3944,48
23788,19836,3944,31
23789,19837,4050,1
23790,19837,4085,57
23791,19838,4085,50
23792,19839,4085,42
23793,19840,4085,41
23794,19841,4016,101
23795,19842,4016,66
23796,19842,4051,1
23797,19843,4051,53
23798,19844,4051,99
23799,19845,3912,49
23800,19846,3912,35
23801,19847,3912,16
23802,19847,3947,3
23803,19848,3947,64
23804,19849,4053,49
23805,19849,4088,24
23806,19850,4088,53
23807,19851,4088,27
23808,19852,4088,33
23809,19853,4159,55
23810,19854,4159,29
23811,19855,4159,35
23812,19856,4159,66
23813,19857,4020,37
23814,19857,4055,21
23815,19858,4055,65
23816,19859,4055,57
23817,19860,4055,38
23818,19861,4161,36
23819,19862,4161,12
23820,19863,4161,44
23821,19864,4161,38
23822,19865,3952,20
23823,19865,3987,33
23824,19866,3987,31
23825,19867,3987,50
23826,19868,3987,72
23827,19869,4058,31
23828,19869,4093,67
23829,19870,4093,57
23830,19871,4093,26
23831,19872,4093,48
23832,19873,3744,75
23833,19873,3779,74
23834,19874,3779,82
23835,19875,3779,18
23836,19876,3779,22
23837,19876,3814,14
23838,19877,4165,76
23839,19878,4165,25
23840,19879,4165,15
23841,19880,4165,53
23842,19881,3991,69
23843,19882,3991,48
23844,19883,3991,34
23845,19884,3991,27
23846,19885,3922,92
23847,19886,3922,49
23848,19886,3957,27
23849,19887,3957,27
23850,19888,3957,77
23851,19889,4063,43
23852,19889,4098,27
23853,19890,4098,30
23854,19891,4098,42
23855,19892,4098,50
23856,19893,3994,57
23857,19894,3994,29
23858,19895,3994,25
23859,19896,3994,33
23860,19896,4029,14
23861,19897,4065,43
23862,19898,4065,46
23863,19899,4065,31
23864,19899,4100,53
23865,19900,4100,59
23866,19901,3996,118
23867,19902,3996,90
23868,19903,3996,42
23869,19904,3996,9
23870,19904,4031,27
23871,19905,4172,51
23872,19906,4172,27
23873,19907,4172,56
23874,19908,4172,57
23875,19909,3928,78
23876,19910,3928,37
23877,19911,3928,51
23878,19912,3928,13
23879,19912,3963,61
23880,19913,4034,28
23881,19914,4034,56
23882,19915,4034,57
23883,19916,4034,42
23884,19917,3965,64
23885,19918,3965,19
23886,19919,3965,26
23887,19920,3965,44
23888,19921,4071,1
23889,19921,4106,47
23890,19922,4106,67
23891,19923,4106,32
23892,19924,4106,53
23893,19925,4107,73
23894,19925,4142,48
23895,19926,4142,41
23896,19927,4142,46
23897,19928,4142,48
23898,19929,4178,87
23899,19930,4178,32
23900,19931,4178,50
23901,19931,4213,36
23902,19932,4213,29
23903,19933,4039,12
23904,19933,4074,34
23905,19934,4074,22
23906,19935,4074,26
23907,19936,4074,38
23908,19937,4075,70
23909,19938,4075,37
23910,19938,4110,41
23911,19939,4110,60
23912,19940,4110,46
23913,19941,4076,53
23914,19942,4076,95
23915,19943,4076,47
23916,19944,4076,42
23917,19945,4007,119
23918,19946,4007,84
23919,19947,4007,24
23920,19948,4007,23
23921,19948,4042,22
23922,19949,4008,36
23923,19949,4043,26
23924,19950,4043,63
23925,19951,4043,41
23926,19952,4043,54
23927,19953,4009,49
23928,19954,4009,42
23929,19955,4009,25
23930,19955,4044,10
23931,19956,4044,35
23932,19957,4080,49
23933,19958,4080,60
23934,19959,4080,49
23935,19960,4080,35
23936,19960,4115,2
23937,19961,4116,64
23938,19962,4116,48
23939,19963,4116,71
23940,19964,4116,114
23941,19964,4151,24
23942,19965,4222,89
23943,19966,4222,54
23944,19967,4222,3
23945,19967,4257,50
23946,19968,4257,78
23947,19969,4153,38
23948,19969,4188,23
23949,19970,4188,42
23950,19971,4188,44
23951,19972,4188,73
23952,19973,3944,71
23953,19974,3944,30
23954,19975,3944,39
23955,19976,3944,12
23956,19976,3979,48
23957,19977,4085,45
23958,19978,4085,29
23959,19979,4085,32
23960,19979,4120,7
23961,19980,4120,52
23962,19981,4051,84
23963,19982,4051,31
23964,19982,4086,47
23965,19983,4086,38
23966,19984,4086,37
23967,19985,3947,109
23968,19986,3947,40
23969,19987,3982,28
23970,19988,3982,99
23971,19989,4088,116
23972,19990,4088,95
23973,19991,4088,25
23974,19991,4123,40
23975,19992,4123,88
23976,19993,4159,37
23977,19993,4194,57
23978,19994,4194,85
23979,19995,4194,45
23980,19996,4194,52
23981,19997,4055,78
23982,19998,4055,37
23983,19999,4055,24
23984,19999,4090,43
23985,20000,4090,63
23986,20001,4161,42
23987,20002,4196,44
23988,20003,4196,55
23989,20004,4196,45
23990,20005,3987,96
23991,20006,4022,26
23992,20007,4022,37
23993,20008,4022,67
23994,20009,4093,75
23995,20010,4093,36
23996,20011,4093,2
23997,20011,4128,52
23998,20012,4128,61
23999,20013,3814,49
24000,20014,3814,70
24001,20015,3814,42
24002,20016,3814,63
24003,20016,3849,91
24004,20017,4165,108
24005,20018,4165,13
24006,20018,4200,102
24007,20019,4200,33
24008,20020,4200,63
24009,20021,3991,99
24010,20021,4026,4
24011,20022,4026,60
24012,20023,4026,86
24013,20024,4026,89
24014,20025,3957,69
24015,20026,3957,114
24016,20026,3992,28
24017,20027,3992,34
24018,20028,3992,74
24019,20029,4098,33
24020,20030,4098,96
24021,20031,4098,38
24022,20031,4133,26
24023,20032,4133,80
24024,20033,4029,66
24025,20034,4029,97
24026,20035,4029,89
24027,20036,4029,72
24028,20036,4064,31
24029,20037,4100,103
24030,20038,4100,43
24031,20038,4135,17
24032,20039,4135,46
24033,20040,4135,52
24034,20041,4031,71
24035,20042,4031,126
24036,20043,4031,37
24037,20043,4066,14
24038,20044,4066,46
24039,20045,4172,27
24040,20045,4207,21
24041,20046,4207,102
24042,20047,4207,50
24043,20048,4207,60
24044,20049,3963,83
24045,20050,3963,37
24046,20051,3963,80
24047,20052,3963,8
24048,20052,3998,66
24049,20053,4034,46
24050,20054,4034,42
24051,20054,4069,7
24052,20055,4069,39
24053,20056,4069,55
24054,20057,3965,43
24055,20057,4000,27
24056,20058,4000,58
24057,20059,4000,56
24058,20060,4000,58
24059,20061,4106,105
24060,20062,4106,31
24061,20062,4141,15
24062,20063,4141,59
24063,20064,4141,94
24064,20065,4142,61
24065,20066,4142,79
24066,20067,4142,28
24067,20067,4177,19
24068,20068,4177,56
24069,20069,4213,79
24070,20070,4213,63
24071,20071,4213,81
24072,20072,4213,55
24073,20073,4074,99
24074,20074,4074,56
24075,20075,4074,38
24076,20076,4074,7
24077,20076,4109,112
24078,20077,4110,69
24079,20078,4110,67
24080,20079,4110,30
24081,20080,4110,13
24082,20080,4145,17
24083,20081,4076,105
24084,20082,4076,71
24085,20083,4076,5
24086,20083,4111,38
24087,20084,4111,79
24088,20085,4042,103
24089,20086,4042,52
24090,20087,4042,83
24091,20088,4042,64
24092,20089,4043,62
24093,20090,4043,33
24094,20091,4043,49
24095,20091,4078,12
24096,20092,4078,125
24097,20093,4044,70
24098,20094,4044,34
24099,20095,4044,36
24100,20096,4044,160
24101,20096,4079,3
24102,20097,4115,86
24103,20098,4115,47
24104,20099,4115,48
24105,20100,4115,83
24106,20101,4151,54
24107,20102,4151,26
24108,20103,4151,68
24109,20104,4151,111
24110,20105,4257,74
24111,20106,4257,47
24112,20107,4257,65
24113,20108,4257,14
24114,20108,4292,40
24115,20109,4188,89
24116,20110,4188,50
24117,20110,4223,23
24118,20111,4223,32
24119,20112,4223,99
24120,20113,3979,103
24121,20114,3979,74
24122,20115,3979,33
24123,20116,3979,92
24124,20117,4120,97
24125,20118,4120,50
24126,20119,4120,34
24127,20120,4120,70
24128,20120,4155,4
24129,20121,4086,49
24130,20122,4086,93
24131,20123,4086,13
24132,20123,4121,22
24133,20124,4121,79
24134,20125,3982,54
24135,20126,3982,17
24136,20126,4017,16
24137,20127,4017,30
24138,20128,4017,89
24139,20129,4123,85
24140,20130,4123,31
24141,20130,4158,7
24142,20131,4158,26
24143,20132,4158,53
24144,20133,4194,60
24145,20133,4229,54
24146,20134,4229,112
24147,20135,4229,29
24148,20136,4229,124
24149,20137,4090,89
24150,20138,4090,57
24151,20139,4090,42
24152,20140,4090,38
24153,20141,4196,119
24154,20142,4196,59
24155,20143,4196,34
24156,20143,4231,7
24157,20144,4231,116
24158,20145,4022,80
24159,20146,4022,2
24160,20146,4057,36
24161,20147,4057,45
24162,20148,4057,61
24163,20149,4128,113
24164,20150,4128,30
24165,20150,4163,32
24166,20151,4163,54
24167,20152,4163,41
24168,20153,3849,124
24169,20153,3884,57
24170,20154,3884,50
24171,20155,3884,37
24172,20156,3884,103
24173,20157,4200,14
24174,20157,4235,83
24175,20158,4235,30
24176,20159,4235,47
24177,20160,4235,59
24178,20161,4026,11
24179,20161,4061,112
24180,20162,4061,61
24181,20163,4061,46
24182,20164,4061,56
24183,20164,4096,152
24184,20165,3992,87
24185,20165,4027,33
24186,20166,4027,49
24187,20167,4027,48
24188,20168,4027,86
24189,20169,4133,126
24190,20170,4133,33
24191,20170,4168,33
24192,20171,4168,82
24193,20172,4168,178
24194,20172,4203,15
24195,20173,4064,186
24196,20174,4064,81
24197,20174,4099,2
24198,20175,4099,68
24199,20176,4099,131
24200,20177,4135,175
24201,20177,4170,11
24202,20178,4170,79
24203,20179,4170,89
24204,20180,4170,132
24205,20180,4205,2
24206,20181,4066,128
24207,20182,4066,64
24208,20183,4066,53
24209,20183,4101,9
24210,20184,4101,64
24211,20185,4207,73
24212,20185,4242,25
24213,20186,4242,125
24214,20187,4242,79
24215,20188,4242,102
24216,20189,3998,143
24217,20190,3998,41
24218,20191,3998,117
24219,20192,3998,37
24220,20192,4033,18
24221,20193,4069,83
24222,20193,4104,63
24223,20194,4104,21
24224,20195,4104,60
24225,20196,4104,57
24226,20196,4139,57
24227,20197,4000,46
24228,20197,4035,67
24229,20198,4035,163
24230,20199,4035,61
24231,20200,4035,30
24232,20200,4070,111
24233,20201,4141,142
24234,20202,4141,18
24235,20202,4176,33
24236,20203,4176,21
24237,20204,4176,77
24238,20205,4177,50
24239,20206,4177,101
24240,20207,4177,57
24241,20207,4212,54
24242,20208,4212,123
24243,20209,4213,97
24244,20210,4213,48
24245,20210,4248,14
24246,20211,4248,94
24247,20212,4248,134
24248,20213,4109,159
24249,20214,4109,84
24250,20214,4144,7
24251,20215,4144,76
24252,20216,4144,119
24253,20216,4179,61
24254,20217,4145,94
24255,20218,4145,62
24256,20219,4145,25
24257,20220,4145,124
24258,20221,4111,110
24259,20222,4111,91
24260,20223,4111,17
24261,20223,4146,41
24262,20224,4146,48
24263,20225,4042,3
24264,20225,4077,83
24265,20226,4077,129
24266,20227,4077,9
24267,20227,4112,116
24268,20228,4112,143
24269,20229,4078,113
24270,20230,4078,47
24271,20231,4078,2
24272,20231,4113,32
24273,20232,4113,168
24274,20233,4079,83
24275,20234,4079,104
24276,20235,4079,61
24277,20235,4114,11
24278,20236,4114,77
24279,20237,4115,38
24280,20237,4150,64
24281,20238,4150,71
24282,20239,4150,59
24283,20240,4150,50
24284,20240,4185,3
24285,20241,4151,1
24286,20241,4186,163
24287,20242,4186,33
24288,20242,4221,62
24289,20243,4221,75
24290,20244,4221,151
24291,20244,4256,38
24292,20245,4292,74
24293,20246,4292,57
24294,20247,4292,62
24295,20248,4292,104
24296,20249,4223,74
24297,20249,4258,7
24298,20250,4258,152
24299,20251,4258,89
24300,20252,4258,24
24301,20252,4293,111
24302,20253,3979,65
24303,20254,3979,29
24304,20254,4014,67
24305,20255,4014,53
24306,20256,4014,97
24307,20256,4049,65
24308,20257,4155,108
24309,20258,4155,115
24310,20259,4155,67
24311,20259,4190,26
24312,20260,4190,90
24313,20261,4121,129
24314,20262,4121,66
24315,20263,4121,2
24316,20263,4156,39
24317,20264,4156,179
24318,20265,4017,59
24319,20265,4052,81
24320,20266,4052,103
24321,20267,4052,86
24322,20268,4052,24
24323,20268,4087,31
24324,20269,4158,102
24325,20270,4158,92
24326,20270,4193,31
24327,20271,4193,110
24328,20272,4193,61
24329,20273,4229,83
24330,20273,4264,10
24331,20274,4264,69
24332,20275,4264,53
24333,20276,4264,90
24334,20277,4090,68
24335,20277,4125,34
24336,20278,4125,94
24337,20279,4125,118
24338,20280,4125,94
24339,20281,4231,73
24340,20282,4231,89
24341,20283,4231,93
24342,20284,4231,16
24343,20284,4266,84
24344,20285,4057,179
24345,20286,4057,56
24346,20287,4057,63
24347,20288,4057,10
24348,20288,4092,73
24349,20289,4163,135
24350,20289,4198,55
24351,20290,4198,76
24352,20291,4198,43
24353,20292,4198,116
24354,20293,3919,80
24355,20294,3919,81
24356,20295,3919,66
24357,20296,3919,24
24358,20296,3954,80
24359,20297,4235,178
24360,20298,4235,84
24361,20298,4270,16
24362,20299,4270,19
24363,20300,4270,160
24364,20301,4096,91
24365,20302,4096,48
24366,20302,4131,21
24367,20303,4131,18
24368,20304,4131,114
24369,20305,4027,117
24370,20306,4027,28
24371,20306,4062,63
24372,20307,4062,98
24373,20308,4062,49
24374,20309,4203,131
24375,20310,4203,88
24376,20311,4203,84
24377,20312,4203,7
24378,20312,4238,86
24379,20313,4099,97
24380,20314,4099,8
24381,20314,4134,128
24382,20315,4134,47
24383,20316,4134,112
24384,20317,4205,85
24385,20318,4205,90
24386,20319,4205,64
24387,20320,4205,69
24388,20320,4240,11
24389,20321,4101,124
24390,20321,4136,41
24391,20322,4136,102
24392,20323,4136,64
24393,20324,4136,92
24394,20325,4242,33
24395,20325,4277,56
24396,20326,4277,40
24397,20327,4277,41
24398,20328,4277,54
24399,20329,4033,130
24400,20330,4033,136
24401,20330,4068,3
24402,20331,4068,101
24403,20332,4068,82
24404,20333,4139,163
24405,20334,4139,68
24406,20335,4139,8
24407,20335,4174,56
24408,20336,4174,103
24409,20337,4070,136
24410,20337,4105,44
24411,20338,4105,72
24412,20339,4105,38
24413,20340,4105,56
24414,20340,4140,46
24415,20341,4176,103
24416,20342,4176,116
24417,20342,4211,5
24418,20343,4211,120
24419,20344,4211,105
24420,20345,4212,110
24421,20346,4212,72
24422,20347,4212,63
24423,20347,4247,16
24424,20348,4247,44
24425,20349,4248,131
24426,20350,4248,80
24427,20350,4283,5
24428,20351,4283,28
24429,20352,4283,105
24430,20353,4179,126
24431,20354,4179,82
24432,20354,4214,48
24433,20355,4214,53
24434,20356,4214,56
24435,20357,4145,34
24436,20357,4180,57
24437,20358,4180,71
24438,20359,4180,40
24439,20360,4180,57
24440,20360,4215,25
24441,20361,4146,107
24442,20362,4146,139
24443,20363,4146,54
24444,20363,4181,7
24445,20364,4181,122
24446,20365,4112,11
24447,20365,4147,62
24448,20366,4147,53
24449,20367,4147,33
24450,20368,4147,114
24451,20368,4182,43
24452,20369,4113,4
24453,20369,4148,81
24454,20370,4148,71
24455,20371,4148,92
24456,20372,4148,61
24457,20373,4114,56
24458,20374,4114,67
24459,20375,4114,86
24460,20376,4114,32
24461,20376,4149,82
24462,20377,4185,107
24463,20378,4185,55
24464,20379,4185,74
24465,20380,4185,86
24466,20381,4256,117
24467,20382,4256,127
24468,20383,4256,70
24469,20383,4291,18
24470,20384,4291,73
24471,20385,4292,47
24472,20385,4327,55
24473,20386,4327,92
24474,20387,4327,78
24475,20388,4327,71
24476,20389,4293,76
24477,20390,4293,70
24478,20391,4293,58
24479,20392,4293,61
24480,20393,4049,110
24481,20394,4049,78
24482,20395,4049,62
24483,20396,4049,94
24484,20397,4190,113
24485,20398,4190,9
24486,20398,4225,32
24487,20399,4225,82
24488,20400,4225,115
24489,20401,4156,124
24490,20402,4156,17
24491,20402,4191,71
24492,20403,4191,54
24493,20404,4191,107
24494,20405,4087,82
24495,20406,4087,64
24496,20407,4087,82
24497,20408,4087,10
24498,20408,4122,25
24499,20409,4193,54
24500,20410,4193,28
24501,20411,4228,51
24502,20412,4228,104
24503,20413,4264,102
24504,20413,4299,61
24505,20414,4299,37
24506,20415,4299,112
24507,20416,4299,153
24508,20416,4334,9
24509,20417,4125,27
24510,20417,4160,59
24511,20418,4160,68
24512,20419,4160,68
24513,20420,4160,129
24514,20421,4266,139
24515,20422,4266,54
24516,20423,4266,50
24517,20424,4266,116
24518,20425,4092,76
24519,20426,4092,95
24520,20427,4092,73
24521,20428,4092,64
24522,20428,4127,12
24523,20429,4198,33
24524,20429,4233,66
24525,20430,4233,83
24526,20431,4233,103
24527,20432,4233,80
24528,20433,3954,47
24529,20434,3954,78
24530,20435,3954,62
24531,20436,3954,4
24532,20436,3989,92
24533,20437,4270,153
24534,20438,4270,98
24535,20439,4270,29
24536,20440,4270,29
24537,20440,4305,59
24538,20441,4131,39
24539,20442,4131,41
24540,20443,4131,33
24541,20444,4131,37
24542,20445,4062,35
24543,20446,4062,20
24544,20447,4062,14
24545,20447,4097,5
24546,20448,4097,42
24547,20449,4238,49
24548,20450,4238,28
24549,20451,4238,51
24550,20452,4238,58
24551,20453,4134,55
24552,20454,4134,21
24553,20454,4169,33
24554,20455,4169,24
24555,20456,4169,82
24556,20457,4240,41
24557,20458,4240,31
24558,20459,4240,18
24559,20460,4240,21
24560,20461,4136,35
24561,20462,4136,32
24562,20463,4136,18
24563,20463,4171,12
24564,20464,4171,61
24565,20465,4277,74
24566,20466,4277,30
24567,20467,4277,17
24568,20468,4277,75
24569,20469,4068,42
24570,20470,4068,21
24571,20471,4068,23
24572,20472,4068,37
24573,20472,4103,8
24574,20473,4174,51
24575,20474,4174,55
24576,20475,4174,26
24577,20476,4174,71
24578,20477,4140,71
24579,20478,4140,65
24580,20479,4140,31
24581,20480,4140,63
24582,20481,4211,43
24583,20481,4246,18
24584,20482,4246,40
24585,20483,4246,87
24586,20484,4246,53
24587,20485,4247,45
24588,20486,4247,41
24589,20487,4247,63
24590,20488,4247,40
24591,20489,4283,63
24592,20490,4283,38
24593,20491,4283,23
24594,20492,4283,59
24595,20493,4214,36
24596,20494,4214,23
24597,20495,4214,18
24598,20496,4214,65
24599,20497,4215,44
24600,20498,4215,41
24601,20499,4215,51
24602,20500,4215,61
24603,20501,4181,50
24604,20502,4181,23
24605,20503,4181,28
24606,20504,4181,34
24607,20505,4182,41
24608,20506,4182,33
24609,20507,4182,39
24610,20508,4182,100
24611,20509,4148,39
24612,20510,4148,21
24613,20510,4183,24
24614,20511,4183,17
24615,20512,4183,48
24616,20513,4149,65
24617,20514,4149,49
24618,20515,4149,15
24619,20515,4184,9
24620,20516,4184,40
24621,20517,4185,68
24622,20518,4185,15
24623,20518,4220,26
24624,20519,4220,36
24625,20520,4220,46
24626,20521,4291,52
24627,20522,4291,37
24628,20523,4291,50
24629,20524,4291,46
24630,20525,4327,63
24631,20526,4327,40
24632,20527,4327,3
24633,20527,4362,28
24634,20528,4362,44
24635,20529,4293,39
24636,20530,4293,24
24637,20531,4293,27
24638,20531,4328,2
24639,20532,4328,42
24640,20533,4049,9
24641,20533,4084,45
24642,20534,4084,30
24643,20535,4084,21
24644,20536,4084,67
24645,20537,4225,41
24646,20538,4225,35
24647,20539,4225,50
24648,20540,4225,23
24649,20540,4260,48
24650,20541,4191,13
24651,20541,4226,87
24652,20542,4226,29
24653,20543,4226,35
24654,20544,4226,59
24655,20545,4122,55
24656,20546,4122,52
24657,20547,4122,55
24658,20548,4122,32
24659,20549,4228,58
24660,20550,4228,52
24661,20550,4263,32
24662,20551,4263,44
24663,20552,4263,32
24664,20553,4334,43
24665,20554,4334,64
24666,20555,4334,17
24667,20556,4334,86
24668,20557,4160,12
24669,20557,4195,21
24670,20558,4195,29
24671,20559,4195,23
24672,20560,4195,58
24673,20561,4266,8
24674,20561,4301,93
24675,20562,4301,58
24676,20563,4301,54
24677,20564,4301,13
24678,20565,4127,62
24679,20566,4127,41
24680,20567,4127,30
24681,20568,4127,17
24682,20569,4233,60
24683,20569,4268,18
24684,20570,4268,48
24685,20571,4268,32
24686,20572,4268,59
24687,20573,3989,64
24688,20574,3989,66
24689,20575,3989,38
24690,20575,4024,11
24691,20576,4024,50
24692,20577,4305,44
24693,20578,4305,27
24694,20579,4305,25
24695,20580,4305,30
24696,20581,4131,42
24697,20581,4166,8
24698,20582,4166,42
24699,20583,4166,58
24700,20584,4166,50
24701,20585,4097,81
24702,20586,4097,38
24703,20587,4097,28
24704,20588,4097,31
24705,20589,4238,29
24706,20589,4273,36
24707,20590,4273,86
24708,20591,4273,31
24709,20592,4273,54
24710,20593,4169,48
24711,20594,4169,64
24712,20595,4169,21
24713,20595,4204,13
24714,20596,4204,14
24715,20597,4240,73
24716,20598,4240,36
24717,20599,4240,16
24718,20600,4240,29
24719,20601,4171,61
24720,20602,4171,43
24721,20603,4171,32
24722,20604,4171,55
24723,20605,4277,54
24724,20605,4312,10
24725,20606,4312,25
24726,20607,4312,22
24727,20608,4312,34
24728,20609,4103,44
24729,20610,4103,39
24730,20611,4103,19
24731,20612,4103,62
24732,20613,4174,12
24733,20613,4209,52
24734,20614,4209,35
24735,20615,4209,41
24736,20616,4209,80
24737,20617,4140,11
24738,20617,4175,48
24739,20618,4175,53
24740,20619,4175,35
24741,20620,4175,49
24742,20621,4246,55
24743,20621,4281,21
24744,20622,4281,73
24745,20623,4281,68
24746,20624,4281,21
24747,20625,4247,52
24748,20626,4247,32
24749,20626,4282,40
24750,20627,4282,65
24751,20628,4282,30
24752,20629,4283,58
24753,20630,4283,54
24754,20631,4283,16
24755,20631,4318,40
24756,20632,4318,56
24757,20633,4214,1
24758,20633,4249,56
24759,20634,4249,61
24760,20635,4249,27
24761,20636,4249,32
24762,20637,4215,26
24763,20638,4215,41
24764,20639,4215,18
24765,20640,4215,26
24766,20641,4181,71
24767,20641,4216,22
24768,20642,4216,27
24769,20643,4216,29
24770,20644,4216,67
24771,20645,4182,28
24772,20645,4217,26
24773,20646,4217,29
24774,20647,4217,55
24775,20648,4217,32
24776,20649,4183,78
24777,20650,4183,50
24778,20651,4183,25
24779,20651,4218,21
24780,20652,4218,57
24781,20653,4184,40
24782,20654,4184,44
24783,20655,4184,15
24784,20656,4184,28
24785,20657,4220,51
24786,20658,4220,69
24787,20659,4220,27
24788,20660,4220,30
24789,20661,4291,77
24790,20662,4291,41
24791,20663,4291,16
24792,20663,4326,27
24793,20664,4326,31
24794,20665,4362,58
24795,20666,4362,40
24796,20667,4362,46
24797,20668,4362,41
24798,20669,4328,38
24799,20670,4328,48
24800,20671,4328,19
24801,20672,4328,35
24802,20673,4084,40
24803,20674,4084,28
24804,20675,4084,21
24805,20676,4084,85
24806,20677,4260,36
24807,20678,4260,39
24808,20679,4260,28
24809,20680,4260,21
24810,20681,4226,45
24811,20682,4226,37
24812,20683,4226,54
24813,20684,4226,55
24814,20685,4122,36
24815,20686,4157,47
24816,20687,4157,39
24817,20688,4157,68
24818,20689,4263,60
24819,20690,4263,83
24820,20691,4263,19
24821,20692,4263,36
24822,20693,4334,48
24823,20694,4334,40
24824,20695,4334,35
24825,20696,4334,42
24826,20697,4195,40
24827,20698,4195,41
24828,20699,4195,49
24829,20700,4195,30
24830,20701,4301,28
24831,20702,4301,52
24832,20703,4301,22
24833,20704,4301,17
24834,20705,4127,59
24835,20706,4127,2
24836,20706,4162,72
24837,20707,4162,41
24838,20708,4162,40
24839,20709,4268,45
24840,20710,4268,40
24841,20711,4268,20
24842,20712,4268,25
24843,20713,4024,40
24844,20714,4024,28
24845,20715,4024,29
24846,20716,4024,47
24847,20717,4305,61
24848,20718,4305,69
24849,20719,4305,34
24850,20720,4305,35
24851,20720,4340,24
24852,20721,4166,81
24853,20722,4201,31
24854,20723,4201,42
24855,20724,4201,84
24856,20725,4097,75
24857,20725,4132,13
24858,20726,4132,88
24859,20727,4132,32
24860,20728,4132,61
24861,20729,4273,34
24862,20730,4273,60
24863,20731,4273,23
24864,20731,4308,33
24865,20732,4308,27
24866,20733,4204,41
24867,20734,4204,20
24868,20735,4204,42
24869,20736,4204,64
24870,20737,4240,29
24871,20738,4240,54
24872,20738,4275,16
24873,20739,4275,32
24874,20740,4275,57
24875,20741,4171,107
24876,20741,4206,6
24877,20742,4206,35
24878,20743,4206,24
24879,20744,4206,33
24880,20745,4312,66
24881,20746,4312,32
24882,20747,4312,25
24883,20748,4312,63
24884,20749,4103,61
24885,20750,4103,38
24886,20750,4138,24
24887,20751,4138,60
24888,20752,4138,40
24889,20753,4209,95
24890,20754,4209,52
24891,20755,4209,45
24892,20756,4209,88
24893,20757,4175,81
24894,20758,4175,54
24895,20759,4175,18
24896,20759,4210,27
24897,20760,4210,51
24898,20761,4281,38
24899,20762,4281,80
24900,20763,4281,28
24901,20763,4316,29
24902,20764,4316,63
24903,20765,4282,54
24904,20766,4282,62
24905,20767,4282,29
24906,20767,4317,16
24907,20768,4317,85
24908,20769,4318,74
24909,20770,4318,26
24910,20771,4318,30
24911,20772,4318,57
24912,20773,4249,72
24913,20774,4249,36
24914,20775,4249,59
24915,20775,4284,11
24916,20776,4284,81
24917,20777,4215,54
24918,20778,4215,46
24919,20779,4215,40
24920,20779,4250,24
24921,20780,4250,90
24922,20781,4216,63
24923,20782,4216,28
24924,20783,4216,23
24925,20784,4216,41
24926,20784,4251,34
24927,20785,4217,99
24928,20786,4217,32
24929,20787,4217,19
24930,20787,4252,16
24931,20788,4252,39
24932,20789,4218,52
24933,20790,4218,58
24934,20791,4218,22
24935,20792,4218,47
24936,20793,4184,69
24937,20794,4184,54
24938,20795,4184,2
24939,20795,4219,49
24940,20796,4219,44
24941,20797,4220,91
24942,20798,4220,18
24943,20799,4220,28
24944,20800,4220,63
24945,20801,4326,130
24946,20802,4326,74
24947,20803,4326,61
24948,20804,4326,25
24949,20805,4362,57
24950,20806,4362,5
24951,20806,4397,30
24952,20807,4397,51
24953,20808,4397,96
24954,20809,4328,43
24955,20810,4328,24
24956,20811,4328,45
24957,20812,4328,45
24958,20813,4084,33
24959,20814,4084,32
24960,20814,4119,8
24961,20815,4119,27
24962,20816,4119,55
24963,20817,4260,62
24964,20818,4260,38
24965,20818,4295,13
24966,20819,4295,49
24967,20820,4295,54
24968,20821,4226,37
24969,20821,4261,28
24970,20822,4261,44
24971,20823,4261,58
24972,20824,4261,45
24973,20825,4157,89
24974,20826,4157,33
24975,20827,4157,45
24976,20828,4157,34
24977,20828,4192,31
24978,20829,4263,64
24979,20829,4298,24
24980,20830,4298,40
24981,20831,4298,15
24982,20832,4298,49
24983,20833,4334,55
24984,20834,4334,33
24985,20834,4369,3
24986,20835,4369,26
24987,20836,4369,60
24988,20837,4195,95
24989,20838,4195,11
24990,20838,4230,51
24991,20839,4230,31
24992,20840,4230,47
24993,20841,4301,80
24994,20842,4301,24
24995,20842,4336,25
24996,20843,4336,39
24997,20844,4336,63
24998,20845,4162,61
24999,20846,4162,54
25000,20846,4197,4
25001,20847,4197,75
25002,20848,4197,43
25003,20849,4268,110
25004,20850,4268,49
25005,20850,4303,8
25006,20851,4303,47
25007,20852,4303,55
25008,20853,4024,44
25009,20854,4024,60
25010,20855,4024,24
25011,20856,4024,38
25012,20857,4340,65
25013,20858,4340,52
25014,20859,4340,44
25015,20860,4340,36
25016,20861,4201,127
25017,20862,4201,28
25018,20863,4201,22
25019,20864,4201,69
25020,20865,4132,36
25021,20866,4132,14
25022,20866,4167,35
25023,20867,4167,56
25024,20868,4167,58
25025,20869,4308,76
25026,20870,4308,47
25027,20871,4308,70
25028,20872,4308,64
25029,20873,4204,70
25030,20874,4204,29
25031,20875,4204,87
25032,20876,4204,81
25033,20877,4275,93
25034,20878,4275,62
25035,20879,4275,29
25036,20880,4275,6
25037,20880,4310,44
25038,20881,4206,80
25039,20882,4206,52
25040,20883,4206,48
25041,20884,4206,54
25042,20885,4312,50
25043,20886,4312,43
25044,20887,4312,30
25045,20888,4312,35
25046,20888,4347,41
25047,20889,4138,42
25048,20890,4138,42
25049,20891,4138,23
25050,20892,4138,34
25051,20893,4209,2
25052,20893,4244,76
25053,20894,4244,30
25054,20895,4244,35
25055,20896,4244,55
25056,20897,4210,100
25057,20898,4210,64
25058,20899,4210,42
25059,20900,4210,21
25060,20900,4245,53
25061,20901,4316,76
25062,20902,4316,47
25063,20903,4316,21
25064,20904,4316,45
25065,20905,4317,78
25066,20906,4317,50
25067,20907,4317,17
25068,20908,4317,38
25069,20909,4318,44
25070,20909,4353,35
25071,20910,4353,43
25072,20911,4353,50
25073,20912,4353,79
25074,20913,4284,60
25075,20914,4284,53
25076,20915,4284,32
25077,20916,4284,66
25078,20917,4250,86
25079,20918,4250,75
25080,20919,4250,79
25081,20920,4250,6
25082,20920,4285,65
25083,20921,4251,43
25084,20922,4251,63
25085,20923,4251,32
25086,20924,4251,79
25087,20925,4252,91
25088,20926,4252,39
25089,20927,4252,27
25090,20928,4252,90
25091,20929,4218,65
25092,20929,4253,17
25093,20930,4253,59
25094,20931,4253,38
25095,20932,4253,29
25096,20933,4219,67
25097,20934,4219,21
25098,20935,4219,24
25099,20936,4219,36
25100,20937,4220,41
25101,20938,4220,2
25102,20938,4255,32
25103,20939,4255,64
25104,20940,4255,41
25105,20941,4326,59
25106,20941,4361,50
25107,20942,4361,60
25108,20943,4361,65
25109,20944,4361,68
25110,20945,4397,24
25111,20945,4432,35
25112,20946,4432,64
25113,20947,4432,37
25114,20948,4432,90
25115,20949,4328,11
25116,20949,4363,87
25117,20950,4363,84
25118,20951,4363,40
25119,20952,4363,70
25120,20953,4119,88
25121,20954,4119,73
25122,20955,4119,38
25123,20956,4119,25
25124,20956,4154,67
25125,20957,4295,48
25126,20958,4295,60
25127,20959,4295,51
25128,20960,4295,24
25129,20961,4261,83
25130,20962,4261,21
25131,20963,4261,50
25132,20964,4261,44
25133,20965,4192,82
25134,20966,4192,55
25135,20967,4192,26
25136,20968,4192,105
25137,20968,4227,16
25138,20969,4298,113
25139,20970,4298,53
25140,20971,4298,40
25141,20972,4298,10
25142,20972,4333,102
25143,20973,4369,131
25144,20974,4369,71
25145,20975,4369,3
25146,20975,4404,23
25147,20976,4404,94
25148,20977,4230,99
25149,20978,4230,4
25150,20978,4265,38
25151,20979,4265,49
25152,20980,4265,58
25153,20981,4336,54
25154,20982,4336,44
25155,20983,4336,27
25156,20984,4336,55
25157,20985,4197,148
25158,20986,4197,52
25159,20987,4197,22
25160,20988,4197,45
25161,20988,4232,39
25162,20989,4303,56
25163,20990,4303,45
25164,20991,4303,46
25165,20992,4303,43
25166,20993,4024,3
25167,20993,4059,37
25168,20994,4059,20
25169,20995,4059,80
25170,20996,4059,88
25171,20997,4340,94
25172,20998,4340,85
25173,20999,4340,42
25174,21000,4340,45
25175,21000,4375,26
25176,21001,4201,115
25177,21002,4201,43
25178,21002,4236,20
25179,21003,4236,46
25180,21004,4236,77
25181,21005,4167,145
25182,21006,4167,68
25183,21006,4202,57
25184,21007,4202,54
25185,21008,4202,38
25186,21009,4308,109
25187,21010,4308,22
25188,21010,4343,18
25189,21011,4343,51
25190,21012,4343,94
25191,21013,4204,22
25192,21013,4239,28
25193,21014,4239,61
25194,21015,4239,65
25195,21016,4239,146
25196,21017,4310,43
25197,21018,4310,62
25198,21019,4310,67
25199,21020,4310,53
25200,21021,4206,105
25201,21021,4241,4
25202,21022,4241,39
25203,21023,4241,57
25204,21024,4241,133
25205,21025,4347,72
25206,21026,4347,36
25207,21027,4347,82
25208,21028,4347,141
25209,21029,4138,48
25210,21029,4173,109
25211,21030,4173,53
25212,21031,4173,60
25213,21032,4173,62
25214,21032,4208,5
25215,21033,4244,42
25216,21034,4244,64
25217,21034,4279,2
25218,21035,4279,65
25219,21036,4279,26
25220,21037,4245,65
25221,21038,4245,65
25222,21039,4245,45
25223,21040,4245,80
25224,21041,4316,92
25225,21041,4351,29
25226,21042,4351,36
25227,21043,4351,27
25228,21044,4351,47
25229,21045,4317,85
25230,21046,4317,33
25231,21046,4352,78
25232,21047,4352,57
25233,21048,4352,39
25234,21049,4353,46
25235,21050,4353,100
25236,21051,4353,13
25237,21051,4388,26
25238,21052,4388,55
25239,21053,4284,14
25240,21053,4319,89
25241,21054,4319,91
25242,21055,4319,41
25243,21056,4319,58
25244,21057,4285,82
25245,21058,4285,85
25246,21059,4285,79
25247,21060,4285,88
25248,21061,4251,62
25249,21062,4251,39
25250,21063,4251,36
25251,21064,4251,46
25252,21065,4252,39
25253,21066,4252,70
25254,21067,4252,34
25255,21067,4287,55
25256,21068,4287,39
25257,21069,4253,86
25258,21070,4253,58
25259,21070,4288,25
25260,21071,4288,112
25261,21072,4288,83
25262,21073,4219,110
25263,21074,4219,67
25264,21075,4219,7
25265,21075,4254,77
25266,21076,4254,44
25267,21077,4255,84
25268,21078,4255,84
25269,21079,4255,38
25270,21080,4255,91
25271,21081,4361,111
25272,21082,4361,19
25273,21082,4396,57
25274,21083,4396,58
25275,21084,4396,111
25276,21085,4432,81
25277,21085,4467,2
25278,21086,4467,44
25279,21087,4467,80
25280,21088,4467,109
25281,21089,4363,92
25282,21090,4363,36
25283,21091,4363,44
25284,21091,4398,6
25285,21092,4398,80
25286,21093,4154,100
25287,21094,4154,66
25288,21095,4154,18
25289,21096,4154,70
25290,21097,4295,74
25291,21097,4330,11
25292,21098,4330,91
25293,21099,4330,17
25294,21100,4330,76
25295,21101,4261,23
25296,21102,4261,88
25297,21103,4261,18
25298,21103,4296,9
25299,21104,4296,70
25300,21105,4227,68
25301,21106,4227,76
25302,21107,4227,47
25303,21108,4227,107
25304,21109,4333,70
25305,21110,4333,55
25306,21111,4333,24
25307,21112,4333,92
25308,21113,4404,113
25309,21114,4404,49
25310,21115,4404,10
25311,21115,4439,65
25312,21116,4439,67
25313,21117,4265,129
25314,21117,4300,3
25315,21118,4300,73
25316,21119,4300,39
25317,21120,4300,69
25318,21121,4336,73
25319,21121,4371,10
25320,21122,4371,101
25321,21123,4371,67
25322,21124,4371,79
25323,21125,4232,136
25324,21126,4232,87
25325,21127,4232,35
25326,21128,4232,81
25327,21129,4303,47
25328,21129,4338,62
25329,21130,4338,83
25330,21131,4338,60
25331,21132,4338,70
25332,21133,4059,80
25333,21133,4094,93
25334,21134,4094,82
25335,21135,4094,55
25336,21136,4094,76
25337,21136,4129,17
25338,21137,4375,145
25339,21138,4375,52
25340,21139,4375,51
25341,21140,4375,62
25342,21140,4410,16
25343,21141,4236,98
25344,21142,4236,99
25345,21142,4271,22
25346,21143,4271,58
25347,21144,4271,147
25348,21145,4202,70
25349,21146,4202,136
25350,21147,4202,3
25351,21147,4237,73
25352,21148,4237,89
25353,21149,4343,117
25354,21150,4343,21
25355,21150,4378,121
25356,21151,4378,59
25357,21151,4413,32
25358,21152,4413,104
25359,21153,4239,113
25360,21153,4274,2
25361,21154,4274,103
25362,21155,4274,56
25363,21156,4274,167
25364,21157,4310,74
25365,21157,4345,39
25366,21158,4345,48
25367,21159,4345,87
25368,21160,4345,73
25369,21161,4241,74
25370,21162,4241,72
25371,21163,4241,11
25372,21163,4276,94
25373,21164,4276,114
25374,21165,4347,51
25375,21165,4382,91
25376,21166,4382,61
25377,21167,4382,84
25378,21168,4382,62
25379,21169,4208,104
25380,21170,4208,65
25381,21171,4208,45
25382,21172,4208,41
25383,21173,4279,186
25384,21174,4279,78
25385,21175,4279,58
25386,21176,4314,125
25387,21177,4245,76
25388,21177,4280,67
25389,21178,4280,117
25390,21179,4280,147
25391,21180,4280,30
25392,21180,4315,120
25393,21181,4351,133
25394,21182,4351,68
25395,21182,4386,24
25396,21183,4386,76
25397,21184,4386,64
25398,21185,4352,112
25399,21186,4352,85
25400,21187,4352,46
25401,21187,4387,53
25402,21188,4387,81
25403,21189,4388,135
25404,21190,4388,70
25405,21190,4423,1
25406,21191,4423,109
25407,21192,4423,63
25408,21193,4319,114
25409,21194,4319,74
25410,21194,4354,11
25411,21195,4354,45
25412,21196,4354,81
25413,21197,4285,106
25414,21197,4320,79
25415,21198,4320,65
25416,21199,4320,72
25417,21200,4320,142
25418,21201,4251,40
25419,21201,4286,57
25420,21202,4286,80
25421,21203,4286,34
25422,21204,4286,163
25423,21205,4287,135
25424,21206,4287,84
25425,21207,4287,63
25426,21208,4287,58
25427,21208,4322,12
25428,21209,4288,116
25429,21209,4323,33
25430,21210,4323,64
25431,21211,4323,42
25432,21212,4323,106
25433,21212,4358,63
25434,21213,4254,100
25435,21214,4254,107
25436,21215,4254,36
25437,21216,4254,14
25438,21216,4289,86
25439,21217,4255,28
25440,21217,4290,22
25441,21218,4290,43
25442,21219,4290,92
25443,21220,4290,102
25444,21221,4396,2
25445,21221,4431,116
25446,21222,4431,121
25447,21223,4431,87
25448,21223,4466,6
25449,21224,4466,160
25450,21225,4467,67
25451,21225,4502,36
25452,21226,4502,69
25453,21227,4502,64
25454,21228,4502,65
25455,21228,4537,38
25456,21229,4398,106
25457,21230,4398,86
25458,21230,4433,17
25459,21231,4433,59
25460,21232,4433,53
25461,21233,4154,39
25462,21233,4189,81
25463,21234,4189,46
25464,21235,4189,71
25465,21236,4189,74
25466,21236,4224,45
25467,21237,4330,187
25468,21238,4330,25
25469,21238,4365,12
25470,21239,4365,35
25471,21240,4365,53
25472,21241,4296,171
25473,21242,4296,101
25474,21243,4296,44
25475,21243,4331,20
25476,21244,4331,87
25477,21245,4227,83
25478,21245,4262,5
25479,21246,4262,76
25480,21247,4262,88
25481,21248,4262,113
25482,21249,4333,17
25483,21249,4368,195
25484,21250,4368,95
25485,21251,4368,70
25486,21252,4368,1
25487,21252,4403,67
25488,21253,4439,75
25489,21253,4474,111
25490,21254,4474,38
25491,21255,4474,35
25492,21256,4474,67
25493,21257,4300,135
25494,21258,4300,34
25495,21259,4300,39
25496,21259,4335,72
25497,21260,4335,48
25498,21261,4371,105
25499,21262,4371,60
25500,21262,4406,64
25501,21263,4406,50
25502,21264,4406,88
25503,21265,4267,74
25504,21266,4267,63
25505,21267,4267,68
25506,21268,4267,51
25507,21269,4338,74
25508,21269,4373,73
25509,21270,4373,83
25510,21271,4373,48
25511,21272,4373,45
25512,21273,4129,76
25513,21274,4129,79
25514,21275,4129,69
25515,21276,4129,13
25516,21276,4164,96
25517,21277,4410,66
25518,21278,4410,45
25519,21279,4410,80
25520,21280,4410,47
25521,21280,4445,55
25522,21281,4271,64
25523,21282,4271,90
25524,21283,4271,14
25525,21283,4306,49
25526,21284,4306,58
25527,21285,4237,70
25528,21286,4237,41
25529,21287,4237,50
25530,21288,4237,20
25531,21288,4272,85
25532,21289,4413,97
25533,21290,4413,59
25534,21291,4413,34
25535,21291,4448,38
25536,21292,4448,113
25537,21293,4274,68
25538,21293,4309,15
25539,21294,4309,95
25540,21295,4309,96
25541,21296,4309,97
25542,21297,4345,89
25543,21298,4345,60
25544,21299,4345,3
25545,21299,4380,58
25546,21300,4380,173
25547,21301,4276,167
25548,21302,4276,62
25549,21303,4276,41
25550,21303,4311,74
25551,21304,4311,100
25552,21305,4382,12
25553,21305,4417,134
25554,21306,4417,43
25555,21307,4417,35
25556,21308,4417,45
25557,21308,4452,51
25558,21309,4208,62
25559,21310,4208,11
25560,21310,4243,48
25561,21311,4243,46
25562,21312,4243,91
25563,21313,4314,75
25564,21314,4314,103
25565,21315,4314,8
25566,21315,4349,65
25567,21316,4349,98
25568,21317,4315,133
25569,21318,4315,90
25570,21318,4350,62
25571,21319,4350,38
25572,21320,4350,74
25573,21321,4386,103
25574,21322,4386,29
25575,21322,4421,30
25576,21323,4421,80
25577,21324,4421,82
25578,21325,4387,80
25579,21326,4387,87
25580,21326,4422,7
25581,21327,4422,69
25582,21328,4422,84
25583,21329,4423,108
25584,21330,4423,7
25585,21330,4458,105
25586,21331,4458,61
25587,21332,4458,77
25588,21333,4354,37
25589,21334,4354,88
25590,21335,4354,36
25591,21336,4354,68
25592,21337,4320,95
25593,21337,4355,64
25594,21338,4355,99
25595,21339,4355,71
25596,21339,4390,8
25597,21340,4390,65
25598,21341,4286,92
25599,21341,4321,4
25600,21342,4321,53
25601,21343,4321,42
25602,21344,4321,133
25603,21345,4322,175
25604,21346,4322,66
25605,21347,4322,64
25606,21348,4322,64
25607,21348,4357,18
25608,21349,4358,169
25609,21350,4358,73
25610,21351,4358,52
25611,21352,4358,41
25612,21352,4393,50
25613,21353,4289,133
25614,21354,4289,75
25615,21355,4289,56
25616,21355,4324,32
25617,21356,4324,108
25618,21357,4290,61
25619,21358,4290,75
25620,21359,4290,55
25621,21360,4290,74
25622,21361,4466,71
25623,21362,4466,57
25624,21362,4501,26
25625,21363,4501,83
25626,21364,4501,31
25627,21365,4537,112
25628,21366,4537,66
25629,21367,4537,19
25630,21367,4572,59
25631,21368,4572,47
25632,21369,4433,105
25633,21369,4468,19
25634,21370,4468,88
25635,21371,4468,44
25636,21371,4503,13
25637,21372,4503,84
25638,21373,4224,96
25639,21374,4224,73
25640,21375,4224,95
25641,21376,4224,46
25642,21377,4365,166
25643,21378,4365,57
25644,21379,4365,49
25645,21380,4365,118
25646,21381,4331,139
25647,21382,4331,42
25648,21383,4331,42
25649,21384,4331,6
25650,21384,4366,129
25651,21385,4262,145
25652,21386,4262,1
25653,21386,4297,60
25654,21387,4297,65
25655,21388,4297,89
25656,21389,4403,123
25657,21390,4403,85
25658,21391,4403,24
25659,21392,4403,2
25660,21392,4438,83
25661,21393,4474,20
25662,21393,4509,140
25663,21394,4509,82
25664,21395,4509,48
25665,21395,4544,29
25666,21396,4544,91
25667,21397,4335,80
25668,21398,4335,94
25669,21399,4335,52
25670,21400,4335,39
25671,21401,4406,86
25672,21402,4406,19
25673,21402,4441,93
25674,21403,4441,98
25675,21403,4476,19
25676,21404,4476,55
25677,21405,4267,13
25678,21405,4302,70
25679,21406,4302,78
25680,21407,4302,106
25681,21408,4302,40
25682,21409,4373,88
25683,21409,4408,37
25684,21410,4408,141
25685,21411,4408,104
25686,21412,4408,10
25687,21412,4443,105
25688,21413,4164,99
25689,21414,4164,70
25690,21415,4164,24
25691,21415,4199,28
25692,21416,4199,84
25693,21417,4445,40
25694,21418,4445,89
25695,21419,4445,54
25696,21420,4445,32
25697,21420,4480,90
25698,21421,4306,26
25699,21422,4306,35
25700,21423,4306,26
25701,21424,4306,77
25702,21425,4272,85
25703,21426,4272,40
25704,21427,4272,26
25705,21428,4272,17
25706,21428,4307,65
25707,21429,4448,45
25708,21429,4483,27
25709,21430,4483,53
25710,21431,4483,23
25711,21432,4483,69
25712,21433,4309,84
25713,21433,4344,7
25714,21434,4344,26
25715,21435,4344,15
25716,21436,4344,27
25717,21437,4380,49
25718,21438,4380,35
25719,21439,4380,20
25720,21440,4380,66
25721,21441,4311,81
25722,21442,4311,15
25723,21443,4311,47
25724,21444,4311,59
25725,21445,4452,60
25726,21446,4452,59
25727,21447,4452,45
25728,21448,4452,48
25729,21449,4243,46
25730,21450,4243,42
25731,21451,4243,32
25732,21452,4243,44
25733,21452,4278,35
25734,21453,4349,43
25735,21454,4349,29
25736,21455,4349,41
25737,21456,4349,20
25738,21457,4350,67
25739,21458,4350,43
25740,21459,4350,36
25741,21460,4350,2
25742,21460,4385,25
25743,21461,4421,28
25744,21462,4421,26
25745,21462,4456,15
25746,21463,4456,50
25747,21464,4456,31
25748,21465,4422,67
25749,21466,4422,35
25750,21467,4422,6
25751,21467,4457,20
25752,21468,4457,80
25753,21469,4458,34
25754,21470,4458,23
25755,21471,4458,22
25756,21472,4458,3
25757,21472,4493,68
25758,21473,4354,69
25759,21474,4354,19
25760,21474,4389,29
25761,21475,4389,23
25762,21476,4389,41
25763,21477,4390,73
25764,21478,4390,47
25765,21479,4390,10
25766,21480,4390,37
25767,21481,4321,57
25768,21482,4321,32
25769,21483,4321,66
25770,21484,4321,6
25771,21485,4357,81
25772,21486,4357,27
25773,21487,4357,35
25774,21488,4357,41
25775,21489,4393,77
25776,21490,4393,43
25777,21491,4393,21
25778,21492,4393,30
25779,21493,4324,104
25780,21494,4324,58
25781,21495,4324,30
25782,21496,4324,16
25783,21496,4359,25
25784,21497,4290,26
25785,21497,4325,23
25786,21498,4325,27
25787,21499,4325,58
25788,21500,4325,67
25789,21501,4501,71
25790,21502,4501,54
25791,21503,4501,32
25792,21504,4501,77
25793,21505,4572,62
25794,21506,4572,16
25795,21506,4607,26
25796,21507,4607,24
25797,21508,4607,24
25798,21509,4503,43
25799,21510,4503,12
25800,21511,4503,38
25801,21512,4503,43
25802,21512,4538,5
25803,21513,4224,69
25804,21514,4224,20
25805,21514,4259,4
25806,21515,4259,14
25807,21516,4259,31
25808,21517,4365,23
25809,21517,4400,53
25810,21518,4400,21
25811,21519,4400,37
25812,21520,4400,49
25813,21521,4366,41
25814,21522,4366,59
25815,21523,4366,20
25816,21524,4366,36
25817,21525,4297,59
25818,21526,4297,29
25819,21527,4297,20
25820,21527,4332,15
25821,21528,4332,38
25822,21529,4438,99
25823,21530,4438,35
25824,21531,4438,40
25825,21532,4438,11
25826,21532,4473,24
25827,21533,4544,44
25828,21534,4544,57
25829,21535,4544,23
25830,21536,4544,21
25831,21536,4579,46
25832,21537,4335,27
25833,21537,4370,63
25834,21538,4370,48
25835,21539,4370,28
25836,21540,4370,29
25837,21541,4476,66
25838,21542,4476,45
25839,21543,4476,44
25840,21544,4476,2
25841,21544,4511,59
25842,21545,4302,15
25843,21545,4337,86
25844,21546,4337,33
25845,21547,4337,31
25846,21548,4337,47
25847,21549,4443,40
25848,21550,4443,52
25849,21551,4443,25
25850,21552,4443,41
25851,21553,4199,55
25852,21554,4199,31
25853,21555,4199,20
25854,21556,4199,43
25855,21557,4480,55
25856,21558,4480,48
25857,21559,4480,16
25858,21560,4480,53
25859,21561,4306,35
25860,21562,4306,48
25861,21563,4306,23
25862,21564,4306,22
25863,21565,4307,45
25864,21566,4307,30
25865,21567,4307,44
25866,21568,4307,55
25867,21569,4483,34
25868,21570,4483,64
25869,21571,4483,8
25870,21571,4518,17
25871,21572,4518,33
25872,21573,4344,62
25873,21574,4344,77
25874,21575,4344,20
25875,21576,4344,29
25876,21577,4380,6
25877,21577,4415,60
25878,21578,4415,25
25879,21579,4415,43
25880,21580,4415,47
25881,21581,4311,21
25882,21581,4346,59
25883,21582,4346,30
25884,21583,4346,18
25885,21584,4346,61
25886,21585,4452,31
25887,21586,4452,4
25888,21586,4487,19
25889,21587,4487,24
25890,21588,4487,40
25891,21589,4278,83
25892,21590,4278,85
25893,21591,4278,18
25894,21592,4278,50
25895,21593,4349,27
25896,21594,4349,23
25897,21594,4384,22
25898,21595,4384,32
25899,21596,4384,52
25900,21597,4385,53
25901,21598,4385,44
25902,21599,4385,28
25903,21600,4385,46
25904,21601,4456,53
25905,21602,4456,24
25906,21603,4456,18
25907,21604,4456,54
25908,21605,4457,25
25909,21606,4457,42
25910,21607,4457,17
25911,21608,4457,66
25912,21609,4493,45
25913,21610,4493,36
25914,21611,4493,23
25915,21611,4528,7
25916,21612,4528,94
25917,21613,4389,73
25918,21614,4389,21
25919,21615,4389,40
25920,21616,4389,30
25921,21617,4390,96
25922,21618,4390,31
25923,21619,4390,50
25924,21619,4425,6
25925,21620,4425,42
25926,21621,4321,35
25927,21622,4321,5
25928,21622,4356,11
25929,21623,4356,12
25930,21624,4356,51
25931,21625,4357,81
25932,21626,4357,70
25933,21627,4392,21
25934,21628,4392,102
25935,21629,4393,38
25936,21630,4393,4
25937,21630,4428,46
25938,21631,4428,41
25939,21632,4428,57
25940,21633,4359,43
25941,21634,4359,50
25942,21635,4359,26
25943,21636,4359,50
25944,21637,4325,93
25945,21638,4325,37
25946,21639,4325,6
25947,21639,4360,36
25948,21640,4360,27
25949,21641,4501,13
25950,21641,4536,36
25951,21642,4536,44
25952,21643,4536,45
25953,21644,4536,28
25954,21645,4607,65
25955,21646,4607,35
25956,21647,4607,20
25957,21648,4607,8
25958,21648,4642,54
25959,21649,4538,51
25960,21650,4538,81
25961,21651,4538,52
25962,21652,4538,52
25963,21653,4259,70
25964,21654,4259,25
25965,21655,4259,22
25966,21656,4259,70
25967,21657,4400,33
25968,21658,4400,27
25969,21659,4400,17
25970,21660,4400,6
25971,21660,4435,24
25972,21661,4366,62
25973,21662,4366,61
25974,21663,4366,17
25975,21663,4401,11
25976,21664,4401,37
25977,21665,4332,46
25978,21666,4332,36
25979,21667,4332,24
25980,21668,4332,71
25981,21669,4473,54
25982,21670,4473,45
25983,21671,4473,53
25984,21672,4473,28
25985,21673,4579,48
25986,21674,4579,55
25987,21675,4579,39
25988,21676,4579,29
25989,21677,4370,25
25990,21678,4370,49
25991,21679,4370,44
25992,21680,4370,31
25993,21681,4511,31
25994,21682,4511,51
25995,21683,4511,51
25996,21684,4511,51
25997,21684,4546,14
25998,21685,4337,48
25999,21686,4337,50
26000,21687,4337,8
26001,21688,4337,59
26002,21689,4443,7
26003,21689,4478,83
26004,21690,4478,37
26005,21691,4478,16
26006,21692,4478,56
26007,21693,4199,40
26008,21693,4234,20
26009,21694,4234,44
26010,21695,4234,39
26011,21696,4234,34
26012,21697,4480,51
26013,21698,4480,30
26014,21699,4480,35
26015,21700,4480,22
26016,21700,4515,32
26017,21701,4306,36
26018,21702,4306,10
26019,21702,4341,53
26020,21703,4341,16
26021,21704,4341,53
26022,21705,4307,61
26023,21706,4307,5
26024,21706,4342,34
26025,21707,4342,25
26026,21708,4342,21
26027,21709,4518,34
26028,21710,4518,29
26029,21711,4518,16
26030,21712,4518,32
26031,21713,4344,31
26032,21714,4344,26
26033,21715,4344,31
26034,21716,4344,33
26035,21717,4415,54
26036,21718,4415,29
26037,21719,4415,36
26038,21719,4450,11
26039,21720,4450,63
26040,21721,4346,41
26041,21722,4346,22
26042,21723,4346,28
26043,21724,4346,36
26044,21725,4487,49
26045,21726,4487,48
26046,21727,4487,40
26047,21728,4487,41
26048,21729,4278,26
26049,21730,4278,24
26050,21731,4278,24
26051,21732,4278,22
26052,21733,4384,62
26053,21734,4384,44
26054,21735,4384,14
26055,21736,4384,12
26056,21737,4385,42
26057,21737,4420,14
26058,21738,4420,24
26059,21739,4420,34
26060,21740,4420,19
26061,21741,4456,24
26062,21742,4456,16
26063,21742,4491,14
26064,21743,4491,19
26065,21744,4491,62
26066,21745,4457,1
26067,21745,4492,62
26068,21746,4492,34
26069,21747,4492,30
26070,21748,4492,60
26071,21749,4528,37
26072,21750,4528,37
26073,21751,4528,16
26074,21751,4563,28
26075,21752,4563,20
26076,21753,4389,33
26077,21754,4389,6
26078,21754,4424,45
26079,21755,4424,51
26080,21756,4424,45
26081,21757,4425,41
26082,21758,4425,43
26083,21759,4425,54
26084,21760,4425,21
26085,21760,4460,2
26086,21761,4356,31
26087,21762,4356,42
26088,21763,4356,22
26089,21764,4356,65
26090,21765,4392,41
26091,21766,4392,29
26092,21767,4392,17
26093,21767,4427,23
26094,21768,4427,48
26095,21769,4428,54
26096,21770,4428,18
26097,21771,4428,15
26098,21772,4428,20
26099,21772,4463,5
26100,21773,4359,58
26101,21774,4359,34
26102,21775,4359,34
26103,21776,4359,36
26104,21777,4360,58
26105,21778,4360,46
26106,21779,4360,45
26107,21780,4360,29
26108,21781,4536,36
26109,21782,4536,22
26110,21783,4536,57
26111,21784,4536,2
26112,21784,4571,26
26113,21785,4642,50
26114,21786,4642,42
26115,21787,4642,21
26116,21788,4642,23
26117,21789,4538,40
26118,21790,4538,57
26119,21791,4538,15
26120,21792,4538,3
26121,21792,4573,28
26122,21793,4259,3
26123,21793,4294,61
26124,21794,4294,50
26125,21795,4294,13
26126,21796,4294,29
26127,21797,4435,30
26128,21798,4435,22
26129,21799,4435,14
26130,21800,4435,57
26131,21801,4401,35
26132,21802,4401,20
26133,21803,4401,25
26134,21804,4401,39
26135,21805,4332,66
26136,21806,4332,25
26137,21807,4332,19
26138,21808,4332,23
26139,21808,4367,14
26140,21809,4473,42
26141,21810,4473,24
26142,21811,4473,26
26143,21812,4508,37
26144,21813,4579,27
26145,21814,4579,30
26146,21815,4579,22
26147,21816,4579,24
26148,21816,4614,13
26149,21817,4370,46
26150,21817,4405,14
26151,21818,4405,55
26152,21819,4405,28
26153,21820,4405,35
26154,21821,4546,22
26155,21822,4546,53
26156,21823,4546,51
26157,21824,4546,33
26158,21825,4337,7
26159,21825,4372,32
26160,21826,4372,30
26161,21827,4372,15
26162,21828,4372,51
26163,21829,4478,52
26164,21829,4513,19
26165,21830,4513,35
26166,21831,4513,25
26167,21832,4513,24
26168,21833,4234,30
26169,21834,4234,37
26170,21835,4234,12
26171,21836,4234,49
26172,21837,4515,46
26173,21838,4515,22
26174,21839,4515,19
26175,21840,4515,40
26176,21841,4341,36
26177,21842,4341,26
26178,21843,4341,25
26179,21844,4341,42
26180,21845,4342,31
26181,21846,4342,25
26182,21847,4342,70
26183,21848,4342,55
26184,21849,4518,32
26185,21850,4518,44
26186,21851,4518,29
26187,21851,4553,27
26188,21852,4553,57
26189,21853,4344,57
26190,21854,4344,11
26191,21854,4379,6
26192,21855,4379,32
26193,21856,4379,66
26194,21857,4450,29
26195,21858,4450,32
26196,21859,4450,34
26197,21860,4450,54
26198,21861,4346,49
26199,21862,4346,32
26200,21863,4346,28
26201,21864,4346,23
26202,21864,4381,47
26203,21865,4487,42
26204,21865,4522,7
26205,21866,4522,8
26206,21867,4522,43
26207,21868,4522,51
26208,21869,4278,71
26209,21870,4278,42
26210,21871,4278,19
26211,21872,4278,9
26212,21872,4313,15
26213,21873,4384,69
26214,21874,4384,13
26215,21874,4419,11
26216,21875,4419,43
26217,21876,4419,39
26218,21877,4420,46
26219,21878,4420,28
26220,21879,4420,53
26221,21880,4420,55
26222,21881,4491,45
26223,21882,4491,34
26224,21883,4491,60
26225,21884,4491,48
26226,21885,4492,32
26227,21886,4492,16
26228,21887,4492,19
26229,21888,4492,50
26230,21888,4527,12
26231,21889,4563,75
26232,21890,4563,76
26233,21891,4563,30
26234,21892,4563,6
26235,21892,4598,47
26236,21893,4424,35
26237,21894,4424,29
26238,21895,4424,31
26239,21896,4424,18
26240,21897,4460,86
26241,21898,4460,37
26242,21899,4460,40
26243,21900,4460,46
26244,21901,4356,46
26245,21902,4356,27
26246,21902,4391,11
26247,21903,4391,51
26248,21904,4391,46
26249,21905,4427,31
26250,21906,4427,22
26251,21907,4427,23
26252,21908,4427,22
26253,21909,4463,77
26254,21910,4463,27
26255,21911,4463,17
26256,21912,4463,40
26257,21913,4359,50
26258,21913,4394,55
26259,21914,4394,42
26260,21915,4394,33
26261,21916,4394,27
26262,21917,4360,42
26263,21918,4360,13
26264,21918,4395,5
26265,21919,4395,50
26266,21920,4395,24
26267,21921,4571,42
26268,21922,4571,33
26269,21923,4571,22
26270,21924,4571,34
26271,21925,4642,78
26272,21926,4642,16
26273,21926,4677,10
26274,21927,4677,29
26275,21928,4677,36
26276,21929,4573,45
26277,21930,4573,50
26278,21931,4573,22
26279,21932,4573,45
26280,21933,4294,16
26281,21934,4294,13
26282,21935,4294,21
26283,21936,4294,40
26284,21937,4435,57
26285,21938,4435,53
26286,21939,4435,32
26287,21940,4435,49
26288,21940,4470,1
26289,21941,4401,55
26290,21942,4401,14
26291,21942,4436,21
26292,21943,4436,27
26293,21944,4436,35
26294,21945,4367,51
26295,21946,4367,55
26296,21947,4367,11
26297,21948,4367,39
26298,21949,4508,58
26299,21950,4508,10
26300,21951,4508,29
26301,21952,4508,58
26302,21953,4614,45
26303,21954,4614,41
26304,21955,4614,14
26305,21956,4614,93
26306,21957,4405,97
26307,21958,4405,63
26308,21959,4405,30
26309,21960,4405,9
26310,21960,4440,41
26311,21961,4546,37
26312,21962,4546,38
26313,21963,4546,22
26314,21964,4546,39
26315,21964,4581,29
26316,21965,4372,44
26317,21966,4372,17
26318,21967,4372,15
26319,21968,4372,44
26320,21969,4513,40
26321,21970,4513,51
26322,21971,4513,22
26323,21972,4513,50
26324,21973,4234,32
26325,21974,4234,37
26326,21975,4234,33
26327,21976,4234,44
26328,21977,4515,59
26329,21978,4515,21
26330,21979,4515,20
26331,21980,4515,35
26332,21981,4341,7
26333,21981,4376,56
26334,21982,4376,25
26335,21983,4376,27
26336,21984,4376,35
26337,21985,4342,37
26338,21986,4342,61
26339,21987,4342,54
26340,21988,4342,39
26341,21988,4377,27
26342,21989,4553,108
26343,21990,4553,37
26344,21991,4553,5
26345,21991,4588,18
26346,21992,4588,34
26347,21993,4379,72
26348,21994,4379,53
26349,21995,4379,28
26350,21995,4414,24
26351,21996,4414,63
26352,21997,4450,89
26353,21998,4450,27
26354,21999,4450,48
26355,22000,4450,17
26356,22000,4485,32
26357,22001,4381,93
26358,22002,4381,34
26359,22003,4381,20
26360,22004,4381,77
26361,22005,4522,43
26362,22006,4522,51
26363,22007,4522,43
26364,22008,4522,47
26365,22009,4313,22
26366,22010,4313,50
26367,22011,4313,27
26368,22012,4313,39
26369,22013,4419,94
26370,22014,4419,43
26371,22015,4419,25
26372,22016,4419,19
26373,22016,4454,37
26374,22017,4420,38
26375,22018,4420,42
26376,22018,4455,18
26377,22019,4455,40
26378,22020,4455,60
26379,22021,4491,59
26380,22021,4526,10
26381,22022,4526,76
26382,22023,4526,49
26383,22024,4526,39
26384,22025,4527,44
26385,22026,4527,28
26386,22027,4527,47
26387,22028,4527,88
26388,22029,4598,56
26389,22030,4598,29
26390,22031,4598,52
26391,22032,4598,99
26392,22033,4424,12
26393,22033,4459,83
26394,22034,4459,25
26395,22035,4459,24
26396,22036,4459,40
26397,22037,4460,51
26398,22038,4460,14
26399,22038,4495,29
26400,22039,4495,41
26401,22040,4495,45
26402,22041,4391,40
26403,22042,4391,30
26404,22043,4391,37
26405,22044,4391,46
26406,22044,4426,10
26407,22045,4427,41
26408,22046,4427,54
26409,22046,4462,6
26410,22047,4462,57
26411,22048,4462,87
26412,22049,4463,56
26413,22050,4463,25
26414,22051,4463,28
26415,22052,4463,28
26416,22052,4498,28
26417,22053,4394,54
26418,22054,4394,92
26419,22055,4394,14
26420,22055,4429,34
26421,22056,4429,70
26422,22057,4395,106
26423,22058,4395,32
26424,22059,4395,40
26425,22059,4430,26
26426,22060,4430,69
26427,22061,4571,85
26428,22062,4571,24
26429,22063,4571,66
26430,22064,4571,19
26431,22064,4606,19
26432,22065,4677,55
26433,22066,4677,54
26434,22067,4677,20
26435,22068,4677,63
26436,22069,4573,34
26437,22069,4608,26
26438,22070,4608,27
26439,22071,4608,38
26440,22072,4608,37
26441,22073,4294,95
26442,22074,4294,41
26443,22074,4329,23
26444,22075,4329,49
26445,22076,4329,53
26446,22077,4470,89
26447,22078,4470,23
26448,22079,4470,26
26449,22080,4470,37
26450,22081,4436,62
26451,22082,4436,40
26452,22083,4436,36
26453,22084,4436,4
26454,22084,4471,37
26455,22085,4367,54
26456,22086,4367,65
26457,22087,4367,15
26458,22088,4367,47
26459,22089,4508,22
26460,22090,4508,27
26461,22090,4543,3
26462,22091,4543,18
26463,22092,4543,73
26464,22093,4614,76
26465,22093,4649,12
26466,22094,4649,66
26467,22095,4649,26
26468,22096,4649,23
26469,22097,4440,67
26470,22098,4440,35
26471,22099,4440,24
26472,22100,4440,59
26473,22101,4581,38
26474,22102,4581,52
26475,22103,4581,49
26476,22104,4581,10
26477,22105,4372,60
26478,22106,4372,25
26479,22107,4372,43
26480,22108,4372,29
26481,22109,4513,18
26482,22109,4548,43
26483,22110,4548,15
26484,22111,4548,27
26485,22112,4548,34
26486,22113,4234,17
26487,22113,4269,20
26488,22114,4269,36
26489,22115,4269,39
26490,22116,4269,38
26491,22117,4515,39
26492,22118,4515,4
26493,22118,4550,48
26494,22119,4550,28
26495,22120,4550,58
26496,22121,4376,57
26497,22122,4376,13
26498,22123,4376,42
26499,22124,4376,25
26500,22124,4411,24
26501,22125,4377,114
26502,22126,4377,109
26503,22126,4412,16
26504,22127,4412,19
26505,22128,4412,75
26506,22129,4588,61
26507,22130,4588,79
26508,22131,4588,67
26509,22132,4588,62
26510,22132,4623,21
26511,22133,4414,116
26512,22134,4414,65
26513,22135,4414,37
26514,22135,4449,5
26515,22136,4449,107
26516,22137,4485,70
26517,22138,4485,33
26518,22139,4485,11
26519,22140,4485,112
26520,22141,4381,28
26521,22141,4416,141
26522,22142,4416,57
26523,22143,4416,43
26524,22144,4416,76
26525,22145,4522,61
26526,22146,4522,65
26527,22146,4557,34
26528,22147,4557,72
26529,22148,4557,100
26530,22149,4313,77
26531,22150,4313,59
26532,22151,4313,3
26533,22151,4348,27
26534,22152,4348,37
26535,22153,4454,75
26536,22154,4454,41
26537,22155,4454,59
26538,22156,4454,32
26539,22156,4489,18
26540,22157,4455,91
26541,22158,4455,25
26542,22158,4490,30
26543,22159,4490,82
26544,22160,4490,135
26545,22161,4526,82
26546,22162,4526,19
26547,22163,4526,50
26548,22164,4526,8
26549,22164,4561,41
26550,22165,4527,63
26551,22166,4527,37
26552,22167,4527,51
26553,22167,4562,12
26554,22168,4562,53
26555,22169,4598,29
26556,22169,4633,21
26557,22170,4633,37
26558,22171,4633,48
26559,22172,4633,73
26560,22173,4459,58
26561,22174,4459,11
26562,22174,4494,59
26563,22175,4494,72
26564,22176,4494,73
26565,22177,4495,136
26566,22178,4530,50
26567,22179,4530,57
26568,22180,4530,99
26569,22181,4426,57
26570,22182,4426,87
26571,22183,4426,48
26572,22184,4426,38
26573,22184,4461,28
26574,22185,4462,117
26575,22186,4462,45
26576,22186,4497,23
26577,22187,4497,40
26578,22188,4497,36
26579,22189,4498,93
26580,22190,4498,46
26581,22191,4498,33
26582,22192,4498,110
26583,22193,4429,82
26584,22194,4429,42
26585,22195,4429,2
26586,22195,4464,33
26587,22196,4464,36
26588,22197,4430,54
26589,22198,4430,49
26590,22199,4430,45
26591,22200,4430,72
26592,22201,4606,55
26593,22202,4606,62
26594,22203,4606,58
26595,22204,4606,76
26596,22205,4677,41
26597,22205,4712,69
26598,22206,4712,51
26599,22207,4712,23
26600,22208,4712,89
26601,22209,4608,49
26602,22210,4608,56
26603,22211,4608,59
26604,22211,4643,47
26605,22212,4643,79
26606,22213,4329,85
26607,22214,4329,76
26608,22215,4329,53
26609,22216,4329,68
26610,22216,4364,15
26611,22217,4470,146
26612,22218,4470,15
26613,22218,4505,62
26614,22219,4505,37
26615,22220,4505,31
26616,22221,4471,72
26617,22222,4471,76
26618,22223,4471,46
26619,22224,4471,71
26620,22225,4367,72
26621,22225,4402,9
26622,22226,4402,93
26623,22227,4402,66
26624,22228,4402,50
26625,22229,4543,42
26626,22230,4543,36
26627,22231,4543,30
26628,22232,4543,49
26629,22233,4649,62
26630,22234,4649,51
26631,22235,4649,20
26632,22236,4649,17
26633,22236,4684,42
26634,22237,4440,34
26635,22237,4475,16
26636,22238,4475,24
26637,22239,4475,69
26638,22240,4475,60
26639,22241,4581,89
26640,22242,4581,48
26641,22243,4581,14
26642,22243,4616,51
26643,22244,4616,100
26644,22245,4372,23
26645,22245,4407,10
26646,22246,4407,70
26647,22247,4407,56
26648,22248,4407,107
26649,22249,4548,118
26650,22250,4548,18
26651,22250,4583,32
26652,22251,4583,31
26653,22252,4583,68
26654,22253,4269,46
26655,22254,4269,37
26656,22255,4269,23
26657,22256,4269,80
26658,22257,4550,62
26659,22257,4585,42
26660,22258,4585,23
26661,22259,4585,76
26662,22260,4585,37
26663,22261,4411,34
26664,22262,4411,52
26665,22263,4411,38
26666,22264,4411,34
26667,22264,4446,9
26668,22265,4412,100
26669,22266,4412,44
26670,22267,4412,32
26671,22268,4412,87
26672,22269,4623,41
26673,22270,4623,93
26674,22271,4623,52
26675,22272,4623,45
26676,22273,4449,61
26677,22274,4449,65
26678,22275,4449,39
26679,22276,4449,36
26680,22276,4484,5
26681,22277,4485,103
26682,22278,4485,49
26683,22278,4520,25
26684,22279,4520,42
26685,22280,4520,70
26686,22281,4416,47
26687,22281,4451,60
26688,22282,4451,46
26689,22283,4451,61
26690,22284,4451,58
26691,22284,4486,48
26692,22285,4557,74
26693,22286,4557,3
26694,22286,4592,28
26695,22287,4592,66
26696,22288,4592,39
26697,22289,4348,65
26698,22290,4348,78
26699,22291,4348,50
26700,22292,4348,34
26701,22292,4383,50
26702,22293,4489,67
26703,22294,4489,57
26704,22295,4489,36
26705,22296,4489,83
26706,22297,4490,21
26707,22297,4525,54
26708,22298,4525,77
26709,22299,4525,55
26710,22300,4525,40
26711,22300,4560,35
26712,22301,4561,85
26713,22302,4561,57
26714,22302,4596,28
26715,22303,4596,31
26716,22304,4596,98
26717,22305,4562,116
26718,22306,4562,13
26719,22306,4597,40
26720,22307,4597,48
26721,22308,4597,52
26722,22309,4633,53
26723,22310,4633,50
26724,22311,4633,44
26725,22312,4633,42
26726,22312,4668,5
26727,22313,4494,115
26728,22313,4529,10
26729,22314,4529,80
26730,22315,4529,42
26731,22316,4529,52
26732,22317,4530,54
26733,22318,4530,54
26734,22319,4530,49
26735,22320,4530,9
26736,22320,4565,43
26737,22321,4461,61
26738,22322,4461,43
26739,22323,4461,26
26740,22324,4461,76
26741,22325,4497,125
26742,22326,4497,50
26743,22327,4497,26
26744,22327,4532,10
26745,22328,4532,39
26746,22329,4498,40
26747,22329,4533,13
26748,22330,4533,19
26749,22331,4533,38
26750,22332,4533,88
26751,22333,4464,76
26752,22334,4464,57
26753,22335,4464,33
26754,22336,4464,56
26755,22336,4499,13
26756,22337,4430,46
26757,22337,4465,27
26758,22338,4465,49
26759,22339,4465,70
26760,22340,4465,64
26761,22341,4641,136
26762,22342,4641,58
26763,22343,4641,52
26764,22344,4641,53
26765,22345,4712,66
26766,22345,4747,15
26767,22346,4747,49
26768,22347,4747,43
26769,22348,4747,48
26770,22348,4782,53
26771,22349,4643,64
26772,22350,4643,35
26773,22351,4643,74
26774,22352,4643,40
26775,22352,4678,7
26776,22353,4364,76
26777,22354,4364,64
26778,22355,4364,54
26779,22356,4364,51
26780,22357,4505,44
26781,22358,4505,51
26782,22359,4505,81
26783,22360,4505,43
26784,22360,4540,16
26785,22361,4471,72
26786,22362,4471,34
26787,22362,4506,4
26788,22363,4506,26
26789,22364,4506,53
26790,22365,4402,43
26791,22366,4402,58
26792,22366,4437,25
26793,22367,4437,20
26794,22368,4437,47
26795,22369,4543,124
26796,22370,4543,32
26797,22370,4578,77
26798,22371,4578,48
26799,22372,4578,108
26800,22372,4613,10
26801,22373,4684,94
26802,22374,4684,43
26803,22375,4684,35
26804,22376,4684,37
26805,22376,4719,74
26806,22377,4475,97
26807,22378,4475,19
26808,22379,4475,26
26809,22379,4510,38
26810,22380,4510,58
26811,22381,4616,57
26812,22382,4616,34
26813,22382,4651,13
26814,22383,4651,68
26815,22384,4651,44
26816,22385,4407,19
26817,22385,4442,55
26818,22386,4442,79
26819,22387,4442,29
26820,22388,4442,81
26821,22389,4583,80
26822,22390,4583,54
26823,22391,4583,70
26824,22392,4583,52
26825,22392,4618,14
26826,22393,4269,22
26827,22393,4304,54
26828,22394,4304,29
26829,22395,4304,12
26830,22396,4304,30
26831,22397,4585,42
26832,22398,4585,5
26833,22398,4620,42
26834,22399,4620,34
26835,22400,4620,89
26836,22401,4446,31
26837,22402,4446,38
26838,22403,4446,15
26839,22404,4446,49
26840,22405,4412,17
26841,22405,4447,23
26842,22406,4447,14
26843,22407,4447,19
26844,22408,4447,45
26845,22409,4623,41
26846,22410,4623,36
26847,22411,4623,26
26848,22412,4623,44
26849,22413,4484,49
26850,22414,4484,34
26851,22415,4484,12
26852,22416,4484,21
26853,22417,4520,46
26854,22418,4520,47
26855,22419,4520,27
26856,22420,4520,1
26857,22420,4555,30
26858,22421,4486,31
26859,22422,4486,19
26860,22423,4486,22
26861,22424,4486,24
26862,22425,4592,37
26863,22426,4592,29
26864,22427,4592,2
26865,22427,4627,29
26866,22428,4627,22
26867,22429,4383,50
26868,22430,4383,15
26869,22431,4383,13
26870,22432,4383,19
26871,22433,4489,34
26872,22434,4489,26
26873,22435,4489,17
26874,22435,4524,17
26875,22436,4524,21
26876,22437,4560,53
26877,22438,4560,43
26878,22439,4560,24
26879,22440,4560,40
26880,22441,4596,34
26881,22442,4596,21
26882,22443,4596,21
26883,22444,4596,35
26884,22445,4597,42
26885,22446,4597,44
26886,22447,4597,10
26887,22448,4597,18
26888,22449,4668,31
26889,22450,4668,33
26890,22451,4668,22
26891,22452,4668,32
26892,22453,4529,24
26893,22454,4529,22
26894,22455,4529,9
26895,22456,4529,26
26896,22457,4565,50
26897,22458,4565,22
26898,22459,4565,18
26899,22460,4565,17
26900,22461,4461,26
26901,22462,4461,23
26902,22463,4461,25
26903,22464,4461,26
26904,22465,4532,28
26905,22466,4532,26
26906,22467,4532,12
26907,22468,4532,32
26908,22469,4533,32
26909,22470,4533,33
26910,22471,4533,23
26911,22472,4533,25
26912,22473,4499,31
26913,22474,4499,32
26914,22475,4499,29
26915,22476,4499,24
26916,22477,4500,55
26917,22478,4500,26
26918,22479,4500,22
26919,22480,4500,27
26920,22481,4641,57
26921,22481,4676,11
26922,22482,4676,34
26923,22483,4676,14
26924,22484,4676,18
26925,22485,4782,56
26926,22486,4782,30
26927,22486,4817,8
26928,22487,4817,13
26929,22488,4817,22
26930,22489,4678,17
26931,22490,4678,42
26932,22491,4678,36
26933,22492,4678,58
26934,22493,4364,48
26935,22494,4364,17
26936,22495,4364,10
26937,22496,4364,44
26938,22497,4540,34
26939,22498,4540,20
26940,22499,4540,8
26941,22500,4540,15
26942,22501,4506,34
26943,22502,4506,41
26944,22503,4506,30
26945,22504,4506,14
26946,22504,4541,44
26947,22505,4437,42
26948,22506,4437,18
26949,22507,4437,28
26950,22508,4437,32
26951,22509,4613,39
26952,22510,4613,21
26953,22511,4613,16
26954,22512,4613,63
26955,22513,4719,41
26956,22514,4719,23
26957,22515,4719,30
26958,22516,4719,24
26959,22517,4510,23
26960,22518,4510,35
26961,22519,4510,12
26962,22520,4510,11
26963,22521,4651,29
26964,22521,4686,14
26965,22522,4686,45
26966,22523,4686,20
26967,22524,4686,19
26968,22525,4442,16
26969,22526,4442,16
26970,22526,4477,24
26971,22527,4477,20
26972,22528,4477,21
26973,22529,4618,37
26974,22530,4618,46
26975,22531,4618,13
26976,22532,4618,24
26977,22533,4304,34
26978,22534,4304,25
26979,22535,4304,29
26980,22536,4304,33
26981,22537,4620,44
26982,22538,4620,24
26983,22539,4620,8
26984,22540,4620,52
26985,22541,4446,32
26986,22542,4446,46
26987,22543,4446,29
26988,22544,4446,18
26989,22545,4447,52
26990,22546,4447,18
26991,22547,4447,11
26992,22548,4447,43
26993,22549,4623,28
26994,22549,4658,4
26995,22550,4658,23
26996,22551,4658,38
26997,22552,4658,16
26998,22553,4484,64
26999,22554,4484,34
27000,22555,4484,23
27001,22556,4484,23
27002,22557,4555,58
27003,22558,4555,12
27004,22559,4555,39
27005,22560,4555,24
27006,22561,4486,46
27007,22562,4486,20
27008,22563,4486,50
27009,22564,4486,24
27010,22565,4627,19
27011,22566,4627,25
27012,22567,4627,39
27013,22568,4627,24
27014,22569,4383,39
27015,22570,4383,29
27016,22571,4383,44
27017,22572,4383,12
27018,22573,4524,22
27019,22574,4524,39
27020,22575,4524,24
27021,22576,4524,35
27022,22577,4560,18
27023,22578,4560,25
27024,22579,4560,3
27025,22579,4595,22
27026,22580,4595,28
27027,22581,4596,47
27028,22582,4596,21
27029,22583,4596,6
27030,22583,4631,8
27031,22584,4631,46
27032,22585,4597,39
27033,22586,4597,22
27034,22587,4597,18
27035,22588,4597,18
27036,22588,4632,20
27037,22589,4668,23
27038,22590,4668,43
27039,22591,4668,19
27040,22591,4703,4
27041,22592,4703,24
27042,22593,4529,38
27043,22594,4529,11
27044,22595,4529,25
27045,22596,4529,23
27046,22597,4565,40
27047,22598,4565,25
27048,22599,4565,24
27049,22600,4565,33
27050,22601,4461,32
27051,22601,4496,1
27052,22602,4496,24
27053,22603,4496,22
27054,22604,4496,58
27055,22605,4532,35
27056,22606,4532,15
27057,22607,4532,20
27058,22608,4532,16
27059,22609,4533,16
27060,22609,4568,45
27061,22610,4568,27
27062,22611,4568,38
27063,22612,4568,44
27064,22613,4499,52
27065,22614,4499,20
27066,22615,4499,28
27067,22616,4499,52
27068,22617,4500,51
27069,22618,4500,17
27070,22619,4500,11
27071,22620,4500,29
27072,22621,4676,25
27073,22622,4676,17
27074,22623,4676,17
27075,22624,4676,19
27076,22625,4817,27
27077,22626,4817,29
27078,22627,4817,33
27079,22628,4817,15
27080,22629,4678,40
27081,22630,4678,37
27082,22631,4678,24
27083,22631,4713,8
27084,22632,4713,20
27085,22633,4364,50
27086,22633,4399,1
27087,22634,4399,21
27088,22635,4399,11
27089,22636,4399,22
27090,22637,4540,46
27091,22638,4540,53
27092,22639,4540,36
27093,22640,4540,41
27094,22641,4541,62
27095,22642,4541,29
27096,22643,4541,36
27097,22644,4541,40
27098,22645,4437,34
27099,22646,4437,40
27100,22647,4437,17
27101,22647,4472,14
27102,22648,4472,20
27103,22649,4613,25
27104,22650,4613,45
27105,22651,4613,26
27106,22652,4613,32
27107,22653,4719,36
27108,22653,4754,6
27109,22654,4754,21
27110,22655,4754,17
27111,22656,4754,31
27112,22657,4510,75
27113,22658,4510,10
27114,22659,4510,11
27115,22660,4510,29
27116,22661,4686,30
27117,22662,4686,35
27118,22663,4686,20
27119,22664,4686,45
27120,22665,4477,34
27121,22666,4477,30
27122,22667,4477,10
27123,22668,4477,24
27124,22669,4618,68
27125,22670,4618,30
27126,22671,4618,13
27127,22672,4618,24
27128,22672,4653,3
27129,22673,4304,37
27130,22674,4304,19
27131,22675,4304,31
27132,22676,4304,10
27133,22676,4339,38
27134,22677,4620,29
27135,22678,4620,19
27136,22678,4655,1
27137,22679,4655,20
27138,22680,4655,53
27139,22681,4446,50
27140,22682,4446,6
27141,22682,4481,23
27142,22683,4481,14
27143,22684,4481,14
27144,22685,4447,51
27145,22686,4447,8
27146,22687,4447,24
27147,22688,4447,47
27148,22689,4658,48
27149,22690,4658,23
27150,22691,4658,38
27151,22692,4658,26
27152,22693,4484,29
27153,22694,4484,8
27154,22694,4519,20
27155,22695,4519,10
27156,22696,4519,24
27157,22697,4555,44
27158,22698,4555,23
27159,22699,4555,33
27160,22700,4555,45
27161,22701,4486,11
27162,22701,4521,33
27163,22702,4521,30
27164,22703,4521,16
27165,22704,4521,19
27166,22705,4627,47
27167,22706,4627,32
27168,22707,4627,21
27169,22708,4627,41
27170,22709,4383,24
27171,22710,4383,11
27172,22711,4383,13
27173,22712,4383,21
27174,22713,4524,26
27175,22714,4524,40
27176,22715,4524,26
27177,22716,4524,10
27178,22717,4595,65
27179,22718,4595,13
27180,22719,4595,18
27181,22720,4595,28
27182,22721,4631,28
27183,22722,4631,39
27184,22723,4631,14
27185,22724,4631,15
27186,22725,4632,64
27187,22726,4632,30
27188,22727,4632,14
27189,22728,4632,70
27190,22729,4703,51
27191,22730,4703,12
27192,22731,4703,38
27193,22732,4703,84
27194,22733,4529,34
27195,22733,4564,28
27196,22734,4564,21
27197,22735,4564,16
27198,22736,4564,55
27199,22737,4565,79
27200,22737,4600,3
27201,22738,4600,28
27202,22739,4600,24
27203,22740,4600,57
27204,22741,4496,62
27205,22742,4496,48
27206,22743,4496,25
27207,22744,4496,44
27208,22745,4532,3
27209,22745,4567,73
27210,22746,4567,22
27211,22747,4567,20
27212,22748,4567,29
27213,22749,4568,41
27214,22750,4568,23
27215,22751,4568,18
27216,22752,4568,26
27217,22753,4499,49
27218,22753,4534,5
27219,22754,4534,31
27220,22755,4534,42
27221,22756,4534,63
27222,22757,4500,35
27223,22757,4535,4
27224,22758,4535,25
27225,22759,4535,36
27226,22760,4535,24
27227,22761,4676,70
27228,22762,4676,38
27229,22763,4676,26
27230,22764,4676,3
27231,22764,4711,17
27232,22765,4817,16
27233,22765,4852,6
27234,22766,4852,25
27235,22767,4852,14
27236,22768,4852,19
27237,22769,4713,38
27238,22770,4713,46
27239,22771,4713,18
27240,22772,4713,37
27241,22773,4399,51
27242,22774,4399,49
27243,22775,4399,14
27244,22776,4399,36
27245,22777,4540,47
27246,22778,4540,8
27247,22778,4575,43
27248,22779,4575,29
27249,22780,4575,20
27250,22781,4541,66
27251,22782,4541,39
27252,22783,4541,19
27253,22784,4541,38
27254,22785,4472,39
27255,22786,4472,32
27256,22787,4472,43
27257,22788,4472,49
27258,22789,4613,22
27259,22789,4648,40
27260,22790,4648,30
27261,22791,4648,32
27262,22792,4648,44
27263,22793,4754,47
27264,22794,4754,5
27265,22794,4789,15
27266,22795,4789,17
27267,22796,4789,19
27268,22797,4510,51
27269,22798,4510,6
27270,22798,4545,27
27271,22799,4545,47
27272,22800,4545,44
27273,22801,4686,7
27274,22801,4721,44
27275,22802,4721,13
27276,22803,4721,35
27277,22804,4721,26
27278,22805,4477,71
27279,22806,4477,28
27280,22807,4477,3
27281,22807,4512,29
27282,22808,4512,38
27283,22809,4653,40
27284,22810,4653,44
27285,22811,4653,21
27286,22812,4653,29
27287,22813,4339,48
27288,22814,4339,24
27289,22815,4339,21
27290,22816,4339,22
27291,22817,4655,16
27292,22818,4655,25
27293,22819,4655,31
27294,22820,4655,52
27295,22821,4481,33
27296,22822,4481,50
27297,22823,4481,25
27298,22824,4481,65
27299,22825,4447,13
27300,22825,4482,36
27301,22826,4482,40
27302,22827,4482,40
27303,22828,4482,65
27304,22829,4658,40
27305,22830,4658,52
27306,22831,4658,18
27307,22832,4658,44
27308,22833,4519,56
27309,22834,4519,27
27310,22835,4519,22
27311,22836,4519,53
27312,22837,4555,32
27313,22838,4555,4
27314,22838,4590,42
27315,22839,4590,56
27316,22840,4590,50
27317,22841,4521,89
27318,22842,4521,27
27319,22843,4521,57
27320,22844,4521,36
27321,22844,4556,61
27322,22845,4627,44
27323,22846,4627,68
27324,22847,4662,51
27325,22848,4662,61
27326,22849,4383,24
27327,22849,4418,31
27328,22850,4418,49
27329,22851,4418,33
27330,22852,4418,59
27331,22853,4524,45
27332,22854,4524,16
27333,22854,4559,20
27334,22855,4559,34
27335,22856,4559,62
27336,22857,4595,70
27337,22857,4630,7
27338,22858,4630,30
27339,22859,4630,23
27340,22860,4630,31
27341,22861,4631,48
27342,22862,4631,44
27343,22862,4666,4
27344,22863,4666,49
27345,22864,4666,76
27346,22865,4632,62
27347,22866,4632,20
27348,22866,4667,36
27349,22867,4667,23
27350,22868,4667,32
27351,22869,4703,33
27352,22870,4703,20
27353,22871,4703,12
27354,22872,4703,33
27355,22872,4738,32
27356,22873,4564,35
27357,22874,4564,36
27358,22875,4564,24
27359,22876,4564,43
27360,22876,4599,18
27361,22877,4600,62
27362,22878,4600,58
27363,22879,4600,17
27364,22880,4600,52
27365,22881,4496,22
27366,22882,4496,37
27367,22882,4531,7
27368,22883,4531,24
27369,22884,4531,60
27370,22885,4567,37
27371,22886,4567,24
27372,22887,4567,28
27373,22888,4567,45
27374,22889,4568,32
27375,22890,4568,35
27376,22890,4603,18
27377,22891,4603,29
27378,22892,4603,63
27379,22893,4534,32
27380,22894,4534,56
27381,22895,4534,17
27382,22896,4534,62
27383,22897,4535,70
27384,22898,4535,52
27385,22899,4535,31
27386,22899,4570,13
27387,22900,4570,53
27388,22901,4711,54
27389,22902,4711,18
27390,22903,4711,42
27391,22904,4711,68
27392,22905,4852,27
27393,22906,4852,49
27394,22907,4852,20
27395,22907,4887,16
27396,22908,4887,34
27397,22909,4713,57
27398,22910,4713,12
27399,22911,4713,37
27400,22912,4713,46
27401,22913,4399,74
27402,22914,4399,21
27403,22915,4399,7
27404,22916,4399,23
27405,22917,4575,82
27406,22918,4575,51
27407,22919,4575,36
27408,22920,4575,4
27409,22920,4610,54
27410,22921,4541,47
27411,22922,4541,43
27412,22923,4541,19
27413,22923,4576,8
27414,22924,4576,45
27415,22925,4472,49
27416,22926,4472,59
27417,22926,4507,21
27418,22927,4507,35
27419,22928,4507,50
27420,22929,4648,35
27421,22930,4648,32
27422,22931,4648,35
27423,22931,4683,4
27424,22932,4683,43
27425,22933,4789,60
27426,22933,4824,5
27427,22934,4824,50
27428,22935,4824,32
27429,22936,4824,37
27430,22936,4859,14
27431,22937,4545,68
27432,22938,4545,78
27433,22939,4545,35
27434,22940,4545,15
27435,22940,4580,28
27436,22941,4721,47
27437,22942,4721,48
27438,22943,4721,36
27439,22944,4721,34
27440,22945,4512,39
27441,22946,4512,59
27442,22947,4512,31
27443,22948,4512,31
27444,22949,4653,57
27445,22950,4653,39
27446,22951,4653,28
27447,22952,4653,43
27448,22953,4339,45
27449,22954,4339,49
27450,22955,4339,19
27451,22955,4374,10
27452,22956,4374,39
27453,22957,4655,31
27454,22958,4655,67
27455,22959,4655,26
27456,22960,4655,16
27457,22960,4690,40
27458,22961,4481,80
27459,22962,4481,46
27460,22963,4481,16
27461,22964,4481,35
27462,22965,4482,94
27463,22966,4482,27
27464,22967,4482,35
27465,22968,4482,25
27466,22968,4517,25
27467,22969,4658,64
27468,22969,4693,24
27469,22970,4693,31
27470,22971,4693,20
27471,22972,4693,28
27472,22973,4519,78
27473,22973,4554,11
27474,22974,4554,23
27475,22975,4554,41
27476,22976,4554,26
27477,22977,4590,72
27478,22978,4590,70
27479,22979,4590,24
27480,22979,4625,19
27481,22980,4625,12
27482,22981,4556,54
27483,22982,4556,38
27484,22983,4556,20
27485,22984,4556,37
27486,22984,4591,38
27487,22985,4662,87
27488,22986,4662,34
27489,22987,4662,21
27490,22988,4662,36
27491,22989,4418,68
27492,22990,4418,61
27493,22991,4418,3
27494,22991,4453,35
27495,22992,4453,60
27496,22993,4559,56
27497,22994,4559,57
27498,22994,4594,21
27499,22995,4594,46
27500,22996,4594,49
27501,22997,4630,111
27502,22998,4630,37
27503,22999,4630,13
27504,23000,4630,29
27505,23001,4666,41
27506,23002,4666,41
27507,23003,4666,35
27508,23004,4666,20
27509,23004,4701,55
27510,23005,4667,45
27511,23006,4667,8
27512,23007,4667,33
27513,23008,4667,34
27514,23009,4738,47
27515,23010,4738,41
27516,23011,4738,10
27517,23011,4773,24
27518,23012,4773,49
27519,23013,4599,76
27520,23014,4599,45
27521,23015,4599,57
27522,23016,4599,26
27523,23017,4600,33
27524,23017,4635,45
27525,23018,4635,42
27526,23019,4635,43
27527,23020,4635,52
27528,23021,4531,67
27529,23022,4531,37
27530,23023,4531,43
27531,23024,4531,66
27532,23025,4567,1
27533,23025,4602,78
27534,23026,4602,58
27535,23027,4602,28
27536,23028,4602,67
27537,23029,4603,46
27538,23030,4603,59
27539,23031,4603,34
27540,23032,4603,42
27541,23033,4534,9
27542,23033,4569,43
27543,23034,4569,74
27544,23035,4569,28
27545,23036,4569,57
27546,23037,4570,47
27547,23038,4570,13
27548,23039,4570,41
27549,23040,4570,49
27550,23041,4711,47
27551,23042,4711,28
27552,23043,4711,45
27553,23044,4711,19
27554,23044,4746,60
27555,23045,4887,66
27556,23046,4887,80
27557,23047,4887,9
27558,23047,4922,1
27559,23048,4922,57
27560,23049,4713,84
27561,23050,4713,3
27562,23050,4748,46
27563,23051,4748,34
27564,23052,4748,49
27565,23053,4399,17
27566,23054,4399,50
27567,23054,4434,5
27568,23055,4434,53
27569,23056,4434,74
27570,23057,4610,92
27571,23058,4610,55
27572,23059,4610,10
27573,23059,4645,39
27574,23060,4645,81
27575,23061,4576,61
27576,23062,4576,53
27577,23063,4576,23
27578,23064,4576,70
27579,23065,4507,69
27580,23066,4507,49
27581,23067,4507,8
27582,23067,4542,5
27583,23068,4542,28
27584,23069,4683,45
27585,23070,4683,33
27586,23071,4683,32
27587,23072,4683,74
27588,23073,4859,18
27589,23074,4859,38
27590,23075,4859,31
27591,23076,4859,66
27592,23076,4894,13
27593,23077,4580,63
27594,23078,4580,82
27595,23079,4580,23
27596,23080,4580,46
27597,23081,4721,59
27598,23082,4721,20
27599,23082,4756,61
27600,23083,4756,26
27601,23084,4756,29
27602,23085,4512,61
27603,23086,4512,40
27604,23086,4547,56
27605,23087,4547,23
27606,23088,4547,71
27607,23089,4653,14
27608,23089,4688,12
27609,23090,4688,14
27610,23091,4688,25
27611,23092,4688,61
27612,23093,4374,88
27613,23094,4374,52
27614,23095,4374,62
27615,23096,4374,58
27616,23097,4690,24
27617,23098,4690,36
27618,23099,4690,62
27619,23100,4690,72
27620,23101,4516,157
27621,23102,4516,57
27622,23102,4551,20
27623,23103,4551,25
27624,23104,4551,95
27625,23105,4517,86
27626,23106,4517,44
27627,23107,4517,85
27628,23108,4517,13
27629,23108,4552,59
27630,23109,4693,35
27631,23110,4693,37
27632,23111,4693,19
27633,23111,4728,15
27634,23112,4728,49
27635,23113,4554,91
27636,23114,4554,43
27637,23115,4554,18
27638,23115,4589,12
27639,23116,4589,39
27640,23117,4625,71
27641,23118,4625,55
27642,23119,4625,66
27643,23120,4625,2
27644,23120,4660,63
27645,23121,4591,109
27646,23122,4591,46
27647,23123,4591,45
27648,23123,4626,14
27649,23124,4626,112
27650,23125,4662,24
27651,23125,4697,49
27652,23126,4697,35
27653,23127,4697,25
27654,23128,4697,65
27655,23129,4453,79
27656,23130,4453,58
27657,23131,4453,72
27658,23132,4453,92
27659,23132,4488,1
27660,23133,4594,157
27661,23134,4594,67
27662,23135,4594,3
27663,23135,4629,70
27664,23136,4629,52
27665,23137,4630,118
27666,23138,4630,13
27667,23138,4665,54
27668,23139,4665,62
27669,23140,4665,68
27670,23141,4701,73
27671,23142,4701,48
27672,23143,4701,21
27673,23144,4701,2
27674,23144,4736,83
27675,23145,4667,74
27676,23146,4667,34
27677,23146,4702,5
27678,23147,4702,30
27679,23148,4702,86
27680,23149,4773,51
27681,23149,4808,117
27682,23150,4808,44
27683,23151,4808,2
27684,23151,4843,48
27685,23152,4843,61
27686,23153,4599,19
27687,23153,4634,47
27688,23154,4634,88
27689,23155,4634,53
27690,23156,4634,33
27691,23156,4669,36
27692,23157,4635,71
27693,23158,4635,24
27694,23158,4670,34
27695,23159,4670,30
27696,23160,4670,66
27697,23161,4531,1
27698,23161,4566,105
27699,23162,4566,44
27700,23163,4566,59
27701,23164,4566,38
27702,23164,4601,20
27703,23165,4602,48
27704,23165,4637,29
27705,23166,4637,61
27706,23167,4637,33
27707,23168,4637,117
27708,23169,4603,5
27709,23169,4638,68
27710,23170,4638,28
27711,23171,4638,76
27712,23172,4638,35
27713,23173,4569,9
27714,23173,4604,73
27715,23174,4604,26
27716,23175,4604,52
27717,23176,4604,43
27718,23177,4570,69
27719,23177,4605,6
27720,23178,4605,40
27721,23179,4605,89
27722,23180,4605,70
27723,23181,4746,74
27724,23182,4746,5
27725,23182,4781,59
27726,23183,4781,51
27727,23184,4781,24
27728,23184,4816,63
27729,23185,4922,68
27730,23185,4957,34
27731,23186,4957,60
27732,23187,4957,57
27733,23187,4992,33
27734,23188,4992,73
27735,23189,4748,20
27736,23189,4783,51
27737,23190,4783,53
27738,23191,4783,46
27739,23192,4783,24
27740,23192,4818,36
27741,23193,4434,58
27742,23194,4434,82
27743,23195,4434,25
27744,23196,4434,45
27745,23196,4469,22
27746,23197,4645,64
27747,23198,4645,64
27748,23199,4645,39
27749,23200,4645,5
27750,23200,4680,51
27751,23201,4576,100
27752,23201,4611,35
27753,23202,4611,25
27754,23203,4611,59
27755,23204,4611,74
27756,23205,4542,62
27757,23206,4542,38
27758,23207,4542,32
27759,23208,4542,50
27760,23209,4718,90
27761,23210,4718,66
27762,23211,4718,46
27763,23212,4718,33
27764,23213,4894,98
27765,23214,4894,34
27766,23215,4894,20
27767,23215,4929,17
27768,23216,4929,68
27769,23217,4580,58
27770,23217,4615,26
27771,23218,4615,35
27772,23219,4615,44
27773,23220,4615,71
27774,23221,4756,45
27775,23221,4791,51
27776,23222,4791,85
27777,23223,4791,5
27778,23223,4826,16
27779,23224,4826,114
27780,23225,4547,54
27781,23226,4547,54
27782,23227,4547,30
27783,23228,4547,50
27784,23228,4582,6
27785,23229,4688,92
27786,23230,4688,73
27787,23230,4723,8
27788,23231,4723,35
27789,23232,4723,86
27790,23233,4374,77
27791,23234,4374,18
27792,23234,4409,8
27793,23235,4409,28
27794,23236,4409,74
27795,23237,4690,56
27796,23237,4725,32
27797,23238,4725,61
27798,23239,4725,30
27799,23240,4725,56
27800,23240,4760,7
27801,23241,4551,90
27802,23241,4586,22
27803,23242,4586,69
27804,23243,4586,48
27805,23244,4586,55
27806,23245,4552,83
27807,23246,4552,32
27808,23247,4552,40
27809,23248,4552,60
27810,23249,4728,52
27811,23250,4728,19
27812,23250,4763,18
27813,23251,4763,16
27814,23252,4763,81
27815,23252,4798,1
27816,23253,4589,86
27817,23254,4589,70
27818,23255,4589,47
27819,23255,4624,12
27820,23256,4624,90
27821,23257,4660,43
27822,23258,4660,61
27823,23259,4660,22
27824,23260,4660,75
27825,23260,4695,16
27826,23261,4626,84
27827,23261,4661,22
27828,23262,4661,33
27829,23263,4661,47
27830,23264,4661,66
27831,23265,4697,41
27832,23265,4732,53
27833,23266,4732,39
27834,23267,4732,40
27835,23268,4732,17
27836,23268,4767,84
27837,23269,4488,102
27838,23270,4488,38
27839,23271,4488,25
27840,23272,4488,85
27841,23273,4629,66
27842,23274,4629,32
27843,23274,4664,16
27844,23275,4664,49
27845,23276,4664,97
27846,23277,4665,8
27847,23277,4700,94
27848,23278,4700,75
27849,23279,4700,36
27850,23280,4700,43
27851,23281,4736,59
27852,23281,4771,36
27853,23282,4771,42
27854,23283,4771,18
27855,23284,4771,26
27856,23285,4702,105
27857,23286,4702,15
27858,23286,4737,45
27859,23287,4737,50
27860,23288,4737,56
27861,23289,4843,34
27862,23289,4878,16
27863,23290,4878,33
27864,23291,4878,57
27865,23292,4878,45
27866,23293,4669,42
27867,23294,4669,98
27868,23295,4669,19
27869,23296,4669,34
27870,23297,4670,65
27871,23298,4670,79
27872,23299,4670,16
27873,23299,4705,21
27874,23300,4705,93
27875,23301,4601,101
27876,23302,4601,35
27877,23303,4601,54
27878,23304,4601,22
27879,23305,4637,29
27880,23305,4672,57
27881,23306,4672,65
27882,23307,4672,20
27883,23308,4672,70
27884,23308,4707,31
27885,23309,4638,43
27886,23310,4638,7
27887,23310,4673,59
27888,23311,4673,24
27889,23312,4673,78
27890,23313,4604,72
27891,23314,4604,32
27892,23314,4639,20
27893,23315,4639,64
27894,23316,4639,111
27895,23317,4605,15
27896,23317,4640,28
27897,23318,4640,44
27898,23319,4640,30
27899,23320,4640,45
27900,23321,4816,68
27901,23321,4851,16
27902,23322,4851,97
27903,23323,4851,61
27904,23324,4851,6
27905,23324,4886,25
27906,23325,4992,9
27907,23325,5027,79
27908,23326,5027,45
27909,23327,5027,6
27910,23327,5062,40
27911,23328,5062,49
27912,23329,4818,77
27913,23330,4818,14
27914,23330,4853,50
27915,23331,4853,36
27916,23332,4853,39
27917,23333,4469,64
27918,23334,4469,61
27919,23335,4469,18
27920,23336,4469,69
27921,23337,4680,51
27922,23338,4680,53
27923,23339,4680,25
27924,23340,4680,36
27925,23341,4611,83
27926,23342,4611,26
27927,23342,4646,26
27928,23343,4646,42
27929,23344,4646,23
27930,23345,4542,66
27931,23346,4542,46
27932,23347,4542,14
27933,23347,4577,6
27934,23348,4577,63
27935,23349,4718,49
27936,23349,4753,61
27937,23350,4753,81
27938,23350,4788,3
27939,23351,4788,50
27940,23352,4788,65
27941,23353,4929,13
27942,23353,4964,110
27943,23353,4999,12
27944,23354,4999,43
27945,23355,4999,66
27946,23356,5034,72
27947,23357,4615,77
27948,23357,4650,30
27949,23358,4650,33
27950,23359,4650,26
27951,23360,4650,34
27952,23361,4826,1
27953,23361,4861,79
27954,23362,4861,31
27955,23363,4861,26
27956,23364,4861,31
27957,23364,4896,39
27958,23365,4582,142
27959,23366,4582,58
27960,23367,4582,26
27961,23367,4617,28
27962,23368,4617,40
27963,23369,4723,98
27964,23370,4723,47
27965,23370,4758,2
27966,23371,4758,36
27967,23372,4758,72
27968,23372,4793,2
27969,23373,4409,101
27970,23374,4409,24
27971,23375,4409,57
27972,23376,4409,19
27973,23376,4444,35
27974,23377,4760,70
27975,23378,4760,59
27976,23379,4760,4
27977,23379,4795,58
27978,23380,4795,29
27979,23381,4586,32
27980,23382,4586,18
27981,23383,4586,32
27982,23384,4586,5
27983,23384,4621,58
27984,23385,4552,21
27985,23386,4552,5
27986,23386,4587,33
27987,23387,4587,19
27988,23388,4587,21
27989,23389,4798,30
27990,23390,4798,28
27991,23391,4798,21
27992,23392,4798,12
27993,23393,4624,33
27994,23394,4624,17
27995,23395,4624,33
27996,23396,4624,26
27997,23397,4695,21
27998,23398,4695,40
27999,23399,4695,18
28000,23400,4695,45
28001,23401,4661,42
28002,23402,4661,27
28003,23403,4661,17
28004,23404,4661,36
28005,23405,4767,28
28006,23406,4767,53
28007,23407,4767,3
28008,23407,4802,21
28009,23408,4802,21
28010,23409,4488,31
28011,23410,4488,36
28012,23411,4488,18
28013,23411,4523,20
28014,23412,4523,18
28015,23413,4664,32
28016,23414,4664,13
28017,23415,4664,20
28018,23416,4664,1
28019,23416,4699,32
28020,23417,4700,28
28021,23418,4700,6
28022,23418,4735,17
28023,23419,4735,29
28024,23420,4735,61
28025,23421,4771,36
28026,23421,4806,2
28027,23422,4806,27
28028,23423,4806,20
28029,23424,4806,48
28030,23425,4737,35
28031,23425,4772,10
28032,23426,4772,14
28033,23427,4772,9
28034,23428,4772,33
28035,23429,4878,2
28036,23429,4913,27
28037,23430,4913,30
28038,23431,4913,22
28039,23432,4913,40
28040,23433,4669,31
28041,23433,4704,30
28042,23434,4704,26
28043,23435,4704,11
28044,23436,4704,20
28045,23437,4705,42
28046,23438,4705,38
28047,23439,4705,33
28048,23440,4705,28
28049,23441,4601,24
28050,23441,4636,12
28051,23442,4636,26
28052,23443,4636,11
28053,23444,4636,24
28054,23445,4707,38
28055,23446,4707,24
28056,23447,4707,28
28057,23448,4707,31
28058,23449,4673,20
28059,23450,4673,36
28060,23451,4673,6
28061,23452,4673,31
28062,23453,4639,18
28063,23453,4674,38
28064,23454,4674,67
28065,23455,4674,14
28066,23456,4674,28
28067,23457,4640,30
28068,23458,4640,13
28069,23459,4640,23
28070,23460,4640,35
28071,23461,4886,19
28072,23462,4886,29
28073,23463,4886,26
28074,23464,4886,3
28075,23464,4921,23
28076,23465,5062,68
28077,23466,5062,30
28078,23466,5097,7
28079,23467,5097,34
28080,23468,5097,24
28081,23469,4853,14
28082,23469,4888,21
28083,23470,4888,29
28084,23471,4888,19
28085,23472,4888,29
28086,23473,4469,25
28087,23474,4469,31
28088,23475,4469,8
28089,23475,4504,39
28090,23476,4504,29
28091,23477,4680,23
28092,23477,4715,20
28093,23478,4715,57
28094,23479,4715,59
28095,23480,4715,46
28096,23481,4646,52
28097,23482,4646,29
28098,23483,4646,45
28099,23484,4646,27
28100,23485,4577,56
28101,23486,4577,32
28102,23487,4577,20
28103,23488,4577,26
28104,23489,4788,7
28105,23489,4823,10
28106,23490,4823,18
28107,23491,4823,30
28108,23492,4823,56
28109,23493,5034,30
28110,23494,5034,22
28111,23495,5034,5
28112,23495,5069,6
28113,23496,5069,33
28114,23497,4650,31
28115,23498,4650,38
28116,23499,4650,21
28117,23500,4650,28
28118,23501,4896,75
28119,23502,4896,13
28120,23503,4896,4
28121,23503,4931,21
28122,23504,4931,37
28123,23505,4617,52
28124,23506,4617,16
28125,23507,4617,30
28126,23508,4617,38
28127,23509,4793,47
28128,23510,4793,33
28129,23511,4793,43
28130,23512,4793,31
28131,23513,4444,35
28132,23514,4444,56
28133,23515,4444,30
28134,23516,4444,47
28135,23517,4795,38
28136,23518,4795,14
28137,23519,4795,25
28138,23520,4795,23
28139,23521,4621,26
28140,23522,4621,22
28141,23523,4621,18
28142,23524,4621,24
28143,23525,4587,42
28144,23526,4587,29
28145,23527,4587,17
28146,23528,4587,20
28147,23529,4798,21
28148,23530,4798,22
28149,23530,4833,12
28150,23531,4833,19
28151,23532,4833,39
28152,23533,4624,24
28153,23534,4624,36
28154,23535,4624,21
28155,23536,4624,5
28156,23536,4659,24
28157,23537,4695,33
28158,23538,4695,21
28159,23539,4695,23
28160,23540,4695,14
28161,23540,4730,13
28162,23541,4661,1
28163,23541,4696,37
28164,23542,4696,58
28165,23543,4696,23
28166,23544,4696,35
28167,23545,4802,40
28168,23546,4802,17
28169,23547,4802,21
28170,23548,4802,21
28171,23549,4523,39
28172,23550,4523,22
28173,23551,4523,19
28174,23552,4523,26
28175,23553,4699,27
28176,23554,4699,11
28177,23555,4699,21
28178,23556,4699,40
28179,23557,4735,33
28180,23557,4770,2
28181,23558,4770,22
28182,23559,4770,34
28183,23560,4770,20
28184,23561,4806,36
28185,23562,4806,35
28186,23563,4806,12
28187,23564,4806,18
28188,23564,4841,22
28189,23565,4772,31
28190,23566,4772,43
28191,23567,4772,20
28192,23568,4772,4
28193,23568,4807,30
28194,23569,4913,21
28195,23569,4948,28
28196,23570,4948,50
28197,23571,4948,17
28198,23572,4948,18
28199,23573,4704,38
28200,23574,4704,24
28201,23575,4704,26
28202,23576,4704,49
28203,23577,4705,23
28204,23578,4705,20
28205,23579,4705,17
28206,23580,4705,35
28207,23581,4636,45
28208,23582,4636,44
28209,23583,4636,21
28210,23584,4636,39
28211,23585,4707,31
28212,23586,4707,19
28213,23587,4707,16
28214,23587,4742,10
28215,23588,4742,29
28216,23589,4673,2
28217,23589,4708,58
28218,23590,4708,42
28219,23591,4708,28
28220,23592,4708,31
28221,23593,4674,57
28222,23594,4674,25
28223,23595,4674,34
28224,23595,4709,1
28225,23596,4709,20
28226,23597,4640,20
28227,23598,4640,21
28228,23599,4640,7
28229,23599,4675,8
28230,23600,4675,21
28231,23601,4921,67
28232,23602,4921,20
28233,23603,4921,14
28234,23604,4921,17
28235,23605,5097,45
28236,23606,5097,36
28237,23607,5097,8
28238,23607,5132,20
28239,23608,5132,42
28240,23609,4888,40
28241,23610,4888,13
28242,23610,4923,50
28243,23611,4923,44
28244,23612,4923,21
28245,23613,4504,73
28246,23614,4504,20
28247,23615,4504,29
28248,23616,4504,39
28249,23617,4715,26
28250,23618,4715,25
28251,23619,4715,2
28252,23619,4750,16
28253,23620,4750,34
28254,23621,4646,41
28255,23622,4646,18
28256,23622,4681,4
28257,23623,4681,22
28258,23624,4681,18
28259,23625,4577,24
28260,23625,4612,13
28261,23626,4612,15
28262,23627,4612,17
28263,23628,4612,26
28264,23629,4823,7
28265,23629,4858,39
28266,23630,4858,28
28267,23631,4858,34
28268,23632,4858,13
28269,23633,5069,34
28270,23634,5069,43
28271,23635,5069,11
28272,23636,5069,31
28273,23636,5104,1
28274,23637,4650,12
28275,23637,4685,47
28276,23638,4685,22
28277,23639,4685,18
28278,23640,4685,22
28279,23641,4931,21
28280,23642,4931,30
28281,23643,4931,15
28282,23644,4931,31
28283,23645,4617,46
28284,23646,4617,3
28285,23646,4652,57
28286,23647,4652,18
28287,23648,4652,44
28288,23649,4793,3
28289,23649,4828,27
28290,23650,4828,28
28291,23651,4828,17
28292,23652,4828,23
28293,23653,4444,40
28294,23654,4444,29
28295,23655,4444,12
28296,23656,4444,37
28297,23657,4795,2
28298,23657,4830,38
28299,23658,4830,17
28300,23659,4830,49
28301,23660,4830,27
28302,23661,4621,28
28303,23662,4621,24
28304,23663,4621,28
28305,23664,4621,27
28306,23665,4587,43
28307,23666,4587,1
28308,23666,4622,32
28309,23667,4622,14
28310,23668,4622,20
28311,23669,4833,56
28312,23670,4833,50
28313,23671,4833,6
28314,23671,4868,30
28315,23672,4868,35
28316,23673,4659,68
28317,23674,4659,39
28318,23675,4659,37
28319,23676,4659,26
28320,23677,4730,22
28321,23678,4730,49
28322,23679,4730,35
28323,23680,4730,28
28324,23681,4696,63
28325,23682,4696,21
28326,23682,4731,6
28327,23683,4731,16
28328,23684,4731,39
28329,23685,4802,4
28330,23685,4837,26
28331,23686,4837,16
28332,23687,4837,31
28333,23688,4837,49
28334,23689,4523,70
28335,23690,4523,28
28336,23691,4523,27
28337,23692,4523,30
28338,23693,4699,31
28339,23694,4699,11
28340,23695,4699,28
28341,23696,4699,58
28342,23697,4770,35
28343,23698,4805,33
28344,23699,4805,20
28345,23700,4805,49
28346,23700,4840,15
28347,23701,4841,55
28348,23702,4841,24
28349,23703,4841,21
28350,23704,4841,30
28351,23705,4807,36
28352,23706,4807,36
28353,23707,4807,19
28354,23708,4807,37
28355,23709,4948,49
28356,23710,4948,13
28357,23711,4983,20
28358,23712,4983,35
28359,23713,4704,38
28360,23714,4704,10
28361,23714,4739,34
28362,23715,4739,25
28363,23716,4739,15
28364,23716,4774,20
28365,23717,4705,3
28366,23717,4740,56
28367,23718,4740,47
28368,23719,4740,13
28369,23719,4775,7
28370,23720,4775,30
28371,23721,4636,40
28372,23722,4636,31
28373,23723,4636,11
28374,23724,4636,13
28375,23724,4671,48
28376,23725,4742,64
28377,23726,4742,31
28378,23727,4742,20
28379,23728,4742,20
28380,23728,4777,31
28381,23729,4708,42
28382,23730,4708,55
28383,23731,4708,13
28384,23732,4708,27
28385,23733,4709,43
28386,23734,4709,36
28387,23735,4709,25
28388,23736,4709,40
28389,23737,4675,52
28390,23738,4675,41
28391,23739,4675,35
28392,23740,4675,27
28393,23741,4921,7
28394,23741,4956,56
28395,23742,4956,13
28396,23743,4956,12
28397,23744,4956,39
28398,23745,5132,36
28399,23746,5132,42
28400,23747,5132,36
28401,23748,5132,18
28402,23749,4923,9
28403,23749,4958,59
28404,23750,4958,29
28405,23751,4958,7
28406,23751,4993,12
28407,23752,4993,52
28408,23753,4504,29
28409,23754,4504,39
28410,23755,4504,6
28411,23755,4539,12
28412,23756,4539,29
28413,23757,4750,71
28414,23758,4750,17
28415,23759,4750,29
28416,23759,4785,20
28417,23760,4785,26
28418,23761,4681,50
28419,23762,4681,21
28420,23763,4681,19
28421,23764,4681,24
28422,23765,4612,53
28423,23766,4612,72
28424,23767,4612,12
28425,23768,4612,30
28426,23769,4858,2
28427,23769,4893,43
28428,23770,4893,16
28429,23771,4893,23
28430,23772,4893,22
28431,23773,5104,50
28432,23774,5104,31
28433,23775,5104,40
28434,23776,5104,25
28435,23777,4685,30
28436,23778,4685,27
28437,23779,4685,8
28438,23780,4685,52
28439,23781,4931,32
28440,23781,4966,2
28441,23782,4966,55
28442,23783,4966,28
28443,23784,4966,42
28444,23785,4652,30
28445,23786,4652,24
28446,23787,4652,13
28447,23788,4652,60
28448,23789,4828,39
28449,23789,4863,13
28450,23790,4863,22
28451,23791,4863,22
28452,23792,4863,36
28453,23793,4444,22
28454,23793,4479,16
28455,23794,4479,18
28456,23795,4479,29
28457,23796,4479,29
28458,23797,4830,5
28459,23797,4865,37
28460,23798,4865,29
28461,23799,4865,31
28462,23800,4865,27
28463,23801,4621,27
28464,23801,4656,29
28465,23802,4656,34
28466,23803,4656,30
28467,23804,4656,39
28468,23805,4622,53
28469,23806,4622,28
28470,23807,4622,15
28471,23808,4622,46
28472,23809,4868,45
28473,23810,4868,24
28474,23811,4868,15
28475,23811,4903,1
28476,23812,4903,78
28477,23813,4659,9
28478,23813,4694,56
28479,23814,4694,50
28480,23815,4694,40
28481,23816,4694,57
28482,23817,4765,60
28483,23818,4765,65
28484,23819,4765,32
28485,23820,4765,2
28486,23820,4800,53
28487,23821,4731,30
28488,23822,4731,34
28489,23822,4766,29
28490,23823,4766,32
28491,23824,4766,51
28492,23825,4837,1
28493,23825,4872,70
28494,23826,4872,44
28495,23827,4872,29
28496,23828,4872,1
28497,23828,4907,54
28498,23829,4523,11
28499,23829,4558,58
28500,23830,4558,23
28501,23831,4558,6
28502,23832,4558,35
28503,23833,4699,63
28504,23834,4699,26
28505,23835,4699,3
28506,23835,4734,20
28507,23836,4734,47
28508,23837,4840,35
28509,23838,4840,17
28510,23839,4840,20
28511,23840,4840,28
28512,23841,4841,22
28513,23841,4876,16
28514,23842,4876,34
28515,23843,4876,37
28516,23844,4876,40
28517,23845,4807,37
28518,23845,4842,39
28519,23846,4842,32
28520,23847,4842,25
28521,23848,4842,39
28522,23848,4877,30
28523,23849,4983,60
28524,23850,4983,7
28525,23850,5018,89
28526,23851,5018,34
28527,23851,5053,5
28528,23852,5053,44
28529,23853,4774,56
28530,23854,4774,42
28531,23855,4774,24
28532,23856,4774,37
28533,23856,4809,65
28534,23857,4775,58
28535,23858,4775,20
28536,23859,4775,56
28537,23860,4775,13
28538,23860,4810,14
28539,23861,4671,69
28540,23862,4671,20
28541,23863,4671,41
28542,23864,4671,29
28543,23865,4777,96
28544,23866,4777,4
28545,23866,4812,38
28546,23867,4812,41
28547,23868,4812,22
28548,23869,4708,7
28549,23869,4743,19
28550,23870,4743,34
28551,23871,4743,12
28552,23872,4743,35
28553,23873,4709,33
28554,23874,4709,28
28555,23875,4709,34
28556,23876,4709,47
28557,23877,4675,22
28558,23877,4710,40
28559,23878,4710,19
28560,23879,4710,28
28561,23880,4710,47
28562,23881,4956,43
28563,23881,4991,31
28564,23882,4991,57
28565,23883,4991,37
28566,23884,4991,36
28567,23885,5132,1
28568,23885,5167,42
28569,23886,5167,29
28570,23887,5167,32
28571,23888,5167,63
28572,23889,4993,12
28573,23890,4993,33
28574,23891,4993,21
28575,23892,4993,21
28576,23892,5028,37
28577,23893,4539,61
28578,23894,4539,39
28579,23895,4539,45
28580,23896,4539,48
28581,23897,4785,63
28582,23898,4785,31
28583,23898,4820,9
28584,23899,4820,47
28585,23900,4820,56
28586,23901,4681,30
28587,23902,4681,16
28588,23903,4681,18
28589,23904,4681,70
28590,23905,4612,32
28591,23905,4647,4
28592,23906,4647,34
28593,23907,4647,23
28594,23908,4647,44
28595,23909,4893,34
28596,23910,4893,13
28597,23910,4928,8
28598,23911,4928,18
28599,23912,4928,41
28600,23913,5104,44
28601,23913,5139,7
28602,23914,5139,33
28603,23915,5139,43
28604,23916,5139,51
28605,23917,4685,23
28606,23917,4720,33
28607,23918,4720,26
28608,23919,4720,53
28609,23920,4720,30
28610,23921,5001,49
28611,23922,5001,29
28612,23923,5001,15
28613,23923,5036,11
28614,23924,5036,39
28615,23925,4652,11
28616,23925,4687,26
28617,23926,4687,50
28618,23927,4687,29
28619,23928,4687,63
28620,23929,4863,17
28621,23929,4898,40
28622,23930,4898,56
28623,23931,4898,18
28624,23932,4898,46
28625,23932,4933,3
28626,23933,4479,33
28627,23934,4479,41
28628,23935,4479,32
28629,23936,4479,58
28630,23937,4865,22
28631,23937,4900,45
28632,23938,4900,62
28633,23939,4900,19
28634,23939,4935,4
28635,23940,4935,43
28636,23941,4656,56
28637,23942,4656,39
28638,23943,4656,12
28639,23943,4691,38
28640,23944,4691,68
28641,23945,4622,76
28642,23946,4622,35
28643,23947,4622,5
28644,23947,4657,31
28645,23948,4657,79
28646,23949,4903,51
28647,23949,4938,9
28648,23950,4938,35
28649,23951,4938,38
28650,23952,4938,33
28651,23953,4694,57
28652,23954,4694,20
28653,23954,4729,39
28654,23955,4729,29
28655,23956,4729,20
28656,23957,4800,72
28657,23957,4835,14
28658,23958,4835,38
28659,23959,4835,49
28660,23960,4835,27
28661,23960,4870,72
28662,23961,4766,44
28663,23962,4766,22
28664,23962,4801,38
28665,23963,4801,34
28666,23964,4801,41
28667,23965,4907,80
28668,23965,4942,17
28669,23966,4942,43
28670,23967,4942,46
28671,23968,4942,11
28672,23968,4977,35
28673,23969,4558,63
28674,23970,4558,55
28675,23971,4558,38
28676,23972,4558,8
28677,23972,4593,49
28678,23973,4734,65
28679,23974,4734,13
28680,23974,4769,40
28681,23975,4769,50
28682,23976,4769,52
28683,23976,4804,3
28684,23977,4840,8
28685,23977,4875,53
28686,23978,4875,88
28687,23979,4910,38
28688,23980,4910,31
28689,23981,4876,4
28690,23981,4911,54
28691,23982,4911,52
28692,23983,4911,31
28693,23984,4911,13
28694,23984,4946,48
28695,23985,4877,77
28696,23986,4877,16
28697,23986,4912,18
28698,23987,4912,26
28699,23988,4912,40
28700,23989,5053,77
28701,23989,5088,2
28702,23990,5088,30
28703,23991,5088,24
28704,23992,5088,44
28705,23993,4809,56
28706,23993,4844,21
28707,23994,4844,24
28708,23995,4844,21
28709,23996,4844,62
28710,23997,4810,47
28711,23998,4810,49
28712,23999,4810,15
28713,24000,4810,21
28714,24000,4845,62
28715,24001,4671,94
28716,24002,4671,55
28717,24002,4706,33
28718,24003,4706,38
28719,24004,4706,37
28720,24005,4812,5
28721,24005,4847,49
28722,24006,4847,31
28723,24007,4847,24
28724,24008,4847,25
28725,24008,4882,18
28726,24009,4743,42
28727,24010,4743,20
28728,24011,4743,25
28729,24012,4743,1
28730,24012,4778,75
28731,24013,4709,14
28732,24013,4744,49
28733,24014,4744,24
28734,24015,4744,35
28735,24016,4744,19
28736,24016,4779,53
28737,24017,4710,91
28738,24018,4710,19
28739,24019,4710,31
28740,24020,4710,92
28741,24021,4991,6
28742,24021,5026,81
28743,24022,5026,33
28744,24022,5061,4
28745,24023,5061,25
28746,24024,5061,44
28747,24025,5167,10
28748,24025,5202,54
28749,24026,5202,48
28750,24027,5202,21
28751,24028,5202,53
28752,24029,5028,51
28753,24030,5028,67
28754,24030,5063,13
28755,24031,5063,34
28756,24032,5063,21
28757,24033,4539,81
28758,24034,4539,19
28759,24035,4539,23
28760,24035,4574,3
28761,24036,4574,79
28762,24037,4820,17
28763,24037,4855,42
28764,24038,4855,64
28765,24039,4855,31
28766,24040,4855,30
28767,24040,4890,21
28768,24041,4681,2
28769,24041,4716,36
28770,24042,4716,65
28771,24043,4716,74
28772,24044,4716,43
28773,24045,4647,96
28774,24046,4647,41
28775,24047,4647,29
28776,24048,4647,24
28777,24048,4682,56
28778,24049,4928,40
28779,24049,4963,58
28780,24050,4963,60
28781,24051,4963,10
28782,24051,4998,29
28783,24052,4998,72
28784,24053,5139,45
28785,24054,5139,20
28786,24054,5174,26
28787,24055,5174,37
28788,24056,5174,46
28789,24057,4720,53
28790,24058,4720,58
28791,24059,4720,55
28792,24060,4720,41
28793,24060,4755,12
28794,24061,5036,77
28795,24061,5071,35
28796,24062,5071,71
28797,24063,5071,32
28798,24064,5071,35
28799,24065,4687,75
28800,24066,4687,24
28801,24066,4722,14
28802,24067,4722,33
28803,24068,4722,71
28804,24069,4933,52
28805,24070,4933,65
28806,24071,4933,16
28807,24071,4968,31
28808,24072,4968,49
28809,24073,4479,14
28810,24073,4514,31
28811,24074,4514,67
28812,24075,4514,68
28813,24076,4514,67
28814,24076,4549,5
28815,24077,4935,79
28816,24078,4935,10
28817,24078,4970,35
28818,24079,4970,17
28819,24080,4970,41
28820,24081,4691,96
28821,24082,4691,46
28822,24082,4726,17
28823,24083,4726,59
28824,24084,4726,64
28825,24085,4657,72
28826,24086,4657,33
28827,24086,4692,33
28828,24087,4692,46
28829,24088,4692,53
28830,24089,4938,19
28831,24089,4973,48
28832,24090,4973,38
28833,24091,4973,47
28834,24091,5008,11
28835,24092,5008,119
28836,24093,4729,36
28837,24093,4764,47
28838,24094,4764,50
28839,24095,4764,41
28840,24095,4799,34
28841,24096,4799,70
28842,24097,4870,90
28843,24097,4905,5
28844,24098,4905,90
28845,24099,4905,30
28846,24099,4940,61
28847,24100,4940,80
28848,24101,4801,67
28849,24102,4801,6
28850,24102,4836,56
28851,24103,4836,24
28852,24104,4836,46
28853,24105,4977,98
28854,24106,4977,37
28855,24107,4977,2
28856,24107,5012,69
28857,24108,5012,40
28858,24109,4593,106
28859,24110,4593,65
28860,24111,4593,54
28861,24112,4593,78
28862,24112,4628,24
28863,24113,4804,55
28864,24114,4804,82
28865,24114,4839,7
28866,24115,4839,59
28867,24116,4839,118
28868,24116,4874,49
28869,24117,4910,54
28870,24118,4910,42
28871,24118,4945,18
28872,24119,4945,18
28873,24120,4945,76
28874,24121,4946,83
28875,24121,4981,16
28876,24122,4981,87
28877,24123,4981,44
28878,24124,4981,35
28879,24124,5016,31
28880,24125,4912,44
28881,24125,4947,34
28882,24126,4947,55
28883,24127,4947,44
28884,24128,4947,51
28885,24128,4982,40
28886,24129,5088,32
28887,24130,5088,37
28888,24130,5123,30
28889,24131,5123,47
28890,24132,5123,65
28891,24133,4844,27
28892,24133,4879,59
28893,24134,4879,79
28894,24134,4914,7
28895,24135,4914,43
28896,24136,4914,59
28897,24137,4845,94
28898,24137,4880,8
28899,24138,4880,74
28900,24139,4880,42
28901,24140,4880,11
28902,24140,4915,36
28903,24141,4706,134
28904,24142,4706,49
28905,24143,4706,40
28906,24143,4741,3
28907,24144,4741,89
28908,24145,4882,117
28909,24146,4882,55
28910,24147,4882,1
28911,24147,4917,23
28912,24148,4917,128
28913,24148,4952,7
28914,24149,4778,79
28915,24150,4778,3
28916,24150,4813,60
28917,24151,4813,49
28918,24152,4813,24
28919,24152,4848,46
28920,24153,4779,82
28921,24154,4779,23
28922,24154,4814,55
28923,24155,4814,53
28924,24156,4814,7
28925,24156,4849,93
28926,24157,4710,6
28927,24157,4745,91
28928,24158,4745,35
28929,24158,4780,11
28930,24159,4780,60
28931,24160,4780,75
28932,24160,4815,2
28933,24161,5061,58
28934,24162,5061,29
28935,24162,5096,93
28936,24163,5096,36
28937,24164,5096,31
28938,24165,5202,18
28939,24165,5237,56
28940,24166,5237,56
28941,24167,5237,24
28942,24167,5272,2
28943,24168,5272,93
28944,24169,5063,52
28945,24170,5063,12
28946,24170,5098,37
28947,24171,5098,28
28948,24172,5098,75
28949,24173,4574,71
28950,24174,4574,62
28951,24175,4574,26
28952,24175,4609,23
28953,24176,4609,7
28954,24177,4890,98
28955,24178,4890,78
28956,24178,4925,8
28957,24179,4925,72
28958,24180,4925,59
28959,24180,4960,18
28960,24181,4716,38
28961,24181,4751,50
28962,24182,4751,44
28963,24183,4751,42
28964,24184,4751,12
28965,24184,4786,29
28966,24185,4682,96
28967,24186,4682,22
28968,24187,4682,20
28969,24188,4682,54
28970,24189,4998,44
28971,24189,5033,72
28972,24190,5033,32
28973,24190,5068,76
28974,24191,5068,41
28975,24192,5068,7
28976,24192,5103,104
28977,24193,5174,76
28978,24194,5174,48
28979,24194,5209,10
28980,24195,5209,74
28981,24196,5209,91
28982,24196,5244,45
28983,24197,4755,90
28984,24198,4755,44
28985,24198,4790,8
28986,24199,4790,54
28987,24200,4790,73
28988,24200,4825,4
28989,24201,5071,16
28990,24201,5106,79
28991,24202,5106,39
28992,24203,5106,48
28993,24204,5106,16
28994,24204,5141,81
28995,24205,4722,78
28996,24206,4722,57
28997,24207,4722,17
28998,24208,4722,61
28999,24209,4968,70
29000,24209,5003,22
29001,24210,5003,106
29002,24211,5003,26
29003,24212,5003,4
29004,24212,5038,29
29005,24213,4549,59
29006,24214,4549,53
29007,24215,4549,40
29008,24216,4549,117
29009,24217,4970,56
29010,24217,5005,22
29011,24218,5005,61
29012,24219,5005,54
29013,24220,5005,8
29014,24220,5040,95
29015,24221,4726,33
29016,24221,4761,42
29017,24222,4761,21
29018,24223,4761,43
29019,24224,4761,9
29020,24224,4796,70
29021,24225,4692,112
29022,24226,4692,26
29023,24226,4727,16
29024,24227,4727,41
29025,24228,4727,30
29026,24229,5008,1
29027,24229,5043,49
29028,24230,5043,62
29029,24231,5043,16
29030,24231,5078,13
29031,24232,5078,37
29032,24233,4799,34
29033,24234,4799,39
29034,24234,4834,30
29035,24235,4834,83
29036,24236,4834,39
29037,24237,4940,25
29038,24237,4975,103
29039,24238,4975,35
29040,24239,4975,13
29041,24239,5010,15
29042,24240,5010,23
29043,24241,4836,31
29044,24242,4836,6
29045,24242,4871,30
29046,24243,4871,24
29047,24244,4871,93
29048,24245,5012,44
29049,24245,5047,15
29050,24246,5047,69
29051,24247,5047,26
29052,24248,5047,60
29053,24248,5082,21
29054,24249,4628,128
29055,24250,4628,68
29056,24251,4628,32
29057,24252,4628,43
29058,24253,4874,60
29059,24253,4909,20
29060,24254,4909,41
29061,24255,4909,25
29062,24256,4909,33
29063,24256,4944,17
29064,24257,4945,45
29065,24257,4980,52
29066,24258,4980,16
29067,24259,4980,81
29068,24260,4980,20
29069,24260,5015,13
29070,24261,5016,64
29071,24262,5016,66
29072,24262,5051,8
29073,24263,5051,32
29074,24264,5051,91
29075,24265,4982,73
29076,24266,4982,21
29077,24266,5017,57
29078,24267,5017,45
29079,24268,5017,16
29080,24268,5052,58
29081,24269,5123,7
29082,24269,5158,103
29083,24270,5158,32
29084,24271,5158,59
29085,24271,5193,8
29086,24272,5193,66
29087,24273,4914,16
29088,24273,4949,103
29089,24274,4949,53
29090,24274,4984,6
29091,24275,4984,29
29092,24276,4984,74
29093,24277,4915,73
29094,24278,4915,72
29095,24278,4950,2
29096,24279,4950,42
29097,24280,4950,36
29098,24281,4741,37
29099,24281,4776,67
29100,24282,4776,49
29101,24283,4776,31
29102,24283,4811,31
29103,24284,4811,83
29104,24285,4952,112
29105,24285,4987,23
29106,24286,4987,63
29107,24287,4987,60
29108,24288,4987,4
29109,24288,5022,48
29110,24289,4848,47
29111,24290,4848,12
29112,24291,4848,35
29113,24291,4883,19
29114,24292,4883,44
29115,24293,4849,34
29116,24293,4884,40
29117,24294,4884,39
29118,24295,4884,58
29119,24296,4884,5
29120,24296,4919,23
29121,24297,4815,53
29122,24298,4815,60
29123,24299,4815,7
29124,24299,4850,51
29125,24300,4850,62
29126,24301,5096,31
29127,24301,5131,29
29128,24302,5131,41
29129,24303,5131,70
29130,24304,5131,8
29131,24304,5166,61
29132,24305,5272,88
29133,24306,5272,4
29134,24306,5307,75
29135,24307,5307,55
29136,24308,5307,26
29137,24308,5342,54
29138,24309,5098,7
29139,24309,5133,2
29140,24310,5133,32
29141,24311,5133,76
29142,24312,5133,39
29143,24313,4609,48
29144,24314,4609,35
29145,24315,4609,48
29146,24316,4609,39
29147,24317,4960,100
29148,24317,4995,14
29149,24318,4995,81
29150,24319,4995,36
29151,24320,4995,50
29152,24320,5030,13
29153,24321,4786,34
29154,24322,4786,82
29155,24323,4786,31
29156,24324,4786,13
29157,24324,4821,52
29158,24325,4682,93
29159,24326,4682,3
29160,24326,4717,50
29161,24327,4717,42
29162,24328,4717,61
29163,24329,5103,53
29164,24330,5103,11
29165,24330,5138,40
29166,24331,5138,36
29167,24332,5138,103
29168,24332,5173,7
29169,24333,5244,60
29170,24334,5244,55
29171,24334,5279,6
29172,24335,5279,18
29173,24336,5279,58
29174,24337,4825,111
29175,24338,4825,37
29176,24338,4860,25
29177,24339,4860,29
29178,24340,4860,86
29179,24341,5141,48
29180,24342,5141,72
29181,24342,5176,36
29182,24343,5176,42
29183,24344,5176,48
29184,24345,4722,72
29185,24345,4757,33
29186,24346,4757,82
29187,24347,4757,33
29188,24348,4757,40
29189,24349,5038,60
29190,24350,5038,26
29191,24351,5038,13
29192,24351,5073,34
29193,24352,5073,59
29194,24353,4549,95
29195,24354,4549,28
29196,24354,4584,1
29197,24355,4584,36
29198,24356,4584,54
29199,24357,5040,57
29200,24357,5075,44
29201,24358,5075,25
29202,24359,5075,21
29203,24360,5075,70
29204,24360,5110,36
29205,24361,4796,25
29206,24362,4796,28
29207,24363,4796,13
29208,24364,4796,29
29209,24365,4727,64
29210,24365,4762,2
29211,24366,4762,24
29212,24367,4762,22
29213,24368,4762,32
29214,24369,5078,66
29215,24370,5078,33
29216,24371,5078,3
29217,24371,5113,28
29218,24372,5113,23
29219,24373,4834,8
29220,24373,4869,15
29221,24374,4869,29
29222,24375,4869,12
29223,24376,4869,32
29224,24377,5010,48
29225,24378,5010,56
29226,24379,5010,18
29227,24380,5010,27
29228,24381,4871,45
29229,24382,4871,1
29230,24382,4906,50
29231,24383,4906,8
29232,24384,4906,61
29233,24385,5082,43
29234,24386,5082,41
29235,24387,5082,25
29236,24388,5082,23
29237,24388,5117,24
29238,24389,4628,27
29239,24390,4628,17
29240,24391,4628,13
29241,24392,4628,18
29242,24392,4663,26
29243,24393,4944,26
29244,24394,4944,20
29245,24395,4944,34
29246,24396,4944,21
29247,24397,5015,47
29248,24398,5015,19
29249,24398,5050,15
29250,24399,5050,10
29251,24400,5050,7
29252,24401,5051,40
29253,24402,5051,6
29254,24402,5086,18
29255,24403,5086,33
29256,24404,5086,26
29257,24405,5052,49
29258,24406,5052,25
29259,24407,5052,32
29260,24407,5087,22
29261,24408,5087,31
29262,24409,5193,22
29263,24410,5193,16
29264,24411,5193,34
29265,24412,5193,4
29266,24412,5228,50
29267,24413,4984,39
29268,24413,5019,16
29269,24414,5019,31
29270,24415,5019,20
29271,24416,5019,32
29272,24417,4950,36
29273,24418,4950,32
29274,24419,4985,38
29275,24420,4985,14
29276,24421,4846,39
29277,24422,4846,46
29278,24423,4846,22
29279,24424,4846,24
29280,24425,5022,52
29281,24426,5022,30
29282,24427,5022,29
29283,24428,5022,21
29284,24428,5057,15
29285,24429,4883,29
29286,24430,4883,25
29287,24431,4883,13
29288,24432,4883,6
29289,24432,4918,26
29290,24433,4919,53
29291,24434,4919,14
29292,24435,4919,31
29293,24436,4919,22
29294,24437,4850,29
29295,24437,4885,13
29296,24438,4885,34
29297,24439,4885,22
29298,24440,4885,36
29299,24441,5166,27
29300,24442,5166,31
29301,24443,5166,17
29302,24444,5166,25
29303,24445,5342,56
29304,24446,5342,29
29305,24447,5342,28
29306,24448,5342,33
29307,24449,5133,27
29308,24449,5168,21
29309,24450,5168,30
29310,24451,5168,28
29311,24452,5168,48
29312,24453,4609,35
29313,24454,4609,24
29314,24455,4609,12
29315,24455,4644,9
29316,24456,4644,48
29317,24457,5030,45
29318,24458,5030,30
29319,24459,5030,15
29320,24460,5030,30
29321,24460,5065,9
29322,24461,4821,52
29323,24462,4821,27
29324,24463,4821,20
29325,24463,4856,8
29326,24464,4856,32
29327,24465,4717,40
29328,24466,4717,45
29329,24467,4717,24
29330,24468,4717,39
29331,24469,5173,32
29332,24470,5173,24
29333,24471,5173,38
29334,24472,5173,58
29335,24473,5279,46
29336,24474,5279,40
29337,24475,5279,12
29338,24476,5279,29
29339,24476,5314,10
29340,24477,4860,9
29341,24477,4895,53
29342,24478,4895,32
29343,24479,4895,23
29344,24480,4895,30
29345,24480,4930,11
29346,24481,5176,30
29347,24481,5211,1
29348,24482,5211,58
29349,24483,5211,24
29350,24484,5211,49
29351,24485,4757,28
29352,24485,4792,15
29353,24486,4792,56
29354,24487,4792,22
29355,24488,4792,21
29356,24489,5073,36
29357,24490,5073,21
29358,24490,5108,5
29359,24491,5108,19
29360,24492,5108,41
29361,24493,4584,54
29362,24494,4584,32
29363,24495,4584,19
29364,24496,4584,28
29365,24497,5110,36
29366,24498,5110,30
29367,24499,5110,24
29368,24500,5110,19
29369,24500,5145,17
29370,24501,4796,36
29371,24501,4831,9
29372,24502,4831,28
29373,24503,4831,17
29374,24504,4831,36
29375,24505,4762,21
29376,24506,4762,19
29377,24506,4797,19
29378,24507,4797,13
29379,24508,4797,26
29380,24509,5113,26
29381,24510,5113,45
29382,24511,5113,43
29383,24512,5113,15
29384,24512,5148,6
29385,24513,4869,13
29386,24513,4904,16
29387,24514,4904,46
29388,24515,4904,27
29389,24516,4904,24
29390,24517,5010,18
29391,24517,5045,44
29392,24518,5045,20
29393,24519,5045,15
29394,24520,5045,22
29395,24521,4906,6
29396,24521,4941,27
29397,24522,4941,24
29398,24523,4941,18
29399,24524,4941,27
29400,24525,5117,29
29401,24526,5117,17
29402,24527,5117,14
29403,24528,5117,61
29404,24529,4663,56
29405,24530,4663,26
29406,24531,4663,18
29407,24532,4663,41
29408,24533,4944,19
29409,24533,4979,17
29410,24534,4979,15
29411,24535,4979,13
29412,24536,4979,33
29413,24537,5050,29
29414,24538,5050,36
29415,24539,5050,14
29416,24540,5050,39
29417,24540,5085,10
29418,24541,5086,77
29419,24542,5086,43
29420,24543,5086,14
29421,24544,5086,15
29422,24544,5121,29
29423,24545,5087,39
29424,24546,5087,56
29425,24547,5087,30
29426,24548,5087,24
29427,24549,5228,20
29428,24550,5228,39
29429,24551,5228,23
29430,24552,5228,9
29431,24552,5263,26
29432,24553,5019,43
29433,24554,5019,6
29434,24554,5054,6
29435,24555,5054,15
29436,24556,5054,54
29437,24557,4985,61
29438,24558,4985,16
29439,24559,4985,14
29440,24560,4985,2
29441,24560,5020,30
29442,24561,4846,21
29443,24561,4881,1
29444,24562,4881,18
29445,24563,4881,45
29446,24564,4881,62
29447,24565,5057,48
29448,24566,5057,36
29449,24567,5057,11
29450,24568,5057,20
29451,24569,4918,39
29452,24570,4918,31
29453,24571,4918,32
29454,24572,4918,6
29455,24572,4953,33
29456,24573,4919,24
29457,24573,4954,35
29458,24574,4954,13
29459,24575,4954,23
29460,24576,4954,39
29461,24577,4885,33
29462,24578,4885,15
29463,24579,4885,7
29464,24579,4920,1
29465,24580,4920,29
29466,24581,5166,41
29467,24581,5201,9
29468,24582,5201,14
29469,24583,5201,16
29470,24584,5201,14
29471,24585,5342,22
29472,24585,5377,11
29473,24586,5377,42
29474,24587,5377,21
29475,24588,5377,40
29476,24589,5168,26
29477,24590,5168,7
29478,24590,5203,19
29479,24591,5203,12
29480,24592,5203,65
29481,24593,4644,29
29482,24594,4644,21
29483,24595,4644,18
29484,24596,4644,22
29485,24597,5065,39
29486,24598,5065,26
29487,24599,5065,41
29488,24600,5065,22
29489,24600,5100,6
29490,24601,4856,25
29491,24602,4856,17
29492,24603,4856,25
29493,24604,4856,18
29494,24605,4717,46
29495,24606,4717,18
29496,24606,4752,15
29497,24607,4752,14
29498,24608,4752,17
29499,24609,5173,3
29500,24609,5208,69
29501,24610,5208,35
29502,24611,5208,19
29503,24612,5208,36
29504,24612,5243,12
29505,24613,5314,47
29506,24614,5314,13
29507,24615,5314,31
29508,24616,5314,55
29509,24617,4930,55
29510,24618,4930,32
29511,24619,4930,8
29512,24620,4930,36
29513,24621,5211,15
29514,24621,5246,23
29515,24622,5246,35
29516,24623,5246,30
29517,24624,5246,20
29518,24625,4792,5
29519,24625,4827,37
29520,24626,4827,25
29521,24627,4827,21
29522,24628,4827,44
29523,24629,5108,20
29524,24630,5108,19
29525,24631,5108,25
29526,24632,5108,32
29527,24633,4584,32
29528,24634,4584,15
29529,24635,4584,32
29530,24636,4584,14
29531,24637,5145,54
29532,24638,5145,28
29533,24639,5145,15
29534,24640,5145,11
29535,24641,4831,61
29536,24642,4831,20
29537,24643,4831,5
29538,24643,4866,19
29539,24644,4866,31
29540,24645,4797,46
29541,24646,4797,21
29542,24647,4797,20
29543,24647,4832,11
29544,24648,4832,18
29545,24649,5148,56
29546,24650,5148,30
29547,24651,5148,41
29548,24652,5148,29
29549,24653,4904,31
29550,24653,4939,6
29551,24654,4939,31
29552,24655,4939,14
29553,24656,4939,37
29554,24657,5045,40
29555,24657,5080,2
29556,24658,5080,15
29557,24659,5080,13
29558,24660,5080,69
29559,24661,4941,45
29560,24662,4941,13
29561,24662,4976,27
29562,24663,4976,39
29563,24664,4976,24
29564,24665,5117,40
29565,24665,5152,10
29566,24666,5152,32
29567,24667,5152,31
29568,24668,5152,14
29569,24668,5187,42
29570,24669,4663,47
29571,24670,4663,64
29572,24671,4663,38
29573,24672,4663,34
29574,24672,4698,3
29575,24673,4979,49
29576,24673,5014,29
29577,24674,5014,25
29578,24675,5014,40
29579,24676,5014,30
29580,24676,5049,30
29581,24677,5085,38
29582,24678,5085,27
29583,24679,5085,27
29584,24680,5085,40
29585,24680,5120,15
29586,24681,5121,56
29587,24682,5121,18
29588,24683,5121,31
29589,24684,5121,1
29590,24684,5156,21
29591,24685,5087,15
29592,24685,5122,21
29593,24686,5122,36
29594,24687,5122,33
29595,24688,5122,34
29596,24689,5263,65
29597,24690,5263,31
29598,24691,5263,25
29599,24692,5263,32
29600,24692,5298,12
29601,24693,5054,50
29602,24694,5054,33
29603,24695,5054,22
29604,24695,5089,7
29605,24696,5089,20
29606,24697,5020,72
29607,24698,5020,34
29608,24699,5020,6
29609,24699,5055,13
29610,24700,5055,43
29611,24701,4881,29
29612,24702,4881,25
29613,24703,4881,11
29614,24703,4916,30
29615,24704,4916,65
29616,24705,5057,60
29617,24706,5057,10
29618,24706,5092,28
29619,24707,5092,28
29620,24708,5092,21
29621,24709,4953,50
29622,24710,4953,10
29623,24711,4953,22
29624,24711,4988,40
29625,24712,4988,74
29626,24713,4954,41
29627,24713,4989,10
29628,24714,4989,34
29629,24715,4989,27
29630,24716,4989,60
29631,24717,4920,48
29632,24718,4920,25
29633,24719,4920,28
29634,24720,4920,23
29635,24720,4955,12
29636,24721,5201,51
29637,24722,5201,30
29638,24722,5236,15
29639,24723,5236,36
29640,24724,5236,23
29641,24725,5377,50
29642,24726,5377,20
29643,24727,5377,2
29644,24727,5412,16
29645,24728,5412,46
29646,24729,5203,77
29647,24730,5203,30
29648,24730,5238,10
29649,24731,5238,22
29650,24732,5238,59
29651,24733,4644,42
29652,24733,4679,8
29653,24734,4679,22
29654,24735,4679,34
29655,24736,4679,31
29656,24737,5100,45
29657,24738,5100,46
29658,24739,5100,29
29659,24740,5100,39
29660,24740,5135,52
29661,24741,4856,19
29662,24741,4891,17
29663,24742,4891,34
29664,24743,4891,27
29665,24744,4891,36
29666,24745,4752,46
29667,24746,4752,40
29668,24747,4752,2
29669,24747,4787,30
29670,24748,4787,49
29671,24749,5243,37
29672,24750,5243,51
29673,24751,5243,17
29674,24752,5243,40
29675,24752,5278,8
29676,24753,5314,25
29677,24753,5349,36
29678,24754,5349,11
29679,24755,5349,32
29680,24756,5349,37
29681,24757,4930,39
29682,24757,4965,6
29683,24758,4965,28
29684,24759,4965,68
29685,24760,4965,73
29686,24761,5246,44
29687,24762,5246,40
29688,24763,5246,10
29689,24763,5281,3
29690,24764,5281,45
29691,24765,4827,15
29692,24765,4862,23
29693,24766,4862,35
29694,24767,4862,23
29695,24768,4862,38
29696,24769,5108,20
29697,24769,5143,31
29698,24770,5143,21
29699,24771,5143,6
29700,24772,5143,45
29701,24773,4584,3
29702,24773,4619,47
29703,24774,4619,43
29704,24775,4619,5
29705,24776,4619,23
29706,24777,5145,10
29707,24777,5180,35
29708,24778,5180,14
29709,24779,5180,21
29710,24780,5180,53
29711,24781,4866,50
29712,24782,4866,72
29713,24782,4901,1
29714,24783,4901,24
29715,24784,4901,43
29716,24785,4832,67
29717,24786,4832,36
29718,24787,4832,31
29719,24787,4867,4
29720,24788,4867,32
29721,24789,5148,25
29722,24789,5183,21
29723,24790,5183,29
29724,24791,5183,24
29725,24792,5183,23
29726,24793,4939,31
29727,24794,4939,9
29728,24794,4974,42
29729,24795,4974,45
29730,24796,4974,62
29731,24797,5080,33
29732,24798,5080,14
29733,24798,5115,24
29734,24799,5115,49
29735,24800,5115,34
29736,24801,4976,12
29737,24801,5011,36
29738,24802,5011,22
29739,24803,5011,32
29740,24804,5011,14
29741,24804,5046,6
29742,24805,5187,77
29743,24806,5187,40
29744,24807,5187,30
29745,24808,5187,20
29746,24808,5222,27
29747,24809,4698,41
29748,24810,4698,46
29749,24811,4698,19
29750,24812,4698,34
29751,24813,5049,44
29752,24814,5049,29
29753,24815,5049,39
29754,24816,5049,28
29755,24816,5084,8
29756,24817,5120,61
29757,24818,5120,46
29758,24819,5120,27
29759,24819,5155,17
29760,24820,5155,53
29761,24821,5156,40
29762,24822,5156,30
29763,24823,5156,31
29764,24824,5156,57
29765,24825,5122,62
29766,24826,5122,27
29767,24826,5157,13
29768,24827,5157,23
29769,24828,5157,34
29770,24829,5298,86
29771,24830,5298,16
29772,24831,5298,34
29773,24832,5298,33
29774,24833,5089,42
29775,24834,5089,51
29776,24835,5089,14
29777,24835,5124,6
29778,24836,5124,31
29779,24837,5055,70
29780,24838,5055,38
29781,24838,5090,6
29782,24839,5090,40
29783,24840,5090,44
29784,24841,4916,37
29785,24842,4916,16
29786,24842,4951,37
29787,24843,4951,25
29788,24844,4951,28
29789,24845,5092,67
29790,24846,5092,9
29791,24846,5127,11
29792,24847,5127,55
29793,24848,5127,29
29794,24849,4988,52
29795,24850,4988,9
29796,24850,5023,37
29797,24851,5023,20
29798,24852,5023,46
29799,24853,4989,20
29800,24853,5024,44
29801,24854,5024,37
29802,24855,5024,10
29803,24856,5024,8
29804,24856,5059,24
29805,24857,4955,49
29806,24858,4955,30
29807,24859,4955,25
29808,24859,4990,1
29809,24860,4990,32
29810,24861,5236,35
29811,24862,5236,40
29812,24862,5271,20
29813,24863,5271,15
29814,24864,5271,36
29815,24865,5412,53
29816,24866,5412,18
29817,24866,5447,22
29818,24867,5447,43
29819,24868,5447,41
29820,24869,5238,90
29821,24870,5238,32
29822,24870,5273,9
29823,24871,5273,26
29824,24872,5273,57
29825,24873,4679,44
29826,24874,4679,37
29827,24874,4714,23
29828,24875,4714,44
29829,24876,4714,57
29830,24877,5135,54
29831,24878,5135,28
29832,24878,5170,17
29833,24879,5170,30
29834,24880,5170,64
29835,24881,4891,62
29836,24881,4926,1
29837,24882,4926,19
29838,24883,4926,26
29839,24884,4926,50
29840,24885,4787,39
29841,24886,4787,39
29842,24887,4787,10
29843,24887,4822,37
29844,24888,4822,61
29845,24889,5278,34
29846,24890,5278,50
29847,24891,5278,27
29848,24892,5278,24
29849,24893,5349,73
29850,24893,5384,44
29851,24894,5384,43
29852,24895,5384,33
29853,24896,5384,65
29854,24897,4965,13
29855,24897,5000,20
29856,24898,5000,33
29857,24899,5000,13
29858,24900,5000,32
29859,24901,5281,48
29860,24902,5281,16
29861,24903,5281,37
29862,24904,5281,1
29863,24904,5316,22
29864,24905,4862,8
29865,24905,4897,41
29866,24906,4897,22
29867,24907,4897,29
29868,24908,4897,39
29869,24909,5143,33
29870,24910,5143,23
29871,24910,5178,13
29872,24911,5178,29
29873,24912,5178,52
29874,24913,4619,57
29875,24914,4619,16
29876,24915,4619,37
29877,24916,4619,31
29878,24917,5180,55
29879,24918,5180,23
29880,24918,5215,18
29881,24919,5215,28
29882,24920,5215,42
29883,24921,4901,35
29884,24922,4901,53
29885,24923,4901,26
29886,24924,4901,21
29887,24924,4936,41
29888,24925,4867,44
29889,24926,4867,26
29890,24927,4867,46
29891,24927,4902,13
29892,24928,4902,73
29893,24929,5183,99
29894,24930,5183,42
29895,24931,5183,27
29896,24931,5218,15
29897,24932,5218,27
29898,24933,5009,83
29899,24934,5009,40
29900,24935,5009,30
29901,24936,5009,7
29902,24936,5044,65
29903,24937,5115,75
29904,24937,5150,15
29905,24938,5150,42
29906,24939,5150,34
29907,24940,5150,38
29908,24941,5046,46
29909,24942,5046,28
29910,24943,5046,14
29911,24944,5046,12
29912,24944,5081,32
29913,24945,5222,35
29914,24946,5222,63
29915,24947,5222,34
29916,24947,5257,17
29917,24948,5257,29
29918,24949,4698,54
29919,24950,4698,61
29920,24951,4698,43
29921,24952,4698,16
29922,24952,4733,27
29923,24953,5084,53
29924,24954,5084,30
29925,24955,5084,60
29926,24956,5084,35
29927,24956,5119,30
29928,24957,5155,53
29929,24958,5155,42
29930,24958,5190,21
29931,24959,5190,17
29932,24960,5190,70
29933,24961,5156,9
29934,24961,5191,27
29935,24962,5191,49
29936,24963,5191,36
29937,24964,5191,47
29938,24965,5157,76
29939,24966,5157,77
29940,24967,5157,27
29941,24967,5192,28
29942,24968,5192,60
29943,24969,5298,65
29944,24969,5333,10
29945,24970,5333,67
29946,24971,5333,35
29947,24972,5333,35
29948,24973,5124,61
29949,24974,5159,47
29950,24975,5159,52
29951,24976,5159,38
29952,24977,5090,70
29953,24978,5090,9
29954,24978,5125,64
29955,24979,5125,20
29956,24980,5125,49
29957,24981,4951,65
29958,24981,4986,13
29959,24982,4986,41
29960,24983,4986,25
29961,24984,4986,35
29962,24985,5127,71
29963,24986,5127,25
29964,24987,5127,15
29965,24987,5162,14
29966,24988,5162,51
29967,24989,5023,38
29968,24989,5058,6
29969,24990,5058,54
29970,24991,5058,33
29971,24992,5058,31
29972,24993,5059,72
29973,24994,5059,25
29974,24994,5094,19
29975,24995,5094,38
29976,24996,5094,23
29977,24997,4990,80
29978,24998,4990,11
29979,24998,5025,17
29980,24999,5025,27
29981,25000,5025,59
29982,25001,5271,44
29983,25002,5271,42
29984,25003,5271,22
29985,25003,5306,15
29986,25004,5306,33
29987,25005,5447,94
29988,25006,5447,47
29989,25007,5447,2
29990,25007,5482,54
29991,25008,5482,80
29992,25009,5273,21
29993,25010,5273,33
29994,25011,5273,33
29995,25012,5273,63
29996,25012,5308,13
29997,25013,4714,59
29998,25014,4714,31
29999,25015,4714,47
30000,25015,4749,12
30001,25016,4749,22
30002,25017,5170,42
30003,25017,5205,43
30004,25018,5205,25
30005,25019,5205,33
30006,25020,5205,18
30007,25020,5240,49
30008,25021,4926,42
30009,25021,4961,53
30010,25022,4961,58
30011,25023,4961,5
30012,25023,4996,36
30013,25024,4996,59
30014,25025,4822,37
30015,25025,4857,52
30016,25026,4857,25
30017,25027,4857,38
30018,25028,4857,34
30019,25029,5278,19
30020,25029,5313,50
30021,25030,5313,30
30022,25031,5313,55
30023,25032,5313,73
30024,25033,5384,28
30025,25033,5419,50
30026,25034,5419,45
30027,25035,5419,28
30028,25036,5419,93
30029,25037,5000,35
30030,25037,5035,45
30031,25038,5035,59
30032,25038,5070,4
30033,25039,5070,62
30034,25040,5070,37
30035,25041,5316,67
30036,25042,5316,38
30037,25043,5316,41
30038,25043,5351,11
30039,25044,5351,29
30040,25045,4897,21
30041,25045,4932,14
30042,25046,4932,52
30043,25047,4932,29
30044,25048,4932,73
30045,25049,5178,43
30046,25050,5178,35
30047,25051,5178,11
30048,25051,5213,12
30049,25052,5213,48
30050,25053,4619,4
30051,25053,4654,84
30052,25054,4654,32
30053,25055,4654,32
30054,25056,4654,51
30055,25057,5215,40
30056,25058,5215,24
30057,25058,5250,5
30058,25059,5250,33
30059,25060,5250,22
30060,25061,4936,67
30061,25061,4971,83
30062,25062,4971,39
30063,25063,4971,1
30064,25063,5006,48
30065,25064,5006,39
30066,25065,4902,66
30067,25066,4902,25
30068,25066,4937,31
30069,25067,4937,82
30070,25068,4937,13
30071,25068,4972,39
30072,25069,5218,88
30073,25069,5253,16
30074,25070,5253,67
30075,25071,5253,41
30076,25072,5253,34
30077,25072,5288,10
30078,25073,5044,35
30079,25074,5044,39
30080,25074,5079,32
30081,25075,5079,36
30082,25076,5079,99
30083,25077,5150,45
30084,25077,5185,25
30085,25078,5185,76
30086,25078,5220,7
30087,25079,5220,16
30088,25080,5220,50
30089,25081,5081,66
30090,25082,5081,47
30091,25083,5081,24
30092,25084,5081,42
30093,25085,5257,101
30094,25086,5257,42
30095,25087,5257,28
30096,25087,5292,35
30097,25088,5292,58
30098,25088,5327,62
30099,25089,4733,58
30100,25090,4733,71
30101,25091,4733,43
30102,25092,4733,4
30103,25092,4768,37
30104,25093,5119,96
30105,25094,5119,75
30106,25094,5154,18
30107,25095,5154,67
30108,25096,5154,42
30109,25097,5190,62
30110,25097,5225,68
30111,25098,5225,56
30112,25099,5225,42
30113,25099,5260,8
30114,25100,5260,95
30115,25101,5226,75
30116,25102,5226,23
30117,25103,5226,27
30118,25103,5261,59
30119,25104,5261,100
30120,25105,5192,104
30121,25105,5227,13
30122,25106,5227,61
30123,25107,5227,61
30124,25108,5227,13
30125,25108,5262,32
30126,25109,5333,50
30127,25109,5368,41
30128,25110,5368,63
30129,25111,5368,54
30130,25111,5403,6
30131,25112,5403,79
30132,25113,5159,82
30133,25114,5159,8
30134,25114,5194,65
30135,25115,5194,33
30136,25116,5194,61
30137,25117,5125,36
30138,25117,5160,99
30139,25118,5160,70
30140,25119,5160,3
30141,25119,5195,38
30142,25120,5195,44
30143,25121,4986,23
30144,25121,5021,60
30145,25122,5021,71
30146,25122,5056,12
30147,25123,5056,55
30148,25124,5056,27
30149,25125,5162,75
30150,25125,5197,13
30151,25126,5197,53
30152,25127,5197,48
30153,25128,5197,59
30154,25129,5058,4
30155,25129,5093,87
30156,25130,5093,36
30157,25131,5093,32
30158,25132,5093,7
30159,25132,5128,126
30160,25133,5094,81
30161,25134,5094,44
30162,25134,5129,49
30163,25135,5129,43
30164,25136,5129,57
30165,25136,5164,14
30166,25137,5025,48
30167,25137,5060,62
30168,25138,5060,75
30169,25139,5060,23
30170,25139,5095,45
30171,25140,5095,103
30172,25141,5306,77
30173,25142,5306,14
30174,25142,5341,27
30175,25143,5341,51
30176,25144,5341,49
30177,25145,5482,42
30178,25145,5517,34
30179,25146,5517,35
30180,25147,5517,34
30181,25148,5517,63
30182,25149,5308,55
30183,25150,5308,69
30184,25151,5308,33
30185,25151,5343,11
30186,25152,5343,102
30187,25153,4749,72
30188,25154,4749,8
30189,25154,4784,84
30190,25155,4784,42
30191,25156,4784,28
30192,25156,4819,105
30193,25157,5240,105
30194,25158,5240,27
30195,25158,5275,35
30196,25159,5275,66
30197,25160,5275,73
30198,25160,5310,10
30199,25161,4996,80
30200,25161,5031,42
30201,25162,5031,72
30202,25163,5031,39
30203,25164,5031,18
30204,25164,5066,64
30205,25165,4857,21
30206,25165,4892,57
30207,25166,4892,34
30208,25167,4892,46
30209,25167,4927,31
30210,25168,4927,74
30211,25169,5313,8
30212,25169,5348,92
30213,25170,5348,92
30214,25170,5383,12
30215,25171,5383,67
30216,25172,5383,33
30217,25173,5419,40
30218,25173,5454,30
30219,25174,5454,44
30220,25175,5454,27
30221,25176,5454,42
30222,25177,5070,39
30223,25177,5105,63
30224,25178,5105,40
30225,25179,5105,48
30226,25179,5140,5
30227,25180,5140,43
30228,25181,5351,43
30229,25182,5351,49
30230,25183,5351,31
30231,25183,5386,40
30232,25184,5386,56
30233,25185,4967,75
30234,25186,4967,42
30235,25187,4967,22
30236,25188,4967,10
30237,25188,5002,67
30238,25189,5213,75
30239,25190,5213,58
30240,25191,5213,11
30241,25191,5248,24
30242,25192,5248,45
30243,25193,4654,65
30244,25194,4654,10
30245,25195,4654,47
30246,25196,4654,7
30247,25196,4689,59
30248,25197,5250,47
30249,25198,5250,57
30250,25198,5285,25
30251,25199,5285,53
30252,25200,5285,31
30253,25201,5006,49
30254,25201,5041,9
30255,25202,5041,65
30256,25203,5041,32
30257,25203,5076,6
30258,25204,5076,101
30259,25205,4972,88
30260,25206,4972,36
30261,25206,5007,31
30262,25207,5007,21
30263,25208,5007,60
30264,25209,5288,76
30265,25210,5288,49
30266,25211,5288,49
30267,25212,5288,60
30268,25213,5079,26
30269,25213,5114,49
30270,25214,5114,75
30271,25215,5114,42
30272,25215,5149,64
30273,25216,5149,107
30274,25216,5184,35
30275,25217,5220,42
30276,25217,5255,65
30277,25218,5255,49
30278,25219,5255,34
30279,25220,5255,81
30280,25220,5290,1
30281,25221,5081,20
30282,25221,5116,37
30283,25222,5116,71
30284,25223,5116,32
30285,25224,5116,27
30286,25224,5151,41
30287,25225,5327,66
30288,25226,5327,60
30289,25227,5327,43
30290,25227,5362,5
30291,25228,5362,73
30292,25229,4768,82
30293,25230,4768,13
30294,25230,4803,33
30295,25231,4803,57
30296,25232,4803,47
30297,25233,5154,39
30298,25234,5154,39
30299,25235,5154,4
30300,25235,5189,29
30301,25236,5189,64
30302,25237,5260,52
30303,25237,5295,110
30304,25238,5295,33
30305,25238,5330,1
30306,25239,5330,77
30307,25240,5330,59
30308,25241,5261,58
30309,25241,5296,63
30310,25242,5296,31
30311,25243,5296,69
30312,25244,5296,86
30313,25245,5262,104
30314,25246,5262,35
30315,25247,5262,33
30316,25248,5262,2
30317,25248,5297,55
30318,25249,5403,75
30319,25249,5438,67
30320,25250,5438,54
30321,25251,5438,69
30322,25252,5438,94
30323,25252,5473,9
30324,25253,5194,15
30325,25253,5229,56
30326,25254,5229,77
30327,25255,5229,18
30328,25255,5264,26
30329,25256,5264,31
30330,25257,5195,88
30331,25257,5230,35
30332,25258,5230,74
30333,25258,5265,20
30334,25259,5265,62
30335,25260,5265,71
30336,25261,5056,34
30337,25262,5056,4
30338,25262,5091,56
30339,25263,5091,28
30340,25264,5091,64
30341,25265,5197,20
30342,25265,5232,124
30343,25266,5232,3
30344,25266,5267,70
30345,25267,5267,27
30346,25268,5267,48
30347,25268,5302,28
30348,25269,5128,75
30349,25269,5163,10
30350,25270,5163,65
30351,25271,5163,71
30352,25272,5163,2
30353,25272,5198,47
30354,25273,5164,41
30355,25274,5164,83
30356,25275,5164,1
30357,25275,5199,37
30358,25276,5199,56
30359,25277,5095,1
30360,25277,5130,105
30361,25278,5130,50
30362,25279,5130,20
30363,25280,5130,48
30364,25281,5341,46
30365,25281,5376,22
30366,25282,5376,45
30367,25283,5376,38
30368,25284,5376,48
30369,25285,5517,54
30370,25286,5517,11
30371,25286,5552,10
30372,25287,5552,77
30373,25288,5552,48
30374,25289,5343,45
30375,25289,5378,61
30376,25290,5378,50
30377,25291,5378,68
30378,25292,5378,10
30379,25292,5413,60
30380,25293,4819,49
30381,25293,4854,19
30382,25294,4854,51
30383,25295,4854,29
30384,25296,4854,82
30385,25296,4889,18
30386,25297,5310,62
30387,25298,5310,48
30388,25299,5310,39
30389,25300,5310,37
30390,25301,5066,53
30391,25301,5101,41
30392,25302,5101,66
30393,25303,5101,44
30394,25304,5101,2
30395,25304,5136,49
30396,25305,4927,61
30397,25305,4962,11
30398,25306,4962,89
30399,25307,4962,21
30400,25307,4997,25
30401,25308,4997,58
30402,25309,5383,54
30403,25309,5418,23
30404,25310,5418,55
30405,25311,5418,42
30406,25312,5418,54
30407,25313,5454,53
30408,25314,5454,37
30409,25315,5454,6
30410,25315,5489,51
30411,25316,5489,81
30412,25317,5140,69
30413,25318,5140,48
30414,25318,5175,9
30415,25319,5175,36
30416,25320,5175,56
30417,25321,5386,52
30418,25321,5421,67
30419,25322,5421,29
30420,25323,5421,60
30421,25324,5421,41
30422,25325,5002,41
30423,25326,5002,16
30424,25326,5037,30
30425,25327,5037,46
30426,25327,5072,9
30427,25328,5072,56
30428,25329,5248,48
30429,25330,5248,52
30430,25331,5248,21
30431,25331,5283,9
30432,25332,5283,59
30433,25333,4689,103
30434,25334,4689,66
30435,25335,4689,41
30436,25336,4689,34
30437,25336,4724,26
30438,25337,5285,55
30439,25338,5285,26
30440,25339,5285,17
30441,25339,5320,21
30442,25340,5320,113
30443,25341,5076,20
30444,25341,5111,14
30445,25342,5111,21
30446,25343,5111,31
30447,25344,5111,29
30448,25345,5007,20
30449,25345,5042,49
30450,25346,5042,32
30451,25347,5042,34
30452,25348,5042,24
30453,25349,5288,3
30454,25349,5323,37
30455,25350,5323,37
30456,25351,5323,26
30457,25352,5323,43
30458,25353,5184,17
30459,25354,5184,39
30460,25355,5184,20
30461,25356,5184,15
30462,25357,5290,28
30463,25358,5290,31
30464,25359,5290,20
30465,25360,5290,38
30466,25361,5151,29
30467,25362,5151,17
30468,25363,5151,27
30469,25364,5151,29
30470,25365,5362,54
30471,25366,5362,45
30472,25366,5397,13
30473,25367,5397,13
30474,25368,5397,17
30475,25369,4803,12
30476,25369,4838,38
30477,25370,4838,29
30478,25371,4838,9
30479,25372,4838,50
30480,25373,5189,21
30481,25373,5224,5
30482,25374,5224,29
30483,25375,5224,22
30484,25376,5224,33
30485,25377,5330,34
30486,25378,5330,26
30487,25379,5330,8
30488,25379,5365,10
30489,25380,5365,29
30490,25381,5296,1
30491,25381,5331,44
30492,25382,5331,43
30493,25383,5331,24
30494,25384,5331,35
30495,25385,5297,59
30496,25386,5297,22
30497,25386,5332,2
30498,25387,5332,23
30499,25388,5332,53
30500,25389,5473,25
30501,25390,5473,52
30502,25391,5473,44
30503,25392,5473,30
30504,25393,5264,51
30505,25394,5264,19
30506,25394,5299,23
30507,25395,5299,15
30508,25396,5299,40
30509,25397,5265,19
30510,25397,5300,19
30511,25398,5300,19
30512,25399,5300,36
30513,25400,5300,16
30514,25401,5091,5
30515,25401,5126,29
30516,25402,5126,47
30517,25403,5126,26
30518,25404,5126,47
30519,25405,5302,28
30520,25406,5302,34
30521,25407,5302,23
30522,25408,5302,20
30523,25409,5198,52
30524,25410,5198,24
30525,25411,5198,23
30526,25412,5198,13
30527,25412,5233,27
30528,25413,5199,18
30529,25414,5199,32
30530,25415,5199,21
30531,25416,5199,9
30532,25416,5234,27
30533,25417,5130,31
30534,25417,5165,28
30535,25418,5165,16
30536,25419,5165,35
30537,25420,5165,22
30538,25421,5376,5
30539,25421,5411,38
30540,25422,5411,41
30541,25423,5411,24
30542,25424,5411,35
30543,25425,5552,66
30544,25425,5587,9
30545,25426,5587,32
30546,25427,5587,21
30547,25428,5587,19
30548,25429,5413,24
30549,25430,5413,16
30550,25431,5413,20
30551,25432,5413,23
30552,25433,4889,33
30553,25434,4889,14
30554,25435,4889,39
30555,25436,4889,33
30556,25437,5310,28
30557,25437,5345,23
30558,25438,5345,26
30559,25439,5345,28
30560,25440,5345,37
30561,25441,5136,42
30562,25442,5136,19
30563,25443,5136,22
30564,25444,5136,45
30565,25445,4997,32
30566,25446,4997,23
30567,25446,5032,29
30568,25447,5032,14
30569,25448,5032,22
30570,25449,5418,36
30571,25449,5453,4
30572,25450,5453,26
30573,25451,5453,15
30574,25452,5453,27
30575,25453,5489,24
30576,25454,5489,17
30577,25455,5489,27
30578,25455,5524,12
30579,25456,5524,50
30580,25457,5175,28
30581,25458,5175,6
30582,25459,5175,19
30583,25460,5175,31
30584,25460,5210,6
30585,25461,5421,38
30586,25462,5421,17
30587,25462,5456,17
30588,25463,5456,27
30589,25464,5456,32
30590,25465,5072,43
30591,25466,5072,12
30592,25467,5072,30
30593,25468,5107,47
30594,25469,5283,21
30595,25470,5283,12
30596,25471,5283,16
30597,25472,5283,21
30598,25473,4724,34
30599,25474,4724,39
30600,25475,4724,12
30601,25476,4724,27
30602,25477,5320,35
30603,25478,5320,14
30604,25479,5320,20
30605,25480,5320,52
30606,25480,5355,2
30607,25481,5111,34
30608,25482,5111,36
30609,25483,5111,13
30610,25484,5111,11
30611,25484,5146,18
30612,25485,5042,4
30613,25485,5077,36
30614,25486,5077,35
30615,25487,5077,31
30616,25488,5077,17
30617,25489,5323,27
30618,25490,5323,55
30619,25491,5323,2
30620,25491,5358,17
30621,25492,5358,32
30622,25493,5184,46
30623,25494,5184,2
30624,25494,5219,22
30625,25495,5219,38
30626,25496,5219,18
30627,25497,5290,66
30628,25498,5290,12
30629,25499,5290,28
30630,25500,5290,19
30631,25500,5325,8
30632,25501,5151,56
30633,25502,5151,34
30634,25502,5186,5
30635,25503,5186,25
30636,25504,5186,18
30637,25505,5397,58
30638,25506,5397,37
30639,25507,5397,47
30640,25508,5397,27
30641,25508,5432,24
30642,25509,4838,14
30643,25509,4873,45
30644,25510,4873,13
30645,25511,4873,20
30646,25512,4873,30
30647,25513,5224,17
30648,25513,5259,29
30649,25514,5259,33
30650,25515,5259,18
30651,25516,5259,32
30652,25517,5365,33
30653,25518,5365,39
30654,25519,5365,24
30655,25520,5365,30
30656,25521,5331,51
30657,25522,5331,24
30658,25522,5366,26
30659,25523,5366,17
30660,25524,5366,33
30661,25525,5332,48
30662,25526,5332,9
30663,25526,5367,31
30664,25527,5367,14
30665,25528,5367,23
30666,25529,5473,41
30667,25530,5473,24
30668,25530,5508,11
30669,25531,5508,28
30670,25532,5508,10
30671,25533,5299,32
30672,25534,5299,11
30673,25534,5334,26
30674,25535,5334,19
30675,25536,5334,46
30676,25537,5300,51
30677,25538,5300,24
30678,25539,5300,5
30679,25539,5335,15
30680,25540,5335,53
30681,25541,5126,25
30682,25541,5161,19
30683,25542,5161,11
30684,25543,5161,28
30685,25544,5161,20
30686,25545,5302,25
30687,25546,5302,31
30688,25547,5302,18
30689,25548,5302,23
30690,25548,5337,53
30691,25549,5233,46
30692,25550,5233,37
30693,25551,5233,49
30694,25552,5233,8
30695,25552,5268,17
30696,25553,5234,44
30697,25554,5234,27
30698,25555,5234,15
30699,25556,5234,60
30700,25557,5165,6
30701,25557,5200,29
30702,25558,5200,34
30703,25559,5200,18
30704,25560,5200,41
30705,25561,5411,18
30706,25561,5446,31
30707,25562,5446,40
30708,25563,5446,17
30709,25564,5446,21
30710,25565,5587,53
30711,25566,5587,34
30712,25567,5587,23
30713,25568,5587,19
30714,25568,5622,6
30715,25569,5413,53
30716,25570,5413,5
30717,25570,5448,26
30718,25571,5448,14
30719,25572,5448,37
30720,25573,4889,44
30721,25574,4889,21
30722,25574,4924,24
30723,25575,4924,30
30724,25576,4924,46
30725,25576,4959,1
30726,25577,5345,32
30727,25578,5345,7
30728,25578,5380,21
30729,25579,5380,8
30730,25580,5380,26
30731,25581,5136,14
30732,25581,5171,33
30733,25582,5171,19
30734,25583,5171,43
30735,25584,5171,21
30736,25585,5032,44
30737,25586,5032,38
30738,25586,5067,9
30739,25587,5067,40
30740,25588,5067,35
30741,25589,5453,43
30742,25590,5453,19
30743,25591,5453,34
30744,25592,5453,1
30745,25592,5488,41
30746,25593,5524,49
30747,25594,5524,30
30748,25595,5524,19
30749,25595,5559,6
30750,25596,5559,35
30751,25597,5210,32
30752,25598,5210,25
30753,25599,5210,18
30754,25600,5210,14
30755,25601,5456,10
30756,25602,5456,25
30757,25603,5456,19
30758,25604,5456,23
30759,25605,5107,63
30760,25606,5107,29
30761,25607,5107,37
30762,25608,5107,13
30763,25608,5142,38
30764,25609,5283,49
30765,25609,5318,13
30766,25610,5318,30
30767,25611,5318,43
30768,25612,5318,35
30769,25613,4724,56
30770,25614,4724,24
30771,25615,4724,25
30772,25615,4759,16
30773,25616,4759,49
30774,25617,5355,48
30775,25618,5355,32
30776,25619,5355,48
30777,25620,5355,37
30778,25621,5146,70
30779,25622,5146,17
30780,25623,5146,17
30781,25624,5146,60
30782,25625,5077,51
30783,25626,5077,23
30784,25626,5112,28
30785,25627,5112,17
30786,25628,5112,49
30787,25629,5358,46
30788,25630,5358,25
30789,25631,5358,12
30790,25632,5358,21
30791,25633,5219,70
30792,25634,5219,36
30793,25635,5219,10
30794,25635,5254,11
30795,25636,5254,50
30796,25637,5325,27
30797,25638,5325,33
30798,25639,5325,33
30799,25640,5325,47
30800,25641,5186,47
30801,25642,5186,42
30802,25643,5186,7
30803,25643,5221,24
30804,25644,5221,34
30805,25645,5432,99
30806,25646,5432,48
30807,25647,5432,32
30808,25647,5467,4
30809,25648,5467,51
30810,25649,4873,56
30811,25649,4908,11
30812,25650,4908,32
30813,25651,4908,21
30814,25652,4908,78
30815,25653,5259,68
30816,25654,5259,8
30817,25654,5294,44
30818,25655,5294,47
30819,25656,5294,67
30820,25657,5365,17
30821,25657,5400,20
30822,25658,5400,42
30823,25659,5400,7
30824,25660,5400,38
30825,25661,5366,18
30826,25662,5366,38
30827,25663,5366,16
30828,25664,5366,22
30829,25664,5401,26
30830,25665,5367,36
30831,25666,5367,21
30832,25667,5367,12
30833,25667,5402,14
30834,25668,5402,21
30835,25669,5508,40
30836,25670,5508,28
30837,25671,5508,3
30838,25672,5508,29
30839,25673,5334,44
30840,25674,5334,45
30841,25675,5334,22
30842,25675,5369,8
30843,25676,5369,21
30844,25677,5335,34
30845,25678,5335,26
30846,25679,5335,20
30847,25680,5335,16
30848,25681,5161,29
30849,25682,5161,39
30850,25683,5161,16
30851,25683,5196,8
30852,25684,5196,59
30853,25685,5337,60
30854,25686,5337,33
30855,25686,5372,30
30856,25687,5372,12
30857,25688,5372,56
30858,25689,5268,44
30859,25690,5268,26
30860,25691,5268,20
30861,25692,5268,47
30862,25693,5234,11
30863,25693,5269,46
30864,25694,5269,22
30865,25695,5269,34
30866,25696,5269,47
30867,25697,5200,37
30868,25698,5200,12
30869,25698,5235,36
30870,25699,5235,46
30871,25700,5235,23
30872,25701,5446,65
30873,25702,5446,29
30874,25703,5446,5
30875,25703,5481,24
30876,25704,5481,41
30877,25705,5622,36
30878,25706,5622,26
30879,25707,5622,22
30880,25708,5622,29
30881,25709,5448,34
30882,25710,5448,61
30883,25711,5448,19
30884,25711,5483,34
30885,25712,5483,58
30886,25713,4959,63
30887,25714,4959,20
30888,25715,4959,33
30889,25716,4959,19
30890,25716,4994,27
30891,25717,5380,75
30892,25718,5380,35
30893,25719,5380,28
30894,25719,5415,7
30895,25720,5415,53
30896,25721,5171,54
30897,25721,5206,53
30898,25722,5206,21
30899,25723,5206,24
30900,25724,5206,20
30901,25725,5067,44
30902,25726,5067,4
30903,25726,5102,44
30904,25727,5102,60
30905,25728,5102,43
30906,25729,5488,44
30907,25730,5488,19
30908,25731,5488,29
30909,25732,5488,40
30910,25733,5559,31
30911,25734,5559,29
30912,25735,5559,13
30913,25736,5559,63
30914,25737,5210,36
30915,25738,5210,25
30916,25739,5210,16
30917,25739,5245,15
30918,25740,5245,59
30919,25741,5456,54
30920,25742,5456,24
30921,25743,5456,39
30922,25744,5456,8
30923,25744,5491,23
30924,25745,5142,69
30925,25746,5142,17
30926,25747,5142,36
30927,25747,5177,11
30928,25748,5177,34
30929,25749,5318,34
30930,25750,5318,19
30931,25751,5318,10
30932,25751,5353,38
30933,25752,5353,30
30934,25753,4759,59
30935,25753,4794,1
30936,25754,4794,50
30937,25755,4794,23
30938,25756,4794,26
30939,25757,5355,56
30940,25757,5390,3
30941,25758,5390,18
30942,25759,5390,10
30943,25760,5390,44
30944,25761,5146,1
30945,25761,5181,30
30946,25762,5181,20
30947,25763,5181,32
30948,25764,5181,57
30949,25765,5112,40
30950,25765,5147,9
30951,25766,5147,43
30952,25767,5147,36
30953,25768,5147,50
30954,25769,5358,28
30955,25769,5393,13
30956,25770,5393,63
30957,25771,5393,28
30958,25772,5393,34
30959,25773,5254,63
30960,25774,5254,26
30961,25775,5254,28
30962,25776,5254,29
30963,25776,5289,8
30964,25777,5325,39
30965,25778,5325,41
30966,25779,5325,23
30967,25779,5360,2
30968,25780,5360,38
30969,25781,5221,58
30970,25782,5221,32
30971,25782,5256,10
30972,25783,5256,25
30973,25784,5256,61
30974,25785,5467,32
30975,25786,5467,28
30976,25787,5467,28
30977,25788,5467,13
30978,25789,4908,18
30979,25789,4943,14
30980,25790,4943,44
30981,25791,4943,38
30982,25792,4943,29
30983,25792,4978,12
30984,25793,5294,36
30985,25794,5294,40
30986,25795,5294,29
30987,25796,5294,1
30988,25796,5329,78
30989,25797,5400,37
30990,25798,5400,41
30991,25799,5400,6
30992,25799,5435,30
30993,25800,5435,66
30994,25801,5401,43
30995,25802,5401,35
30996,25803,5401,49
30997,25804,5401,13
30998,25804,5436,24
30999,25805,5402,58
31000,25806,5402,15
31001,25807,5402,21
31002,25808,5402,30
31003,25809,5508,83
31004,25810,5508,1
31005,25810,5543,61
31006,25811,5543,31
31007,25812,5543,34
31008,25813,5369,60
31009,25814,5369,23
31010,25815,5369,28
31011,25816,5369,18
31012,25817,5335,10
31013,25817,5370,57
31014,25818,5370,33
31015,25819,5370,31
31016,25820,5370,26
31017,25821,5196,37
31018,25822,5196,42
31019,25822,5231,1
31020,25823,5231,62
31021,25824,5231,53
31022,25825,5372,32
31023,25826,5372,28
31024,25827,5372,36
31025,25828,5372,27
31026,25828,5407,7
31027,25829,5268,41
31028,25830,5268,24
31029,25830,5303,13
31030,25831,5303,23
31031,25832,5303,49
31032,25833,5269,53
31033,25834,5269,26
31034,25835,5269,5
31035,25835,5304,40
31036,25836,5304,35
31037,25837,5235,51
31038,25837,5270,54
31039,25838,5270,36
31040,25839,5270,18
31041,25840,5270,53
31042,25840,5305,6
31043,25841,5481,80
31044,25842,5481,51
31045,25843,5481,26
31046,25844,5481,31
31047,25844,5516,12
31048,25845,5622,37
31049,25846,5622,42
31050,25847,5622,24
31051,25848,5622,8
31052,25848,5657,31
31053,25849,5483,26
31054,25850,5483,41
31055,25851,5483,17
31056,25852,5483,62
31057,25853,4994,64
31058,25854,4994,20
31059,25855,4994,17
31060,25856,4994,20
31061,25856,5029,37
31062,25857,5415,40
31063,25858,5415,47
31064,25859,5415,26
31065,25860,5415,22
31066,25860,5450,29
31067,25861,5206,79
31068,25862,5206,1
31069,25862,5241,47
31070,25863,5241,10
31071,25864,5241,27
31072,25865,5102,27
31073,25865,5137,22
31074,25866,5137,37
31075,25867,5137,15
31076,25868,5137,22
31077,25869,5488,14
31078,25869,5523,60
31079,25870,5523,33
31080,25871,5523,14
31081,25872,5523,24
31082,25873,5559,39
31083,25874,5559,39
31084,25875,5559,23
31085,25876,5559,34
31086,25877,5245,49
31087,25878,5245,30
31088,25879,5245,3
31089,25879,5280,14
31090,25880,5280,47
31091,25881,5491,31
31092,25882,5491,23
31093,25883,5491,46
31094,25884,5491,26
31095,25885,5177,9
31096,25886,5177,28
31097,25887,5177,29
31098,25888,5177,4
31099,25888,5212,29
31100,25889,5353,67
31101,25890,5353,14
31102,25890,5388,36
31103,25891,5388,25
31104,25892,5388,36
31105,25893,4794,41
31106,25893,4829,6
31107,25894,4829,33
31108,25895,4829,22
31109,25896,4829,34
31110,25897,5390,57
31111,25898,5390,30
31112,25899,5390,21
31113,25900,5390,27
31114,25900,5425,32
31115,25901,5216,57
31116,25902,5216,53
31117,25903,5216,28
31118,25904,5216,8
31119,25904,5251,68
31120,25905,5147,23
31121,25906,5147,31
31122,25906,5182,5
31123,25907,5182,43
31124,25908,5182,58
31125,25909,5393,58
31126,25910,5393,12
31127,25910,5428,22
31128,25911,5428,32
31129,25912,5428,65
31130,25913,5289,57
31131,25914,5289,52
31132,25915,5289,41
31133,25915,5324,12
31134,25916,5324,73
31135,25917,5360,45
31136,25918,5360,23
31137,25919,5360,30
31138,25920,5360,33
31139,25921,5256,50
31140,25922,5256,11
31141,25922,5291,72
31142,25923,5291,31
31143,25924,5291,37
31144,25925,5467,55
31145,25925,5502,6
31146,25926,5502,49
31147,25927,5502,49
31148,25928,5502,78
31149,25929,4978,92
31150,25930,4978,50
31151,25930,5013,1
31152,25931,5013,25
31153,25932,5013,48
31154,25933,5329,44
31155,25934,5329,38
31156,25935,5329,28
31157,25936,5329,8
31158,25936,5364,48
31159,25937,5435,27
31160,25938,5435,64
31161,25939,5435,62
31162,25940,5435,1
31163,25940,5470,50
31164,25941,5436,76
31165,25942,5436,65
31166,25943,5436,38
31167,25944,5436,45
31168,25945,5402,34
31169,25945,5437,57
31170,25946,5437,35
31171,25947,5437,38
31172,25948,5437,73
31173,25948,5472,11
31174,25949,5543,60
31175,25950,5543,64
31176,25951,5543,39
31177,25951,5578,32
31178,25952,5578,36
31179,25953,5369,23
31180,25953,5404,14
31181,25954,5404,35
31182,25955,5404,29
31183,25956,5404,40
31184,25957,5370,56
31185,25957,5405,28
31186,25958,5405,33
31187,25959,5405,30
31188,25960,5405,54
31189,25961,5231,55
31190,25962,5231,20
31191,25963,5231,6
31192,25963,5266,24
31193,25964,5266,54
31194,25965,5407,46
31195,25966,5407,44
31196,25967,5407,54
31197,25967,5442,13
31198,25968,5442,43
31199,25969,5303,88
31200,25969,5338,2
31201,25970,5338,39
31202,25971,5338,40
31203,25972,5338,64
31204,25973,5304,91
31205,25974,5304,16
31206,25974,5339,6
31207,25975,5339,47
31208,25976,5339,80
31209,25976,5374,4
31210,25977,5305,110
31211,25978,5305,37
31212,25979,5305,23
31213,25980,5305,56
31214,25981,5516,81
31215,25982,5516,43
31216,25983,5516,33
31217,25984,5516,39
31218,25985,5657,84
31219,25986,5657,72
31220,25987,5657,21
31221,25988,5657,43
31222,25989,5483,20
31223,25989,5518,9
31224,25990,5518,67
31225,25991,5518,59
31226,25992,5518,57
31227,25993,5029,52
31228,25994,5029,38
31229,25995,5029,24
31230,25995,5064,14
31231,25996,5064,32
31232,25997,5450,66
31233,25998,5450,59
31234,25999,5450,31
31235,25999,5485,3
31236,26000,5485,24
31237,26001,5241,61
31238,26002,5241,20
31239,26002,5276,16
31240,26003,5276,26
31241,26004,5276,45
31242,26005,5137,69
31243,26006,5137,4
31244,26006,5172,23
31245,26007,5172,50
31246,26008,5172,53
31247,26009,5523,76
31248,26009,5558,13
31249,26010,5558,113
31250,26011,5558,36
31251,26012,5558,43
31252,26013,5559,9
31253,26013,5594,46
31254,26014,5594,89
31255,26015,5594,24
31256,26016,5594,62
31257,26017,5280,38
31258,26018,5280,39
31259,26019,5280,31
31260,26020,5280,32
31261,26021,5491,28
31262,26021,5526,76
31263,26022,5526,72
31264,26023,5526,42
31265,26024,5526,51
31266,26024,5561,18
31267,26025,5212,97
31268,26026,5212,3
31269,26026,5247,22
31270,26027,5247,47
31271,26028,5247,61
31272,26029,5388,44
31273,26030,5388,46
31274,26031,5388,30
31275,26031,5423,11
31276,26032,5423,55
31277,26033,4829,52
31278,26033,4864,10
31279,26034,4864,22
31280,26035,4864,45
31281,26036,4864,47
31282,26037,5425,106
31283,26038,5425,50
31284,26039,5425,13
31285,26039,5460,18
31286,26040,5460,37
31287,26041,5251,75
31288,26042,5251,20
31289,26042,5286,33
31290,26043,5286,64
31291,26044,5286,44
31292,26044,5321,20
31293,26045,5182,106
31294,26045,5217,8
31295,26046,5217,81
31296,26047,5217,51
31297,26048,5217,13
31298,26048,5252,60
31299,26049,5428,64
31300,26050,5428,49
31301,26050,5463,49
31302,26051,5463,38
31303,26052,5463,27
31304,26053,5324,87
31305,26054,5324,35
31306,26055,5324,21
31307,26055,5359,17
31308,26056,5359,78
31309,26057,5360,61
31310,26057,5395,102
31311,26058,5395,58
31312,26059,5395,20
31313,26059,5430,20
31314,26060,5430,72
31315,26061,5291,17
31316,26061,5326,99
31317,26062,5326,58
31318,26062,5361,1
31319,26063,5361,45
31320,26064,5361,94
31321,26065,5502,88
31322,26065,5537,63
31323,26066,5537,56
31324,26067,5537,27
31325,26068,5537,74
31326,26068,5572,23
31327,26069,5013,39
31328,26070,5013,40
31329,26070,5048,37
31330,26071,5048,65
31331,26072,5048,55
31332,26073,5364,142
31333,26074,5364,15
31334,26074,5399,30
31335,26075,5399,21
31336,26076,5399,57
31337,26077,5470,136
31338,26078,5470,16
31339,26079,5470,8
31340,26079,5505,49
31341,26080,5505,52
31342,26081,5436,39
31343,26081,5471,117
31344,26082,5471,24
31345,26083,5471,35
31346,26084,5471,31
31347,26084,5506,80
31348,26085,5472,91
31349,26086,5472,55
31350,26087,5472,61
31351,26088,5472,8
31352,26088,5507,23
31353,26089,5578,98
31354,26090,5578,25
31355,26090,5613,21
31356,26091,5613,46
31357,26092,5613,26
31358,26093,5404,60
31359,26094,5404,12
31360,26094,5439,24
31361,26095,5439,29
31362,26096,5439,117
31363,26097,5405,5
31364,26097,5440,98
31365,26098,5440,48
31366,26099,5440,59
31367,26100,5440,2
31368,26100,5475,44
31369,26101,5266,60
31370,26102,5266,63
31371,26103,5266,30
31372,26103,5301,15
31373,26104,5301,41
31374,26105,5442,130
31375,26106,5442,84
31376,26106,5477,1
31377,26107,5477,57
31378,26108,5477,32
31379,26109,5338,65
31380,26109,5373,64
31381,26110,5373,58
31382,26111,5373,32
31383,26112,5373,38
31384,26113,5374,84
31385,26114,5374,68
31386,26115,5374,21
31387,26115,5409,29
31388,26116,5409,33
31389,26117,5340,150
31390,26118,5340,28
31391,26118,5375,33
31392,26119,5375,34
31393,26120,5375,27
31394,26121,5516,111
31395,26122,5516,21
31396,26122,5551,3
31397,26123,5551,45
31398,26124,5551,83
31399,26125,5657,60
31400,26125,5692,90
31401,26126,5692,92
31402,26127,5692,22
31403,26128,5692,50
31404,26129,5518,60
31405,26130,5518,12
31406,26130,5553,42
31407,26131,5553,49
31408,26132,5553,66
31409,26133,5064,48
31410,26134,5064,27
31411,26134,5099,12
31412,26135,5099,71
31413,26136,5099,21
31414,26136,5134,12
31415,26137,5485,15
31416,26138,5485,72
31417,26139,5485,65
31418,26140,5485,19
31419,26141,5276,73
31420,26141,5311,27
31421,26142,5311,112
31422,26143,5311,45
31423,26143,5346,5
31424,26144,5346,50
31425,26145,5172,40
31426,26145,5207,99
31427,26146,5207,40
31428,26147,5207,21
31429,26147,5242,13
31430,26148,5242,84
31431,26149,5558,82
31432,26150,5558,18
31433,26150,5593,17
31434,26151,5593,58
31435,26152,5593,69
31436,26153,5594,8
31437,26153,5629,73
31438,26154,5629,35
31439,26155,5629,56
31440,26156,5629,1
31441,26157,5280,43
31442,26157,5315,27
31443,26158,5315,81
31444,26159,5315,41
31445,26160,5315,37
31446,26160,5350,52
31447,26161,5561,48
31448,26162,5561,72
31449,26163,5561,44
31450,26164,5561,41
31451,26165,5247,5
31452,26165,5282,68
31453,26166,5282,58
31454,26167,5282,47
31455,26168,5282,74
31456,26169,5423,88
31457,26170,5423,31
31458,26171,5423,27
31459,26171,5458,8
31460,26172,5458,43
31461,26173,4864,44
31462,26173,4899,38
31463,26174,4899,64
31464,26175,4899,44
31465,26175,4934,13
31466,26176,4934,66
31467,26177,5460,57
31468,26178,5460,25
31469,26179,5460,51
31470,26180,5460,51
31471,26180,5495,41
31472,26181,5321,95
31473,26182,5321,38
31474,26182,5356,20
31475,26183,5356,37
31476,26184,5356,81
31477,26185,5252,62
31478,26186,5252,27
31479,26187,5252,19
31480,26187,5287,41
31481,26188,5287,61
31482,26189,5463,80
31483,26190,5463,36
31484,26191,5463,2
31485,26191,5498,38
31486,26192,5498,22
31487,26193,5359,69
31488,26194,5359,27
31489,26194,5394,4
31490,26195,5394,44
31491,26196,5394,89
31492,26197,5430,66
31493,26198,5430,72
31494,26198,5465,13
31495,26199,5465,44
31496,26200,5465,45
31497,26201,5361,29
31498,26201,5396,27
31499,26202,5396,61
31500,26203,5396,28
31501,26204,5396,59
31502,26204,5431,2
31503,26205,5572,117
31504,26206,5572,57
31505,26207,5572,29
31506,26208,5572,52
31507,26209,5048,54
31508,26209,5083,55
31509,26210,5083,51
31510,26211,5083,66
31511,26212,5083,10
31512,26212,5118,31
31513,26213,5399,67
31514,26214,5399,20
31515,26214,5434,41
31516,26215,5434,45
31517,26216,5434,44
31518,26217,5505,53
31519,26218,5505,33
31520,26219,5505,53
31521,26220,5505,1
31522,26220,5540,105
31523,26221,5506,68
31524,26222,5506,74
31525,26222,5541,34
31526,26223,5541,52
31527,26224,5541,82
31528,26225,5507,54
31529,26226,5507,74
31530,26227,5507,34
31531,26228,5507,11
31532,26228,5542,59
31533,26229,5613,101
31534,26230,5613,53
31535,26231,5613,13
31536,26231,5648,57
31537,26232,5648,30
31538,26233,5439,54
31539,26233,5474,46
31540,26234,5474,59
31541,26235,5474,91
31542,26236,5474,53
31543,26236,5509,25
31544,26237,5475,37
31545,26238,5475,65
31546,26239,5475,46
31547,26240,5475,33
31548,26240,5510,51
31549,26241,5301,74
31550,26242,5301,54
31551,26243,5301,43
31552,26244,5301,1
31553,26244,5336,42
31554,26245,5477,114
31555,26245,5512,4
31556,26246,5512,28
31557,26247,5512,14
31558,26248,5512,68
31559,26249,5373,9
31560,26249,5408,64
31561,26250,5408,36
31562,26251,5408,41
31563,26252,5408,46
31564,26253,5409,80
31565,26254,5409,33
31566,26255,5409,3
31567,26255,5444,44
31568,26256,5444,68
31569,26257,5375,39
31570,26257,5410,54
31571,26258,5410,67
31572,26259,5410,30
31573,26260,5445,110
31574,26261,5551,77
31575,26262,5551,54
31576,26262,5586,38
31577,26263,5586,24
31578,26264,5586,88
31579,26265,5692,34
31580,26265,5727,76
31581,26266,5727,68
31582,26267,5727,96
31583,26268,5727,53
31584,26269,5553,37
31585,26269,5588,8
31586,26270,5588,90
31587,26271,5588,32
31588,26272,5588,58
31589,26273,5134,90
31590,26274,5134,68
31591,26275,5134,16
31592,26275,5169,11
31593,26276,5169,70
31594,26277,5485,103
31595,26277,5520,22
31596,26278,5520,44
31597,26279,5520,32
31598,26280,5520,71
31599,26280,5555,19
31600,26281,5346,47
31601,26282,5346,41
31602,26282,5381,40
31603,26283,5381,45
31604,26284,5381,43
31605,26285,5242,73
31606,26286,5242,3
31607,26286,5277,71
31608,26287,5277,16
31609,26288,5277,58
31610,26289,5593,84
31611,26290,5593,3
31612,26290,5628,29
31613,26291,5628,47
31614,26292,5628,44
31615,26293,5629,56
31616,26294,5629,99
31617,26295,5629,8
31618,26295,5664,25
31619,26296,5664,85
31620,26297,5350,70
31621,26298,5350,37
31622,26299,5350,34
31623,26300,5350,41
31624,26300,5385,39
31625,26301,5561,47
31626,26301,5596,45
31627,26302,5596,33
31628,26303,5596,34
31629,26304,5596,42
31630,26305,5282,10
31631,26305,5317,104
31632,26306,5317,73
31633,26307,5352,27
31634,26308,5352,48
31635,26309,5458,85
31636,26310,5458,71
31637,26311,5458,49
31638,26312,5458,99
31639,26313,4934,75
31640,26314,4934,25
31641,26314,4969,36
31642,26315,4969,31
31643,26316,4969,70
31644,26316,5004,3
31645,26317,5495,50
31646,26318,5495,71
31647,26319,5495,36
31648,26319,5530,35
31649,26320,5530,45
31650,26321,5356,26
31651,26322,5356,19
31652,26323,5356,14
31653,26323,5391,3
31654,26324,5391,42
31655,26325,5287,29
31656,26326,5287,35
31657,26327,5287,6
31658,26328,5287,26
31659,26328,5322,21
31660,26329,5498,24
31661,26330,5498,12
31662,26331,5498,12
31663,26332,5498,37
31664,26333,5394,33
31665,26333,5429,28
31666,26334,5429,34
31667,26335,5429,21
31668,26336,5429,23
31669,26337,5465,13
31670,26338,5465,35
31671,26339,5465,11
31672,26340,5465,25
31673,26341,5431,60
31674,26342,5431,26
31675,26343,5431,39
31676,26344,5431,28
31677,26345,5572,6
31678,26345,5607,36
31679,26346,5607,28
31680,26347,5607,13
31681,26348,5607,7
31682,26349,5118,41
31683,26350,5118,16
31684,26351,5118,38
31685,26352,5118,21
31686,26352,5153,34
31687,26353,5434,65
31688,26354,5434,35
31689,26355,5434,25
31690,26356,5434,3
31691,26356,5469,57
31692,26357,5540,42
31693,26358,5540,23
31694,26359,5540,16
31695,26360,5540,48
31696,26360,5575,10
31697,26361,5541,47
31698,26362,5541,28
31699,26363,5541,2
31700,26363,5576,14
31701,26364,5576,43
31702,26365,5542,9
31703,26366,5542,37
31704,26367,5542,21
31705,26368,5542,32
31706,26369,5648,19
31707,26370,5648,52
31708,26371,5648,21
31709,26372,5648,30
31710,26373,5509,47
31711,26374,5509,15
31712,26375,5509,18
31713,26376,5509,15
31714,26377,5510,18
31715,26378,5510,51
31716,26379,5510,25
31717,26380,5510,25
31718,26381,5336,49
31719,26382,5336,17
31720,26383,5336,19
31721,26384,5336,38
31722,26385,5512,13
31723,26386,5512,40
31724,26387,5512,29
31725,26388,5512,27
31726,26389,5408,18
31727,26389,5443,20
31728,26390,5443,32
31729,26391,5443,20
31730,26392,5443,54
31731,26393,5444,43
31732,26394,5444,8
31733,26394,5479,30
31734,26395,5479,30
31735,26396,5479,34
31736,26397,5445,25
31737,26398,5445,39
31738,26399,5445,19
31739,26399,5480,7
31740,26400,5480,35
31741,26401,5586,38
31742,26402,5586,13
31743,26403,5586,14
31744,26404,5586,38
31745,26405,5727,12
31746,26405,5762,42
31747,26406,5762,15
31748,26407,5762,18
31749,26408,5762,26
31750,26409,5588,31
31751,26410,5588,19
31752,26411,5623,23
31753,26412,5623,47
31754,26413,5169,39
31755,26414,5169,13
31756,26415,5169,17
31757,26416,5169,42
31758,26417,5555,46
31759,26418,5555,42
31760,26419,5555,17
31761,26420,5555,21
31762,26421,5381,50
31763,26422,5381,3
31764,26422,5416,19
31765,26423,5416,32
31766,26424,5416,22
31767,26425,5277,42
31768,26426,5277,22
31769,26426,5312,26
31770,26427,5312,30
31771,26428,5312,35
31772,26429,5628,71
31773,26430,5628,18
31774,26431,5628,40
31775,26432,5628,35
31776,26433,5664,66
31777,26434,5664,30
31778,26435,5664,41
31779,26436,5664,25
31780,26437,5385,47
31781,26438,5385,31
31782,26439,5385,13
31783,26440,5385,32
31784,26440,5420,36
31785,26441,5596,30
31786,26442,5596,58
31787,26443,5596,20
31788,26444,5596,9
31789,26444,5631,3
31790,26445,5352,58
31791,26446,5352,24
31792,26447,5352,15
31793,26447,5387,4
31794,26448,5387,27
31795,26449,5458,2
31796,26449,5493,44
31797,26450,5493,33
31798,26451,5493,43
31799,26452,5493,59
31800,26453,5004,62
31801,26454,5004,34
31802,26455,5004,26
31803,26455,5039,15
31804,26456,5039,40
31805,26457,5530,35
31806,26458,5530,14
31807,26459,5530,22
31808,26460,5530,18
31809,26460,5565,37
31810,26461,5391,43
31811,26462,5391,18
31812,26463,5391,13
31813,26464,5391,26
31814,26464,5426,2
31815,26465,5322,15
31816,26466,5322,20
31817,26467,5322,34
31818,26468,5322,13
31819,26469,5498,66
31820,26470,5498,8
31821,26470,5533,24
31822,26471,5533,22
31823,26472,5533,30
31824,26473,5429,41
31825,26473,5464,20
31826,26474,5464,48
31827,26475,5464,18
31828,26476,5464,20
31829,26477,5465,38
31830,26477,5500,12
31831,26478,5500,30
31832,26479,5500,39
31833,26480,5500,37
31834,26481,5431,25
31835,26482,5431,12
31836,26483,5431,16
31837,26484,5431,32
31838,26484,5466,11
31839,26485,5607,40
31840,26486,5607,40
31841,26487,5607,34
31842,26488,5607,28
31843,26489,5153,38
31844,26490,5153,36
31845,26490,5188,3
31846,26491,5188,24
31847,26492,5188,28
31848,26493,5469,33
31849,26494,5469,25
31850,26495,5469,19
31851,26496,5469,28
31852,26497,5575,68
31853,26498,5575,21
31854,26499,5575,26
31855,26500,5575,24
31856,26501,5576,46
31857,26502,5576,26
31858,26503,5576,40
31859,26504,5576,29
31860,26505,5542,27
31861,26506,5542,40
31862,26507,5542,41
31863,26508,5542,6
31864,26508,5577,13
31865,26509,5648,27
31866,26510,5648,15
31867,26511,5648,40
31868,26512,5648,22
31869,26512,5683,16
31870,26513,5509,55
31871,26514,5509,39
31872,26515,5509,22
31873,26516,5509,37
31874,26517,5510,54
31875,26518,5510,19
31876,26519,5510,14
31877,26519,5545,1
31878,26520,5545,47
31879,26521,5336,30
31880,26521,5371,8
31881,26522,5371,23
31882,26523,5371,26
31883,26524,5371,20
31884,26525,5512,10
31885,26525,5547,47
31886,26526,5547,29
31887,26527,5547,11
31888,26528,5547,50
31889,26529,5443,66
31890,26530,5443,7
31891,26531,5443,22
31892,26532,5443,30
31893,26533,5479,37
31894,26534,5479,20
31895,26535,5479,30
31896,26536,5479,36
31897,26537,5480,55
31898,26538,5480,36
31899,26539,5480,15
31900,26540,5480,37
31901,26541,5586,27
31902,26541,5621,1
31903,26542,5621,54
31904,26543,5621,21
31905,26544,5621,9
31906,26545,5762,67
31907,26546,5762,22
31908,26547,5762,14
31909,26548,5762,65
31910,26549,5623,29
31911,26550,5623,22
31912,26551,5623,30
31913,26552,5623,31
31914,26553,5169,8
31915,26553,5204,55
31916,26554,5204,37
31917,26555,5204,13
31918,26556,5204,32
31919,26557,5555,40
31920,26558,5555,25
31921,26559,5555,2
31922,26559,5590,18
31923,26560,5590,22
31924,26561,5416,27
31925,26562,5416,28
31926,26563,5416,20
31927,26564,5416,25
31928,26565,5312,67
31929,26566,5312,4
31930,26566,5347,24
31931,26567,5347,22
31932,26568,5347,13
31933,26569,5628,15
31934,26570,5628,30
31935,26571,5628,29
31936,26572,5628,23
31937,26573,5664,13
31938,26574,5664,3
31939,26574,5699,43
31940,26575,5699,31
31941,26576,5699,36
31942,26577,5420,68
31943,26578,5420,19
31944,26579,5420,41
31945,26580,5420,30
31946,26580,5455,5
31947,26581,5631,62
31948,26582,5631,35
31949,26583,5631,22
31950,26584,5631,25
31951,26585,5387,16
31952,26586,5387,38
31953,26587,5387,30
31954,26588,5387,35
31955,26589,5493,34
31956,26590,5493,25
31957,26591,5493,11
31958,26592,5493,26
31959,26593,5039,42
31960,26594,5039,18
31961,26595,5039,21
31962,26596,5039,16
31963,26596,5074,13
31964,26597,5565,29
31965,26598,5565,13
31966,26599,5565,14
31967,26600,5565,65
31968,26601,5426,39
31969,26602,5426,24
31970,26603,5426,45
31971,26604,5426,44
31972,26605,5322,36
31973,26605,5357,30
31974,26606,5357,42
31975,26607,5357,52
31976,26608,5357,10
31977,26608,5392,58
31978,26609,5533,31
31979,26610,5533,20
31980,26611,5533,18
31981,26612,5533,52
31982,26613,5464,60
31983,26614,5464,18
31984,26615,5464,27
31985,26616,5464,15
31986,26616,5499,32
31987,26617,5500,28
31988,26618,5500,13
31989,26618,5535,36
31990,26619,5535,25
31991,26620,5535,13
31992,26621,5466,58
31993,26622,5466,19
31994,26623,5466,26
31995,26624,5466,41
31996,26625,5607,57
31997,26626,5607,41
31998,26627,5607,6
31999,26627,5642,9
32000,26628,5642,31
32001,26629,5188,61
32002,26630,5188,44
32003,26630,5223,8
32004,26631,5223,20
32005,26632,5223,38
32006,26633,5469,31
32007,26633,5504,33
32008,26634,5504,24
32009,26635,5504,21
32010,26636,5504,18
32011,26637,5575,34
32012,26638,5575,22
32013,26639,5575,22
32014,26640,5575,8
32015,26640,5610,24
32016,26641,5576,65
32017,26642,5576,6
32018,26642,5611,27
32019,26643,5611,22
32020,26644,5611,36
32021,26645,5577,37
32022,26646,5577,40
32023,26647,5577,28
32024,26648,5577,24
32025,26649,5683,38
32026,26650,5683,31
32027,26651,5683,23
32028,26652,5683,24
32029,26653,5509,38
32030,26654,5509,29
32031,26655,5509,3
32032,26655,5544,21
32033,26656,5544,26
32034,26657,5545,80
32035,26658,5545,25
32036,26659,5545,44
32037,26660,5545,38
32038,26661,5371,47
32039,26662,5371,24
32040,26663,5371,8
32041,26663,5406,12
32042,26664,5406,26
32043,26665,5547,34
32044,26666,5547,21
32045,26667,5547,18
32046,26668,5547,15
32047,26669,5443,33
32048,26669,5478,11
32049,26670,5478,43
32050,26671,5478,12
32051,26672,5478,23
32052,26673,5479,67
32053,26674,5479,1
32054,26674,5514,19
32055,26675,5514,33
32056,26676,5514,18
32057,26677,5480,36
32058,26678,5480,20
32059,26679,5480,15
32060,26679,5515,7
32061,26680,5515,61
32062,26681,5621,50
32063,26682,5621,23
32064,26683,5621,23
32065,26684,5621,47
32066,26685,5762,82
32067,26686,5762,39
32068,26686,5797,11
32069,26687,5797,19
32070,26688,5797,24
32071,26689,5623,30
32072,26690,5623,16
32073,26690,5658,32
32074,26691,5658,31
32075,26692,5658,32
32076,26693,5204,32
32077,26694,5204,19
32078,26695,5239,64
32079,26696,5239,52
32080,26697,5590,35
32081,26698,5590,42
32082,26699,5590,12
32083,26700,5590,17
32084,26701,5416,19
32085,26701,5451,41
32086,26702,5451,60
32087,26703,5451,14
32088,26704,5451,62
32089,26705,5347,49
32090,26706,5347,21
32091,26707,5347,17
32092,26708,5347,40
32093,26708,5382,2
32094,26709,5628,15
32095,26709,5663,22
32096,26710,5663,26
32097,26711,5663,42
32098,26712,5663,30
32099,26713,5699,59
32100,26714,5699,37
32101,26715,5699,21
32102,26716,5699,27
32103,26717,5455,45
32104,26718,5455,20
32105,26719,5455,23
32106,26720,5455,34
32107,26721,5631,55
32108,26722,5631,35
32109,26723,5631,19
32110,26724,5631,48
32111,26725,5387,49
32112,26725,5422,12
32113,26726,5422,7
32114,26727,5422,21
32115,26728,5422,54
32116,26729,5493,28
32117,26729,5528,37
32118,26730,5528,55
32119,26731,5528,23
32120,26732,5528,65
32121,26733,5074,25
32122,26734,5074,15
32123,26735,5074,34
32124,26736,5074,52
32125,26736,5109,12
32126,26737,5565,42
32127,26738,5565,16
32128,26739,5565,1
32129,26739,5600,22
32130,26740,5600,29
32131,26741,5426,49
32132,26742,5426,18
32133,26743,5426,17
32134,26743,5461,12
32135,26744,5461,57
32136,26745,5392,34
32137,26746,5392,33
32138,26747,5392,34
32139,26748,5392,46
32140,26749,5533,57
32141,26750,5533,19
32142,26750,5568,12
32143,26751,5568,29
32144,26752,5568,25
32145,26753,5499,81
32146,26754,5499,40
32147,26755,5499,37
32148,26756,5499,3
32149,26756,5534,39
32150,26757,5535,63
32151,26758,5535,73
32152,26759,5535,21
32153,26759,5570,7
32154,26760,5570,29
32155,26761,5466,47
32156,26762,5466,29
32157,26762,5501,15
32158,26763,5501,23
32159,26764,5501,45
32160,26765,5642,61
32161,26766,5642,32
32162,26767,5642,31
32163,26768,5642,32
32164,26769,5223,44
32165,26770,5223,30
32166,26771,5223,37
32167,26772,5223,7
32168,26772,5258,50
32169,26773,5504,52
32170,26774,5504,35
32171,26775,5504,19
32172,26776,5504,34
32173,26777,5610,66
32174,26778,5610,23
32175,26779,5610,24
32176,26780,5610,44
32177,26781,5611,69
32178,26782,5611,28
32179,26783,5611,28
32180,26784,5611,29
32181,26785,5577,50
32182,26786,5577,77
32183,26787,5577,34
32184,26787,5612,19
32185,26788,5612,69
32186,26789,5683,30
32187,26790,5683,17
32188,26791,5683,17
32189,26792,5683,43
32190,26793,5544,60
32191,26794,5544,57
32192,26795,5544,21
32193,26796,5544,3
32194,26796,5579,41
32195,26797,5545,7
32196,26797,5580,71
32197,26798,5580,37
32198,26799,5580,17
32199,26800,5580,40
32200,26801,5406,73
32201,26802,5406,37
32202,26802,5441,15
32203,26803,5441,16
32204,26804,5441,39
32205,26805,5547,43
32206,26806,5547,4
32207,26806,5582,45
32208,26807,5582,15
32209,26808,5582,69
32210,26809,5478,39
32211,26810,5478,36
32212,26811,5478,18
32213,26812,5478,37
32214,26813,5514,44
32215,26814,5514,38
32216,26815,5514,20
32217,26816,5514,68
32218,26817,5515,49
32219,26818,5515,27
32220,26819,5515,26
32221,26820,5515,37
32222,26821,5621,56
32223,26822,5621,28
32224,26823,5621,40
32225,26824,5621,23
32226,26824,5656,12
32227,26825,5797,42
32228,26826,5797,55
32229,26827,5797,24
32230,26828,5797,30
32231,26829,5658,31
32232,26830,5658,66
32233,26831,5658,44
32234,26832,5658,39
32235,26833,5239,11
32236,26833,5274,27
32237,26834,5274,69
32238,26835,5274,19
32239,26836,5274,38
32240,26837,5590,45
32241,26838,5590,39
32242,26839,5590,2
32243,26839,5625,37
32244,26840,5625,40
32245,26841,5451,49
32246,26841,5486,18
32247,26842,5486,31
32248,26843,5486,17
32249,26844,5486,70
32250,26845,5382,44
32251,26846,5382,68
32252,26847,5382,29
32253,26848,5382,25
32254,26848,5417,5
32255,26849,5663,28
32256,26850,5663,28
32257,26851,5663,20
32258,26852,5663,49
32259,26853,5699,45
32260,26853,5734,17
32261,26854,5734,45
32262,26855,5734,27
32263,26856,5734,51
32264,26857,5455,48
32265,26858,5455,70
32266,26859,5455,16
32267,26859,5490,7
32268,26860,5490,24
32269,26861,5631,58
32270,26861,5666,9
32271,26862,5666,21
32272,26863,5666,46
32273,26864,5666,44
32274,26865,5422,22
32275,26866,5422,36
32276,26867,5422,41
32277,26868,5422,32
32278,26869,5528,40
32279,26870,5528,26
32280,26871,5528,25
32281,26872,5528,39
32282,26872,5563,3
32283,26873,5109,81
32284,26874,5109,37
32285,26875,5109,6
32286,26875,5144,46
32287,26876,5144,36
32288,26877,5600,44
32289,26878,5600,56
32290,26879,5600,32
32291,26880,5600,35
32292,26881,5461,61
32293,26882,5461,48
32294,26883,5461,18
32295,26884,5461,59
32296,26884,5496,29
32297,26885,5392,25
32298,26885,5427,7
32299,26886,5427,53
32300,26887,5427,23
32301,26888,5427,95
32302,26889,5568,34
32303,26890,5568,47
32304,26891,5568,69
32305,26891,5603,15
32306,26892,5603,35
32307,26893,5534,52
32308,26894,5534,41
32309,26895,5534,23
32310,26896,5534,37
32311,26897,5570,26
32312,26898,5570,46
32313,26899,5570,59
32314,26900,5570,67
32315,26901,5501,85
32316,26902,5501,42
32317,26903,5501,6
32318,26903,5536,43
32319,26904,5536,83
32320,26905,5642,79
32321,26906,5642,2
32322,26906,5677,43
32323,26907,5677,29
32324,26908,5677,77
32325,26909,5258,43
32326,26910,5258,60
32327,26911,5258,29
32328,26912,5258,45
32329,26912,5293,21
32330,26913,5504,30
32331,26914,5504,21
32332,26914,5539,36
32333,26915,5539,49
32334,26916,5539,69
32335,26917,5610,57
32336,26918,5610,21
32337,26919,5610,26
32338,26919,5645,45
32339,26920,5645,75
32340,26921,5611,99
32341,26921,5646,9
32342,26922,5646,47
32343,26923,5646,25
32344,26924,5646,45
32345,26925,5612,70
32346,26926,5612,48
32347,26927,5612,41
32348,26928,5612,70
32349,26928,5647,3
32350,26929,5683,54
32351,26929,5718,16
32352,26930,5718,43
32353,26931,5718,43
32354,26932,5718,41
32355,26933,5579,64
32356,26934,5579,38
32357,26935,5579,21
32358,26935,5614,25
32359,26936,5614,82
32360,26937,5580,37
32361,26938,5580,51
32362,26938,5615,5
32363,26939,5615,50
32364,26940,5615,53
32365,26941,5441,73
32366,26942,5441,28
32367,26943,5441,27
32368,26944,5441,60
32369,26945,5582,40
32370,26946,5582,16
32371,26947,5582,21
32372,26948,5582,17
32373,26948,5617,30
32374,26949,5478,94
32375,26949,5513,3
32376,26950,5513,53
32377,26951,5513,30
32378,26952,5513,72
32379,26953,5514,41
32380,26953,5549,9
32381,26954,5549,35
32382,26955,5549,24
32383,26956,5549,35
32384,26957,5515,20
32385,26957,5550,36
32386,26958,5550,39
32387,26959,5550,43
32388,26960,5550,26
32389,26961,5656,63
32390,26962,5656,42
32391,26963,5656,14
32392,26964,5656,49
32393,26965,5797,32
32394,26965,5832,55
32395,26966,5832,39
32396,26967,5832,39
32397,26968,5832,41
32398,26969,5658,26
32399,26969,5693,76
32400,26970,5693,27
32401,26971,5693,56
32402,26972,5693,69
32403,26973,5274,43
32404,26973,5309,27
32405,26974,5309,59
32406,26975,5309,23
32407,26976,5309,56
32408,26977,5625,54
32409,26978,5625,21
32410,26979,5625,56
32411,26980,5625,89
32412,26981,5486,25
32413,26981,5521,51
32414,26982,5521,50
32415,26983,5521,16
32416,26984,5521,77
32417,26985,5417,35
32418,26986,5417,42
32419,26987,5417,25
32420,26988,5417,36
32421,26989,5663,57
32422,26989,5698,25
32423,26990,5698,38
32424,26991,5698,43
32425,26992,5698,36
32426,26993,5734,73
32427,26994,5734,17
32428,26995,5734,34
32429,26996,5734,17
32430,26996,5769,35
32431,26997,5490,72
32432,26998,5490,40
32433,26999,5490,51
32434,27000,5490,55
32435,27000,5525,15
32436,27001,5666,52
32437,27002,5666,46
32438,27003,5666,30
32439,27004,5666,41
32440,27004,5701,2
32441,27005,5422,40
32442,27005,5457,17
32443,27006,5457,82
32444,27007,5457,34
32445,27008,5457,39
32446,27009,5563,78
32447,27010,5563,63
32448,27011,5563,13
32449,27012,5563,5
32450,27012,5598,65
32451,27013,5144,28
32452,27013,5179,6
32453,27014,5179,39
32454,27015,5179,68
32455,27016,5179,39
32456,27017,5600,40
32457,27017,5635,55
32458,27018,5635,49
32459,27019,5635,46
32460,27020,5635,57
32461,27020,5670,6
32462,27021,5496,75
32463,27022,5496,75
32464,27023,5496,39
32465,27024,5496,57
32466,27024,5531,7
32467,27025,5427,70
32468,27025,5462,13
32469,27026,5462,50
32470,27027,5462,51
32471,27028,5462,50
32472,27028,5497,36
32473,27029,5603,86
32474,27030,5603,54
32475,27031,5603,36
32476,27032,5603,72
32477,27033,5534,3
32478,27033,5569,96
32479,27034,5569,103
32480,27035,5569,56
32481,27036,5604,83
32482,27037,5570,23
32483,27037,5605,33
32484,27038,5605,65
32485,27039,5605,60
32486,27040,5605,32
32487,27041,5536,88
32488,27042,5536,21
32489,27043,5536,27
32490,27044,5536,21
32491,27044,5571,60
32492,27045,5677,81
32493,27046,5677,63
32494,27047,5677,58
32495,27048,5677,27
32496,27048,5712,24
32497,27049,5293,47
32498,27050,5293,70
32499,27051,5293,54
32500,27052,5293,44
32501,27053,5539,58
32502,27054,5539,16
32503,27054,5574,62
32504,27055,5574,24
32505,27056,5574,61
32506,27057,5645,72
32507,27058,5645,57
32508,27059,5645,59
32509,27059,5680,62
32510,27060,5680,127
32511,27061,5646,83
32512,27062,5646,15
32513,27062,5681,27
32514,27063,5681,70
32515,27064,5681,123
32516,27065,5647,93
32517,27066,5647,59
32518,27067,5647,30
32519,27068,5647,121
32520,27068,5682,8
32521,27069,5718,54
32522,27070,5718,89
32523,27071,5718,4
32524,27071,5753,37
32525,27072,5753,72
32526,27073,5614,53
32527,27074,5614,70
32528,27075,5614,28
32529,27076,5614,14
32530,27076,5649,53
32531,27077,5615,63
32532,27078,5615,64
32533,27079,5615,60
32534,27080,5615,38
32535,27081,5441,9
32536,27081,5476,94
32537,27082,5476,77
32538,27083,5476,48
32539,27083,5511,22
32540,27084,5511,124
32541,27085,5617,135
32542,27086,5617,58
32543,27087,5617,23
32544,27088,5617,36
32545,27089,5513,70
32546,27090,5513,32
32547,27090,5548,39
32548,27091,5548,36
32549,27092,5548,139
32550,27093,5549,59
32551,27094,5549,52
32552,27095,5549,21
32553,27096,5549,2
32554,27096,5584,42
32555,27097,5550,69
32556,27098,5550,22
32557,27099,5550,40
32558,27099,5585,47
32559,27100,5585,53
32560,27101,5656,62
32561,27102,5656,44
32562,27103,5656,30
32563,27103,5691,8
32564,27104,5691,53
32565,27105,5832,54
32566,27106,5832,54
32567,27107,5832,25
32568,27107,5867,12
32569,27108,5867,55
32570,27109,5693,20
32571,27109,5728,40
32572,27110,5728,59
32573,27111,5728,39
32574,27112,5728,81
32575,27113,5309,63
32576,27114,5309,16
32577,27114,5344,36
32578,27115,5344,43
32579,27116,5344,46
32580,27117,5625,8
32581,27117,5660,90
32582,27118,5660,69
32583,27119,5660,22
32584,27120,5660,36
32585,27121,5521,53
32586,27122,5521,4
32587,27122,5556,101
32588,27123,5556,64
32589,27124,5556,100
32590,27125,5417,68
32591,27126,5452,62
32592,27127,5452,74
32593,27128,5452,76
32594,27129,5698,68
32595,27130,5698,33
32596,27131,5698,40
32597,27132,5698,48
32598,27132,5733,26
32599,27133,5769,66
32600,27134,5769,54
32601,27135,5769,47
32602,27136,5769,55
32603,27137,5525,122
32604,27138,5525,89
32605,27139,5525,2
32606,27139,5560,41
32607,27140,5560,129
32608,27141,5701,37
32609,27142,5701,88
32610,27143,5701,39
32611,27144,5701,45
32612,27145,5457,76
32613,27146,5457,2
32614,27146,5492,75
32615,27147,5492,47
32616,27148,5492,82
32617,27149,5598,92
32618,27150,5598,55
32619,27151,5598,24
32620,27152,5598,37
32621,27152,5633,60
32622,27153,5179,11
32623,27153,5214,59
32624,27154,5214,48
32625,27155,5214,23
32626,27156,5214,3
32627,27156,5249,40
32628,27157,5670,110
32629,27158,5670,46
32630,27159,5670,66
32631,27159,5705,6
32632,27160,5705,65
32633,27161,5531,139
32634,27162,5531,93
32635,27163,5531,27
32636,27163,5566,17
32637,27164,5566,41
32638,27165,5497,82
32639,27166,5497,31
32640,27166,5532,45
32641,27167,5532,85
32642,27168,5532,25
32643,27169,5603,12
32644,27169,5638,63
32645,27170,5638,66
32646,27171,5638,48
32647,27172,5638,47
32648,27173,5604,61
32649,27174,5604,38
32650,27175,5604,30
32651,27176,5604,42
32652,27177,5605,108
32653,27178,5605,58
32654,27179,5605,62
32655,27180,5605,13
32656,27180,5640,62
32657,27181,5571,88
32658,27182,5571,37
32659,27182,5606,29
32660,27183,5606,30
32661,27184,5606,48
32662,27185,5712,72
32663,27186,5712,39
32664,27187,5712,69
32665,27188,5712,59
32666,27188,5747,17
32667,27189,5293,2
32668,27189,5328,43
32669,27190,5328,80
32670,27191,5328,40
32671,27192,5328,24
32672,27193,5574,96
32673,27194,5574,27
32674,27195,5574,25
32675,27195,5609,14
32676,27196,5609,26
32677,27197,5680,53
32678,27198,5680,4
32679,27198,5715,46
32680,27199,5715,28
32681,27200,5715,45
32682,27201,5681,11
32683,27201,5716,142
32684,27202,5716,46
32685,27203,5716,16
32686,27203,5751,25
32687,27204,5751,31
32688,27205,5682,74
32689,27206,5682,35
32690,27207,5682,40
32691,27208,5682,54
32692,27209,5753,75
32693,27210,5753,104
32694,27211,5753,30
32695,27212,5753,18
32696,27212,5788,68
32697,27213,5649,38
32698,27214,5649,96
32699,27215,5649,28
32700,27216,5649,49
32701,27217,5615,8
32702,27217,5650,53
32703,27218,5650,27
32704,27219,5650,43
32705,27220,5650,42
32706,27221,5511,55
32707,27221,5546,96
32708,27222,5546,17
32709,27223,5546,27
32710,27224,5546,48
32711,27225,5617,71
32712,27226,5617,9
32713,27226,5652,72
32714,27227,5652,55
32715,27228,5652,73
32716,27229,5548,25
32717,27230,5548,42
32718,27230,5583,17
32719,27231,5583,47
32720,27232,5583,57
32721,27233,5584,68
32722,27234,5584,127
32723,27235,5619,33
32724,27236,5619,60
32725,27237,5585,65
32726,27238,5585,37
32727,27239,5585,49
32728,27240,5585,18
32729,27240,5620,25
32730,27241,5691,53
32731,27242,5691,52
32732,27243,5691,44
32733,27244,5691,30
32734,27244,5726,43
32735,27245,5867,99
32736,27246,5867,31
32737,27246,5902,122
32738,27247,5902,31
32739,27248,5902,37
32740,27249,5728,50
32741,27250,5728,7
32742,27250,5763,64
32743,27251,5763,25
32744,27252,5763,19
32745,27253,5344,67
32746,27253,5379,56
32747,27254,5379,57
32748,27255,5379,79
32749,27256,5379,57
32750,27257,5660,70
32751,27258,5660,38
32752,27258,5695,20
32753,27259,5695,28
32754,27260,5695,38
32755,27261,5556,41
32756,27261,5591,55
32757,27262,5591,51
32758,27263,5591,39
32759,27264,5591,59
32760,27264,5626,1
32761,27265,5452,14
32762,27265,5487,42
32763,27266,5487,72
32764,27267,5487,26
32765,27268,5487,21
32766,27269,5733,23
32767,27270,5733,43
32768,27271,5733,38
32769,27272,5733,106
32770,27273,5769,17
32771,27273,5804,19
32772,27274,5804,47
32773,27275,5804,59
32774,27276,5804,43
32775,27277,5560,50
32776,27278,5560,27
32777,27278,5595,28
32778,27279,5595,34
32779,27280,5595,51
32780,27281,5701,60
32781,27282,5701,45
32782,27283,5701,63
32783,27283,5736,34
32784,27284,5736,85
32785,27285,5492,27
32786,27285,5527,31
32787,27286,5527,53
32788,27287,5527,64
32789,27288,5527,61
32790,27289,5633,67
32791,27290,5633,49
32792,27291,5633,66
32793,27292,5633,32
32794,27292,5668,19
32795,27293,5249,45
32796,27294,5249,43
32797,27294,5284,11
32798,27295,5284,26
32799,27296,5284,28
32800,27297,5705,80
32801,27298,5705,66
32802,27298,5740,10
32803,27299,5740,51
32804,27300,5740,75
32805,27301,5566,75
32806,27302,5566,30
32807,27303,5566,10
32808,27303,5601,9
32809,27304,5601,33
32810,27305,5532,12
32811,27305,5567,6
32812,27306,5567,29
32813,27307,5567,23
32814,27308,5567,37
32815,27309,5638,19
32816,27310,5638,33
32817,27310,5673,11
32818,27311,5673,29
32819,27312,5673,14
32820,27313,5604,41
32821,27314,5604,40
32822,27315,5604,32
32823,27316,5604,4
32824,27316,5639,36
32825,27317,5640,60
32826,27318,5640,42
32827,27319,5640,14
32828,27320,5640,16
32829,27321,5606,34
32830,27322,5606,56
32831,27323,5606,35
32832,27324,5606,13
32833,27324,5641,50
32834,27325,5747,51
32835,27326,5747,22
32836,27327,5747,20
32837,27328,5747,24
32838,27329,5328,28
32839,27329,5363,16
32840,27330,5363,32
32841,27331,5363,22
32842,27332,5363,23
32843,27333,5609,24
32844,27334,5609,34
32845,27335,5609,39
32846,27336,5609,24
32847,27337,5715,41
32848,27338,5715,28
32849,27339,5715,24
32850,27340,5715,21
32851,27341,5751,68
32852,27342,5751,36
32853,27343,5751,14
32854,27344,5751,16
32855,27345,5682,16
32856,27346,5682,19
32857,27347,5682,23
32858,27348,5682,44
32859,27349,5788,39
32860,27350,5788,22
32861,27351,5788,12
32862,27352,5788,19
32863,27353,5649,15
32864,27353,5684,39
32865,27354,5684,28
32866,27355,5684,41
32867,27356,5684,31
32868,27357,5650,37
32869,27357,5685,1
32870,27358,5685,10
32871,27359,5685,21
32872,27360,5685,19
32873,27361,5581,25
32874,27362,5581,20
32875,27363,5581,27
32876,27364,5581,23
32877,27365,5652,53
32878,27366,5652,17
32879,27366,5687,20
32880,27367,5687,25
32881,27368,5687,20
32882,27369,5583,24
32883,27370,5583,18
32884,27371,5583,19
32885,27372,5583,10
32886,27372,5618,23
32887,27373,5619,39
32888,27374,5619,21
32889,27375,5619,26
32890,27376,5619,39
32891,27376,5654,20
32892,27377,5620,24
32893,27378,5620,21
32894,27379,5620,15
32895,27380,5620,39
32896,27381,5726,31
32897,27382,5726,29
32898,27383,5726,21
32899,27384,5726,43
32900,27385,5902,49
32901,27386,5902,23
32902,27387,5902,15
32903,27388,5902,29
32904,27389,5763,52
32905,27390,5763,31
32906,27391,5763,26
32907,27392,5763,33
32908,27393,5379,2
32909,27393,5414,22
32910,27394,5414,18
32911,27395,5414,22
32912,27396,5414,60
32913,27397,5695,57
32914,27398,5695,21
32915,27399,5695,16
32916,27400,5695,38
32917,27401,5626,69
32918,27402,5626,18
32919,27403,5626,20
32920,27404,5626,38
32921,27405,5487,26
32922,27406,5487,22
32923,27406,5522,2
32924,27407,5522,27
32925,27408,5522,20
32926,27409,5733,24
32927,27410,5733,39
32928,27411,5768,16
32929,27412,5768,15
32930,27413,5804,23
32931,27414,5804,6
32932,27415,5804,25
32933,27416,5804,48
32934,27417,5595,41
32935,27418,5595,8
32936,27419,5595,13
32937,27420,5595,43
32938,27421,5736,51
32939,27422,5736,28
32940,27423,5736,26
32941,27424,5736,21
32942,27425,5527,35
32943,27426,5527,48
32944,27427,5527,18
32945,27428,5527,39
32946,27429,5668,30
32947,27430,5668,23
32948,27431,5668,30
32949,27432,5668,44
32950,27433,5284,43
32951,27434,5284,21
32952,27435,5284,50
32953,27436,5284,30
32954,27437,5740,36
32955,27438,5740,25
32956,27439,5740,34
32957,27440,5740,30
32958,27441,5601,36
32959,27442,5601,21
32960,27443,5601,20
32961,27444,5601,30
32962,27445,5567,40
32963,27446,5567,29
32964,27447,5567,15
32965,27448,5567,28
32966,27449,5673,71
32967,27450,5673,15
32968,27451,5673,20
32969,27452,5673,53
32970,27453,5639,46
32971,27454,5639,35
32972,27455,5639,34
32973,27456,5639,32
32974,27457,5640,30
32975,27458,5640,39
32976,27459,5640,14
32977,27459,5675,7
32978,27460,5675,25
32979,27461,5641,24
32980,27462,5641,58
32981,27463,5641,28
32982,27464,5641,27
32983,27465,5747,56
32984,27466,5747,20
32985,27467,5747,19
32986,27468,5747,47
32987,27469,5363,50
32988,27470,5363,8
32989,27470,5398,18
32990,27471,5398,28
32991,27472,5398,55
32992,27473,5609,29
32993,27474,5609,26
32994,27475,5609,10
32995,27475,5644,18
32996,27476,5644,35
32997,27477,5715,43
32998,27478,5715,32
32999,27479,5715,7
33000,27479,5750,30
33001,27480,5750,21
33002,27481,5751,24
33003,27482,5751,17
33004,27483,5751,15
33005,27484,5751,37
33006,27485,5682,24
33007,27485,5717,10
33008,27486,5717,20
33009,27487,5717,13
33010,27488,5717,16
33011,27489,5788,29
33012,27490,5788,39
33013,27490,5823,6
33014,27491,5823,11
33015,27492,5823,33
33016,27493,5684,19
33017,27494,5684,27
33018,27495,5684,25
33019,27496,5684,28
33020,27497,5685,30
33021,27498,5685,48
33022,27499,5685,19
33023,27500,5685,19
33024,27501,5581,42
33025,27502,5581,23
33026,27503,5581,21
33027,27504,5581,21
33028,27505,5687,52
33029,27506,5687,21
33030,27507,5687,19
33031,27508,5687,28
33032,27509,5618,50
33033,27510,5618,47
33034,27511,5618,11
33035,27512,5618,37
33036,27513,5654,31
33037,27514,5654,19
33038,27515,5654,35
33039,27516,5654,59
33040,27517,5620,55
33041,27518,5620,34
33042,27519,5620,13
33043,27520,5620,30
33044,27520,5655,13
33045,27521,5726,11
33046,27522,5726,11
33047,27522,5761,10
33048,27523,5761,7
33049,27524,5761,24
33050,27525,5902,22
33051,27525,5937,38
33052,27526,5937,44
33053,27527,5937,17
33054,27528,5937,51
33055,27529,5763,14
33056,27529,5798,24
33057,27530,5798,27
33058,27531,5798,25
33059,27532,5798,60
33060,27533,5414,39
33061,27534,5414,27
33062,27534,5449,11
33063,27535,5449,40
33064,27536,5449,42
33065,27537,5695,35
33066,27538,5695,3
33067,27538,5730,45
33068,27539,5730,18
33069,27540,5730,25
33070,27541,5626,34
33071,27542,5626,21
33072,27543,5626,20
33073,27544,5626,34
33074,27545,5522,29
33075,27546,5522,19
33076,27547,5522,23
33077,27548,5522,33
33078,27549,5768,45
33079,27550,5768,43
33080,27551,5768,27
33081,27552,5768,51
33082,27553,5804,1
33083,27553,5839,25
33084,27554,5839,30
33085,27555,5839,15
33086,27556,5839,46
33087,27557,5595,21
33088,27557,5630,23
33089,27558,5630,40
33090,27559,5630,26
33091,27560,5630,20
33092,27561,5736,55
33093,27561,5771,11
33094,27562,5771,19
33095,27563,5771,9
33096,27564,5771,29
33097,27565,5527,16
33098,27565,5562,20
33099,27566,5562,19
33100,27567,5562,24
33101,27568,5562,26
33102,27569,5668,54
33103,27570,5668,22
33104,27571,5668,21
33105,27572,5668,37
33106,27573,5284,7
33107,27573,5319,33
33108,27574,5319,24
33109,27575,5319,20
33110,27576,5319,47
33111,27577,5740,49
33112,27578,5740,30
33113,27578,5775,12
33114,27579,5775,32
33115,27580,5775,44
33116,27581,5601,88
33117,27582,5601,61
33118,27582,5636,4
33119,27583,5636,108
33120,27584,5636,100
33121,27585,5567,48
33122,27585,5602,117
33123,27586,5602,57
33124,27587,5602,56
33125,27588,5602,5
33126,27588,5637,46
33127,27589,5673,124
33128,27589,5708,13
33129,27590,5708,64
33130,27591,5708,103
33131,27592,5708,114
33132,27593,5639,118
33133,27594,5639,13
33134,27594,5674,87
33135,27595,5674,106
33136,27596,5674,70
33137,27597,5675,80
33138,27598,5675,49
33139,27599,5675,114
33140,27600,5675,74
33141,27601,5641,115
33142,27601,5676,109
33143,27602,5676,177
33144,27603,5676,6
33145,27603,5711,32
33146,27604,5711,192
33147,27605,5747,19
33148,27605,5782,158
33149,27606,5782,87
33150,27607,5782,11
33151,27607,5817,56
33152,27608,5817,79
33153,27609,5398,103
33154,27609,5433,7
33155,27610,5433,73
33156,27611,5433,50
33157,27612,5433,44
33158,27612,5468,78
33159,27613,5644,97
33160,27614,5644,137
33161,27615,5644,43
33162,27615,5679,78
33163,27616,5679,149
33164,27617,5750,170
33165,27618,5750,35
33166,27618,5785,142
33167,27619,5785,80
33168,27620,5785,56
33169,27620,5820,60
33170,27621,5751,34
33171,27621,5786,147
33172,27622,5786,35
33173,27623,5786,50
33174,27623,5821,9
33175,27624,5821,121
33176,27625,5717,91
33177,27626,5717,152
33178,27627,5717,52
33179,27628,5717,52
33180,27628,5752,23
33181,27629,5823,134
33182,27630,5823,18
33183,27631,5823,43
33184,27631,5858,18
33185,27632,5858,122
33186,27633,5684,8
33187,27633,5719,105
33188,27634,5719,151
33189,27634,5754,36
33190,27635,5754,111
33191,27636,5754,110
33192,27636,5789,1
33193,27637,5685,156
33194,27638,5685,30
33195,27638,5720,64
33196,27639,5720,48
33197,27640,5720,47
33198,27641,5581,6
33199,27641,5616,126
33200,27642,5616,51
33201,27643,5616,53
33202,27644,5616,5
33203,27644,5651,55
33204,27645,5687,29
33205,27645,5722,59
33206,27646,5722,54
33207,27647,5722,70
33208,27648,5722,113
33209,27648,5757,3
33210,27649,5618,108
33211,27649,5653,35
33212,27650,5653,106
33213,27651,5653,85
33214,27652,5653,114
33215,27653,5654,70
33216,27654,5654,46
33217,27655,5654,33
33218,27655,5689,19
33219,27656,5689,127
33220,27657,5655,108
33221,27658,5655,86
33222,27659,5655,12
33223,27659,5690,78
33224,27660,5690,90
33225,27661,5761,111
33226,27662,5761,39
33227,27662,5796,99
33228,27663,5796,52
33229,27664,5796,130
33230,27664,5831,3
33231,27665,5937,167
33232,27666,5937,96
33233,27667,5937,17
33234,27667,5972,69
33235,27668,5972,74
33236,27669,5798,105
33237,27669,5833,52
33238,27670,5833,57
33239,27671,5833,51
33240,27672,5833,79
33241,27673,5449,55
33242,27673,5484,129
33243,27674,5484,51
33244,27675,5484,62
33245,27675,5519,2
33246,27676,5519,46
33247,27677,5730,135
33248,27678,5730,68
33249,27678,5765,11
33250,27679,5765,43
33251,27680,5765,101
33252,27681,5626,17
33253,27681,5661,171
33254,27682,5661,69
33255,27682,5696,11
33256,27683,5696,33
33257,27684,5696,94
33258,27685,5522,55
33259,27686,5522,11
33260,27686,5557,75
33261,27687,5557,38
33262,27688,5557,110
33263,27689,5768,70
33264,27690,5768,13
33265,27690,5803,95
33266,27691,5803,42
33267,27692,5803,84
33268,27693,5839,103
33269,27694,5839,29
33270,27694,5874,24
33271,27695,5874,90
33272,27696,5874,36
33273,27697,5630,105
33274,27698,5630,1
33275,27698,5665,182
33276,27699,5665,24
33277,27700,5665,59
33278,27700,5700,46
33279,27701,5771,128
33280,27702,5771,68
33281,27703,5771,36
33282,27703,5806,33
33283,27704,5806,131
33284,27705,5562,77
33285,27706,5562,41
33286,27707,5562,36
33287,27707,5597,31
33288,27708,5597,66
33289,27709,5668,88
33290,27709,5703,35
33291,27710,5703,84
33292,27711,5703,46
33293,27712,5703,87
33294,27713,5319,35
33295,27713,5354,81
33296,27714,5354,42
33297,27715,5354,11
33298,27715,5389,119
33299,27716,5389,58
33300,27716,5424,58
33301,27717,5775,71
33302,27718,5775,51
33303,27718,5810,55
33304,27719,5810,71
33305,27720,5810,124
33306,27721,5636,97
33307,27722,5636,22
33308,27722,5671,66
33309,27723,5671,106
33310,27724,5671,75
33311,27725,5637,184
33312,27726,5637,94
33313,27726,5672,47
33314,27727,5672,53
33315,27728,5672,73
33316,27729,5708,54
33317,27729,5743,82
33318,27730,5743,73
33319,27731,5743,140
33320,27731,5778,13
33321,27732,5778,108
33322,27733,5674,27
33323,27733,5709,9
33324,27734,5709,96
33325,27735,5709,42
33326,27736,5709,104
33327,27736,5744,47
33328,27737,5675,28
33329,27737,5710,58
33330,27738,5710,70
33331,27739,5710,40
33332,27740,5710,132
33333,27741,5711,176
33334,27741,5746,15
33335,27742,5746,58
33336,27743,5746,39
33337,27744,5746,116
33338,27745,5817,134
33339,27745,5852,29
33340,27746,5852,75
33341,27747,5852,74
33342,27748,5852,76
33343,27748,5887,69
33344,27749,5468,172
33345,27749,5503,8
33346,27750,5503,111
33347,27751,5503,75
33348,27752,5503,75
33349,27753,5679,102
33350,27754,5679,16
33351,27754,5714,31
33352,27755,5714,104
33353,27756,5714,56
33354,27757,5820,172
33355,27757,5855,72
33356,27758,5855,118
33357,27759,5855,12
33358,27759,5890,90
33359,27760,5890,121
33360,27761,5821,113
33361,27761,5856,1
33362,27762,5856,169
33363,27763,5856,93
33364,27764,5856,22
33365,27764,5891,50
33366,27765,5752,152
33367,27766,5752,64
33368,27766,5787,58
33369,27767,5787,27
33370,27768,5787,47
33371,27769,5858,174
33372,27769,5893,37
33373,27770,5893,120
33374,27771,5893,65
33375,27771,5928,16
33376,27772,5928,147
33377,27773,5789,155
33378,27774,5789,115
33379,27774,5824,17
33380,27775,5824,53
33381,27776,5824,74
33382,27777,5720,99
33383,27777,5755,28
33384,27778,5755,80
33385,27779,5755,67
33386,27780,5755,63
33387,27781,5651,118
33388,27782,5651,115
33389,27783,5651,16
33390,27783,5686,72
33391,27784,5686,153
33392,27785,5757,166
33393,27786,5757,57
33394,27787,5757,52
33395,27788,5757,26
33396,27788,5792,167
33397,27789,5653,71
33398,27790,5653,13
33399,27790,5688,138
33400,27791,5688,56
33401,27792,5688,111
33402,27792,5723,2
33403,27793,5689,116
33404,27793,5724,188
33405,27794,5724,90
33406,27794,5759,100
33407,27795,5759,88
33408,27796,5759,69
33409,27796,5794,16
33410,27797,5690,49
33411,27797,5725,69
33412,27798,5725,70
33413,27799,5725,70
33414,27800,5725,63
33415,27801,5831,166
33416,27802,5831,34
33417,27803,5831,52
33418,27804,5831,41
33419,27804,5866,138
33420,27805,5972,29
33421,27805,6007,45
33422,27806,6007,114
33423,27806,6042,30
33424,27807,6042,28
33425,27808,6042,94
33426,27808,6077,97
33427,27809,5833,63
33428,27809,5868,62
33429,27810,5868,205
33430,27810,5903,2
33431,27811,5903,83
33432,27812,5903,166
33433,27813,5519,86
33434,27814,5519,73
33435,27815,5519,37
33436,27816,5519,35
33437,27816,5554,42
33438,27817,5765,57
33439,27817,5800,159
33440,27818,5800,138
33441,27819,5800,4
33442,27819,5835,105
33443,27820,5835,117
33444,27821,5696,163
33445,27822,5696,36
33446,27822,5731,186
33447,27823,5731,57
33448,27824,5731,66
33449,27825,5557,53
33450,27825,5592,75
33451,27826,5592,89
33452,27826,5627,15
33453,27827,5627,51
33454,27828,5627,112
33455,27829,5803,90
33456,27829,5838,153
33457,27830,5838,44
33458,27830,5873,114
33459,27831,5873,48
33460,27832,5873,70
33461,27832,5908,51
33462,27833,5874,100
33463,27833,5909,4
33464,27834,5909,119
33465,27835,5909,46
33466,27836,5909,44
33467,27837,5700,157
33468,27838,5700,65
33469,27839,5700,34
33470,27839,5735,54
33471,27840,5735,155
33472,27841,5806,115
33473,27841,5841,28
33474,27842,5841,43
33475,27843,5841,98
33476,27844,5841,88
33477,27845,5597,125
33478,27846,5597,54
33479,27846,5632,11
33480,27847,5632,111
33481,27848,5632,90
33482,27849,5703,42
33483,27849,5738,114
33484,27850,5738,79
33485,27851,5738,64
33486,27852,5738,3
33487,27852,5773,70
33488,27853,5424,96
33489,27853,5459,61
33490,27854,5459,112
33491,27855,5459,62
33492,27856,5459,9
33493,27856,5494,90
33494,27857,5810,10
33495,27857,5845,146
33496,27858,5845,68
33497,27859,5845,43
33498,27860,5845,70
33499,27860,5880,82
33500,27861,5671,42
33501,27861,5706,122
33502,27862,5706,97
33503,27863,5706,32
33504,27863,5741,65
33505,27864,5741,185
33506,27865,5672,88
33507,27866,5672,14
33508,27866,5707,46
33509,27867,5707,90
33510,27868,5707,79
33511,27869,5778,136
33512,27870,5778,97
33513,27871,5778,5
33514,27871,5813,88
33515,27872,5813,81
33516,27873,5744,214
33517,27873,5779,96
33518,27874,5779,46
33519,27875,5779,51
33520,27876,5779,54
33521,27876,5814,32
33522,27877,5710,56
33523,27877,5745,55
33524,27878,5745,96
33525,27879,5745,26
33526,27880,5745,63
33527,27881,5746,40
33528,27881,5781,135
33529,27882,5781,106
33530,27883,5781,43
33531,27883,5816,29
33532,27884,5816,125
33533,27885,5887,122
33534,27886,5887,76
33535,27887,5887,26
33536,27887,5922,177
33537,27888,5922,102
33538,27888,5957,16
33539,27889,5503,11
33540,27889,5538,31
33541,27890,5538,138
33542,27890,5573,8
33543,27891,5573,60
33544,27892,5573,133
33545,27893,5714,82
33546,27893,5749,119
33547,27894,5749,101
33548,27895,5749,38
33549,27895,5784,72
33550,27896,5784,119
33551,27897,5890,40
33552,27897,5925,107
33553,27898,5925,164
33554,27899,5925,22
33555,27899,5960,59
33556,27900,5960,53
33557,27900,5995,72
33558,27901,5891,183
33559,27901,5926,38
33560,27902,5926,67
33561,27903,5926,37
33562,27904,5926,127
33563,27905,5787,116
33564,27905,5822,50
33565,27906,5822,77
33566,27907,5822,78
33567,27908,5822,4
33568,27908,5857,178
33569,27909,5928,49
33570,27909,5963,72
33571,27910,5963,35
33572,27910,5998,54
33573,27911,5998,96
33574,27911,6033,20
33575,27912,6033,143
33576,27912,6068,1
33577,27913,5824,147
33578,27914,5824,47
33579,27914,5859,103
33580,27915,5859,85
33581,27916,5859,119
33582,27917,5755,124
33583,27917,5790,32
33584,27918,5790,66
33585,27919,5790,101
33586,27920,5790,94
33587,27921,5686,73
33588,27921,5721,58
33589,27922,5721,136
33590,27923,5721,67
33591,27924,5721,78
33592,27924,5756,62
33593,27925,5792,105
33594,27925,5827,154
33595,27926,5827,86
33596,27927,5827,8
33597,27927,5862,100
33598,27928,5862,118
33599,27928,5897,56
33600,27929,5723,181
33601,27930,5723,108
33602,27931,5723,62
33603,27932,5723,22
33604,27932,5758,47
33605,27933,5794,80
33606,27934,5794,61
33607,27935,5794,138
33608,27936,5794,39
33609,27936,5829,99
33610,27937,5725,19
33611,27937,5760,251
33612,27937,5795,42
33613,27938,5795,61
33614,27939,5795,86
33615,27940,5795,52
33616,27940,5830,83
33617,27941,5866,113
33618,27942,5866,113
33619,27942,5901,11
33620,27943,5901,136
33621,27944,5901,191
33622,27944,5936,10
33623,27945,6077,69
33624,27945,6112,92
33625,27946,6112,50
33626,27946,6147,57
33627,27947,6147,60
33628,27948,6147,67
33629,27948,6182,44
33630,27949,5903,38
33631,27949,5938,109
33632,27950,5938,168
33633,27950,5973,5
33634,27951,5973,60
33635,27952,5973,66
33636,27952,6008,113
33637,27952,6043,26
33638,27953,5554,95
33639,27954,5554,88
33640,27955,5554,19
33641,27955,5589,36
33642,27956,5589,100
33643,27957,5835,46
33644,27957,5870,67
33645,27958,5870,138
33646,27959,5870,80
33647,27959,5905,2
33648,27960,5905,162
33649,27961,5731,12
33650,27961,5766,101
33651,27962,5766,95
33652,27963,5766,76
33653,27964,5766,91
33654,27964,5801,69
33655,27965,5627,146
33656,27966,5627,12
33657,27966,5662,87
33658,27967,5662,115
33659,27968,5662,73
33660,27968,5697,2
33661,27969,5908,145
33662,27969,5943,85
33663,27970,5943,94
33664,27971,5943,80
33665,27972,5943,112
33666,27972,5978,15
33667,27973,5909,47
33668,27973,5944,101
33669,27974,5944,89
33670,27975,5944,43
33671,27976,5944,85
33672,27976,5979,75
33673,27976,6014,48
33674,27977,5735,136
33675,27978,5735,55
33676,27978,5770,81
33677,27979,5770,47
33678,27980,5770,98
33679,27981,5841,7
33680,27981,5876,57
33681,27982,5876,186
33682,27983,5876,91
33683,27983,5911,82
33684,27984,5911,108
33685,27985,5632,156
33686,27985,5667,3
33687,27986,5667,93
33688,27987,5667,133
33689,27988,5667,67
33690,27988,5702,114
33691,27989,5773,184
33692,27990,5773,61
33693,27991,5773,4
33694,27991,5808,68
33695,27992,5808,88
33696,27993,5494,114
33697,27993,5529,67
33698,27994,5529,164
33699,27994,5564,56
33700,27995,5564,123
33701,27996,5564,73
33702,27996,5599,51
33703,27997,5880,174
33704,27998,5880,29
33705,27998,5915,51
33706,27999,5915,70
33707,28000,5915,123
33708,28000,5950,11
33709,28001,5741,41
33710,28001,5776,137
33711,28002,5776,147
33712,28003,5776,42
33713,28003,5811,144
33714,28004,5811,119
33715,28004,5846,93
33716,28005,5707,79
33717,28005,5742,87
33718,28006,5742,101
33719,28007,5742,97
33720,28008,5742,3
33721,28008,5777,103
33722,28009,5813,117
33723,28010,5813,126
33724,28010,5848,63
33725,28011,5848,96
33726,28012,5848,102
33727,28012,5883,73
33728,28013,5814,175
33729,28014,5814,82
33730,28014,5849,67
33731,28015,5849,100
33732,28016,5849,124
33733,28016,5884,134
33734,28017,5745,54
33735,28017,5780,125
33736,28018,5780,149
33737,28018,5815,128
33738,28019,5815,109
33739,28019,5850,102
33740,28020,5850,145
33741,28020,5885,45
33742,28021,5816,100
33743,28021,5851,73
33744,28022,5851,88
33745,28023,5851,120
33746,28023,5886,18
33747,28024,5886,201
33748,28024,5921,42
33749,28025,5957,129
33750,28025,5992,87
33751,28026,5992,104
33752,28026,6027,24
33753,28027,6027,56
33754,28028,6027,90
33755,28028,6062,142
33756,28028,6097,78
33757,28029,5573,45
33758,28029,5608,52
33759,28030,5608,133
33760,28031,5608,93
33761,28032,5608,50
33762,28032,5643,50
33763,28033,5784,64
33764,28033,5819,116
33765,28034,5819,105
33766,28035,5819,43
33767,28035,5854,77
33768,28036,5854,135
33769,28037,5995,92
33770,28037,6030,67
33771,28038,6030,133
33772,28038,6065,57
33773,28039,6065,86
33774,28039,6100,73
33775,28040,6100,48
33776,28040,6135,163
33777,28040,6170,26
33778,28041,5926,131
33779,28041,5961,69
33780,28042,5961,56
33781,28042,5996,3
33782,28043,5996,131
33783,28043,6031,10
33784,28044,6031,178
33785,28044,6066,102
33786,28045,5857,79
33787,28045,5892,54
33788,28046,5892,104
33789,28047,5892,76
33790,28048,5892,27
33791,28048,5927,96
33792,28049,6068,117
33793,28050,6068,49
33794,28050,6103,75
33795,28051,6103,41
33796,28051,6138,70
33797,28052,6138,60
33798,28052,6173,95
33799,28053,5859,73
33800,28053,5894,95
33801,28054,5894,163
33802,28055,5894,49
33803,28055,5929,163
33804,28056,5929,80
33805,28056,5964,98
33806,28057,5790,77
33807,28057,5825,204
33808,28058,5825,121
33809,28059,5825,18
33810,28059,5860,129
33811,28060,5860,180
33812,28060,5895,8
33813,28061,5756,175
33814,28061,5791,164
33815,28062,5791,108
33816,28063,5791,37
33817,28063,5826,34
33818,28064,5826,177
33819,28065,5897,112
33820,28065,5932,62
33821,28066,5932,107
33822,28067,5932,84
33823,28068,5932,75
33824,28068,5967,59
33825,28069,5758,301
33826,28070,5758,78
33827,28070,5793,73
33828,28071,5793,128
33829,28072,5793,58
33830,28072,5828,73
33831,28073,5829,59
33832,28074,5829,44
33833,28074,5864,160
33834,28075,5864,20
33835,28075,5899,110
33836,28076,5899,178
33837,28076,5934,47
33838,28077,5830,225
33839,28077,5865,66
33840,28078,5865,131
33841,28079,5865,36
33842,28079,5900,46
33843,28080,5900,255
33844,28081,5936,82
33845,28082,5936,150
33846,28083,5936,44
33847,28083,5971,49
33848,28084,5971,87
33849,28085,6182,126
33850,28085,6217,46
33851,28086,6217,89
33852,28086,6252,70
33853,28087,6252,41
33854,28088,6252,22
33855,28088,6287,145
33856,28088,6322,78
33857,28089,6043,115
33858,28089,6078,5
33859,28090,6078,99
33860,28091,6078,67
33861,28091,6113,34
33862,28092,6113,72
33863,28093,5589,103
33864,28093,5624,174
33865,28094,5624,44
33866,28094,5659,70
33867,28095,5659,80
33868,28096,5659,118
33869,28097,5905,150
33870,28097,5940,46
33871,28098,5940,289
33872,28098,5975,5
33873,28099,5975,138
33874,28100,5975,44
33875,28100,6010,34
33876,28101,5801,149
33877,28101,5836,64
33878,28102,5836,192
33879,28103,5836,47
33880,28104,5836,29
33881,28104,5871,95
33882,28105,5697,198
33883,28106,5697,109
33884,28106,5732,228
33885,28107,5732,59
33886,28108,5732,33
33887,28108,5767,91
33888,28109,5978,115
33889,28109,6013,22
33890,28110,6013,107
33891,28111,6013,66
33892,28111,6048,31
33893,28112,6048,106
33894,28112,6083,27
33895,28113,6014,89
33896,28113,6049,118
33897,28113,6084,44
33898,28114,6084,118
33899,28114,6119,127
33900,28115,6119,10
33901,28115,6154,90
33902,28116,6154,49
33903,28116,6189,98
33904,28117,5770,178
33905,28117,5805,20
33906,28118,5805,98
33907,28119,5805,47
33908,28120,5805,122
33909,28120,5840,8
33910,28121,5911,142
33911,28121,5946,83
33912,28122,5946,128
33913,28123,5946,145
33914,28123,5981,105
33915,28124,5981,10
33916,28124,6016,126
33917,28124,6051,134
33918,28125,5702,170
33919,28125,5737,96
33920,28126,5737,118
33921,28126,5772,27
33922,28127,5772,172
33923,28128,5772,138
33924,28128,5807,6
33925,28129,5808,106
33926,28129,5843,128
33927,28130,5843,131
33928,28130,5878,46
33929,28131,5878,82
33930,28132,5878,168
33931,28132,5913,121
33932,28133,5599,84
33933,28134,5599,92
33934,28134,5634,70
33935,28135,5634,127
33936,28136,5634,86
33937,28136,5669,134
33938,28137,5950,227
33939,28138,5950,19
33940,28138,5985,116
33941,28139,5985,40
33942,28139,6020,86
33943,28140,6020,33
33944,28140,6055,78
33945,28141,5846,157
33946,28142,5846,80
33947,28142,5881,15
33948,28143,5881,77
33949,28144,5881,124
33950,28145,5777,184
33951,28146,5777,22
33952,28146,5812,92
33953,28147,5812,90
33954,28148,5812,24
33955,28148,5847,81
33956,28149,5883,70
33957,28149,5918,145
33958,28150,5918,167
33959,28150,5953,1
33960,28151,5953,158
33961,28152,5953,20
33962,28152,5988,104
33963,28152,6023,23
33964,28153,5884,185
33965,28154,5884,14
33966,28154,5919,72
33967,28155,5919,141
33968,28156,5919,7
33969,28156,5954,134
33970,28156,5989,102
33971,28157,5885,174
33972,28158,5885,49
33973,28158,5920,113
33974,28159,5920,73
33975,28159,5955,24
33976,28160,5955,109
33977,28161,5921,149
33978,28161,5956,26
33979,28162,5956,115
33980,28163,5956,101
33981,28163,5991,113
33982,28164,5991,60
33983,28164,6026,29
33984,28165,6097,39
33985,28165,6132,143
33986,28166,6132,27
33987,28166,6167,26
33988,28167,6167,77
33989,28167,6202,11
33990,28168,6202,101
33991,28169,5643,147
33992,28170,5643,104
33993,28170,5678,59
33994,28171,5678,113
33995,28172,5678,101
33996,28172,5713,70
33997,28173,5854,28
33998,28173,5889,204
33999,28174,5889,32
34000,28174,5924,92
34001,28175,5924,152
34002,28176,5924,55
34003,28176,5959,143
34004,28176,5994,21
34005,28177,6170,89
34006,28177,6205,30
34007,28178,6205,122
34008,28178,6240,67
34009,28179,6240,51
34010,28179,6275,100
34011,28180,6275,8
34012,28180,6310,72
34013,28181,6066,23
34014,28181,6101,59
34015,28182,6101,113
34016,28182,6136,84
34017,28182,6171,32
34018,28183,6171,80
34019,28184,6171,9
34020,28184,6206,64
34021,28185,5927,178
34022,28186,5927,81
34023,28186,5962,27
34024,28187,5962,113
34025,28188,5962,39
34026,28188,5997,102
34027,28189,6173,54
34028,28189,6208,131
34029,28189,6243,90
34030,28190,6243,87
34031,28190,6278,52
34032,28191,6278,118
34033,28192,6278,60
34034,28192,6313,142
34035,28192,6348,107
34036,28193,5964,47
34037,28193,5999,100
34038,28194,5999,35
34039,28194,6034,61
34040,28195,6034,54
34041,28196,6034,10
34042,28196,6069,126
34043,28197,5895,258
34044,28197,5930,46
34045,28198,5930,100
34046,28199,5930,147
34047,28199,5965,80
34048,28200,5965,59
34049,28200,6000,101
34050,28200,6035,53
34051,28201,5826,24
34052,28201,5861,115
34053,28202,5861,125
34054,28203,5861,54
34055,28203,5896,38
34056,28204,5896,188
34057,28204,5931,48
34058,28205,5967,110
34059,28205,6002,73
34060,28206,6002,81
34061,28206,6037,66
34062,28207,6037,82
34063,28208,6037,36
34064,28208,6072,44
34065,28209,5828,271
34066,28210,5863,103
34067,28211,5863,151
34068,28212,5863,68
34069,28212,5898,135
34070,28213,5934,196
34071,28213,5969,74
34072,28214,5969,42
34073,28215,5969,74
34074,28215,6004,32
34075,28216,6004,107
34076,28216,6039,77
34077,28217,5900,15
34078,28217,5935,241
34079,28218,5935,45
34080,28218,5970,25
34081,28219,5970,46
34082,28220,5970,97
34083,28220,6005,119
34084,28221,5971,8
34085,28221,6006,129
34086,28221,6041,37
34087,28222,6041,117
34088,28223,6041,45
34089,28223,6076,83
34090,28224,6076,62
34091,28224,6111,154
34092,28225,6322,79
34093,28225,6357,24
34094,28226,6357,105
34095,28226,6392,116
34096,28227,6392,60
34097,28227,6427,97
34098,28228,6427,94
34099,28228,6462,15
34100,28229,6113,83
34101,28230,6113,26
34102,28230,6148,141
34103,28230,6183,1
34104,28231,6183,151
34105,28232,6183,39
34106,28232,6218,106
34107,28232,6253,33
34108,28233,5659,94
34109,28233,5694,125
34110,28234,5694,225
34111,28235,5694,65
34112,28236,5694,1
34113,28236,5729,122
34114,28237,6010,162
34115,28237,6045,41
34116,28238,6045,82
34117,28238,6080,62
34118,28239,6080,119
34119,28239,6115,22
34120,28240,6115,94
34121,28240,6150,103
34122,28241,5871,149
34123,28241,5906,65
34124,28242,5906,96
34125,28243,5906,64
34126,28244,5906,86
34127,28244,5941,99
34128,28245,5767,180
34129,28246,5767,32
34130,28246,5802,116
34131,28247,5802,130
34132,28248,5802,68
34133,28248,5837,71
34134,28249,6083,86
34135,28250,6083,23
34136,28250,6118,141
34137,28250,6153,35
34138,28251,6153,113
34139,28251,6188,49
34140,28252,6188,84
34141,28252,6223,74
34142,28253,6189,101
34143,28254,6189,14
34144,28254,6224,117
34145,28254,6259,22
34146,28255,6259,117
34147,28256,6259,83
34148,28256,6294,97
34149,28257,5840,142
34150,28258,5840,95
34151,28259,5840,90
34152,28259,5875,42
34153,28260,5875,166
34154,28260,5910,26
34155,28261,6051,38
34156,28261,6086,124
34157,28261,6121,12
34158,28262,6121,84
34159,28263,6121,73
34160,28264,6121,24
34161,28264,6156,91
34162,28265,5807,227
34163,28265,5842,6
34164,28266,5842,162
34165,28267,5842,122
34166,28267,5877,15
34167,28268,5877,211
34168,28269,5913,96
34169,28269,5948,25
34170,28270,5948,188
34171,28271,5948,94
34172,28272,5948,25
34173,28272,5983,101
34174,28273,5669,96
34175,28273,5704,83
34176,28274,5704,239
34177,28274,5739,4
34178,28275,5739,113
34179,28276,5739,187
34180,28276,5774,97
34181,28277,6055,43
34182,28277,6090,139
34183,28277,6125,7
34184,28278,6125,100
34185,28279,6125,49
34186,28280,6125,3
34187,28280,6160,143
34188,28280,6195,49
34189,28281,5881,90
34190,28281,5916,37
34191,28282,5916,71
34192,28283,5916,54
34193,28284,5916,88
34194,28285,5847,92
34195,28286,5847,66
34196,28287,5847,52
34197,28288,5847,13
34198,28288,5882,99
34199,28289,6023,96
34200,28289,6058,74
34201,28290,6058,63
34202,28290,6093,9
34203,28291,6093,76
34204,28292,6093,58
34205,28293,5989,35
34206,28293,6024,16
34207,28294,6024,54
34208,28295,6024,111
34209,28295,6059,11
34210,28296,6059,28
34211,28297,5955,31
34212,28297,5990,145
34213,28297,6025,86
34214,28297,6060,13
34215,28298,6060,86
34216,28299,6060,62
34217,28300,6060,9
34218,28300,6095,60
34219,28301,6026,86
34220,28301,6061,17
34221,28302,6061,50
34222,28303,6061,90
34223,28304,6061,46
34224,28304,6096,10
34225,28305,6202,18
34226,28305,6237,69
34227,28306,6237,87
34228,28306,6272,87
34229,28307,6272,20
34230,28308,6272,38
34231,28308,6307,17
34232,28309,5713,114
34233,28310,5713,104
34234,28311,5713,24
34235,28311,5748,40
34236,28312,5748,135
34237,28313,5994,110
34238,28314,5994,65
34239,28314,6029,86
34240,28315,6029,23
34241,28315,6064,58
34242,28316,6064,73
34243,28316,6099,21
34244,28317,6310,73
34245,28317,6345,52
34246,28318,6345,72
34247,28319,6345,21
34248,28320,6345,23
34249,28320,6380,64
34250,28321,6206,80
34251,28322,6206,7
34252,28322,6241,92
34253,28323,6241,65
34254,28323,6276,26
34255,28324,6276,53
34256,28325,5997,49
34257,28325,6032,27
34258,28326,6032,52
34259,28327,6032,47
34260,28327,6067,46
34261,28328,6067,105
34262,28329,6348,66
34263,28329,6383,40
34264,28330,6383,111
34265,28331,6383,12
34266,28331,6418,75
34267,28332,6418,42
34268,28333,6069,93
34269,28333,6104,51
34270,28334,6104,85
34271,28335,6104,27
34272,28335,6139,34
34273,28336,6139,48
34274,28337,6035,114
34275,28338,6035,14
34276,28338,6070,50
34277,28339,6070,57
34278,28340,6070,61
34279,28340,6105,14
34280,28341,5931,52
34281,28342,5931,87
34282,28343,5931,30
34283,28344,5931,10
34284,28344,5966,60
34285,28345,6072,135
34286,28345,6107,26
34287,28346,6107,67
34288,28347,6107,15
34289,28347,6142,45
34290,28348,6142,67
34291,28348,6177,91
34292,28349,5898,70
34293,28350,5898,34
34294,28350,5933,167
34295,28351,5933,44
34296,28352,5933,83
34297,28352,5968,19
34298,28353,6039,95
34299,28353,6074,45
34300,28354,6074,110
34301,28354,6109,1
34302,28355,6109,36
34303,28356,6109,83
34304,28357,6005,5
34305,28357,6040,135
34306,28358,6040,35
34307,28358,6075,95
34308,28359,6075,8
34309,28359,6110,77
34310,28360,6110,73
34311,28360,6145,43
34312,28361,6111,33
34313,28361,6146,93
34314,28362,6146,75
34315,28363,6146,3
34316,28363,6181,83
34317,28364,6181,40
34318,28365,6462,186
34319,28366,6462,1
34320,28366,6497,63
34321,28367,6497,88
34322,28368,6497,12
34323,28368,6532,48
34324,28369,6253,84
34325,28370,6253,40
34326,28371,6253,34
34327,28371,6288,30
34328,28372,6288,78
34329,28372,6323,52
34330,28373,5729,82
34331,28374,5729,31
34332,28375,5764,34
34333,28376,5764,91
34334,28377,6150,30
34335,28377,6185,37
34336,28378,6185,38
34337,28379,6185,62
34338,28380,6185,20
34339,28380,6220,113
34340,28380,6255,15
34341,28381,5941,79
34342,28382,5941,51
34343,28382,5976,5
34344,28383,5976,50
34345,28384,5976,70
34346,28385,5837,156
34347,28386,5837,52
34348,28387,5837,17
34349,28387,5872,39
34350,28388,5872,85
34351,28389,6223,72
34352,28389,6258,40
34353,28390,6258,81
34354,28391,6258,50
34355,28392,6258,3
34356,28392,6293,53
34357,28393,6294,44
34358,28393,6329,64
34359,28394,6329,55
34360,28395,6329,47
34361,28396,6329,38
34362,28396,6364,37
34363,28397,5910,150
34364,28398,5910,50
34365,28399,5910,27
34366,28400,5910,30
34367,28400,5945,58
34368,28401,6156,97
34369,28402,6156,17
34370,28402,6191,48
34371,28403,6191,35
34372,28404,6191,13
34373,28404,6226,39
34374,28405,5877,50
34375,28405,5912,30
34376,28406,5912,103
34377,28407,5912,32
34378,28408,5912,104
34379,28408,5947,21
34380,28409,5983,20
34381,28409,6018,23
34382,28410,6018,77
34383,28411,6018,10
34384,28411,6053,37
34385,28412,6053,105
34386,28412,6088,26
34387,28413,5774,94
34388,28414,5774,96
34389,28414,5809,29
34390,28415,5809,47
34391,28416,5809,32
34392,28417,6195,55
34393,28418,6195,23
34394,28418,6230,73
34395,28419,6230,63
34396,28420,6230,25
34397,28420,6265,13
34398,28421,5916,54
34399,28422,5916,14
34400,28423,5916,9
34401,28423,5951,69
34402,28424,5951,40
34403,28425,5882,50
34404,28426,5882,58
34405,28427,5882,82
34406,28428,5882,9
34407,28428,5917,92
34408,28429,6093,67
34409,28429,6128,23
34410,28430,6128,54
34411,28431,6128,69
34412,28432,6128,18
34413,28432,6163,93
34414,28433,6059,85
34415,28433,6094,48
34416,28434,6094,69
34417,28435,6094,46
34418,28435,6129,36
34419,28436,6129,95
34420,28437,6095,46
34421,28438,6095,33
34422,28438,6130,113
34423,28439,6130,33
34424,28440,6130,17
34425,28440,6165,70
34426,28441,6096,120
34427,28441,6131,29
34428,28442,6131,119
34429,28442,6166,13
34430,28443,6166,49
34431,28444,6166,37
34432,28445,6307,73
34433,28446,6307,61
34434,28447,6307,49
34435,28448,6307,13
34436,28448,6342,73
34437,28449,5748,90
34438,28450,5748,19
34439,28450,5783,63
34440,28451,5783,64
34441,28452,5783,72
34442,28453,6099,98
34443,28453,6134,8
34444,28454,6134,65
34445,28455,6134,79
34446,28455,6169,3
34447,28456,6169,143
34448,28456,6204,4
34449,28457,6380,84
34450,28457,6415,9
34451,28458,6415,49
34452,28459,6415,77
34453,28460,6415,21
34454,28460,6450,96
34455,28461,6276,80
34456,28461,6311,78
34457,28462,6311,56
34458,28462,6346,66
34459,28463,6346,86
34460,28464,6346,20
34461,28464,6381,88
34462,28465,6067,7
34463,28465,6102,191
34464,28466,6102,27
34465,28466,6137,92
34466,28467,6137,30
34467,28467,6172,62
34468,28468,6172,49
34469,28469,6418,32
34470,28469,6453,102
34471,28470,6453,54
34472,28471,6453,14
34473,28471,6488,26
34474,28472,6488,143
34475,28473,6139,24
34476,28474,6139,48
34477,28474,6174,4
34478,28475,6174,43
34479,28476,6174,67
34480,28477,6105,99
34481,28478,6105,51
34482,28478,6140,10
34483,28479,6140,84
34484,28480,6140,47
34485,28481,5966,74
34486,28482,5966,18
34487,28482,6001,57
34488,28483,6001,66
34489,28483,6036,20
34490,28484,6036,67
34491,28485,6177,38
34492,28485,6212,123
34493,28486,6212,53
34494,28486,6247,117
34495,28486,6282,14
34496,28487,6282,72
34497,28488,6282,43
34498,28488,6317,17
34499,28489,5968,73
34500,28489,6003,65
34501,28490,6003,68
34502,28491,6038,48
34503,28492,6038,42
34504,28493,6109,18
34505,28493,6144,174
34506,28494,6144,28
34507,28494,6179,35
34508,28495,6179,67
34509,28496,6179,55
34510,28496,6214,35
34511,28497,6145,82
34512,28498,6145,26
34513,28498,6180,64
34514,28499,6180,85
34515,28499,6215,45
34516,28500,6215,50
34517,28501,6181,60
34518,28501,6216,59
34519,28502,6216,39
34520,28502,6251,71
34521,28503,6251,53
34522,28504,6251,5
34523,28504,6286,131
34524,28505,6532,62
34525,28506,6532,76
34526,28506,6567,26
34527,28507,6567,46
34528,28508,6567,61
34529,28509,6323,93
34530,28510,6323,40
34531,28511,6323,10
34532,28511,6358,24
34533,28512,6358,48
34534,28513,5764,156
34535,28513,5799,3
34536,28514,5799,51
34537,28515,5799,39
34538,28516,5799,65
34539,28517,6255,99
34540,28518,6255,30
34541,28518,6290,16
34542,28519,6290,85
34543,28520,6290,46
34544,28520,6325,28
34545,28521,5976,35
34546,28521,6011,100
34547,28521,6046,39
34548,28522,6046,58
34549,28523,6046,50
34550,28524,6046,31
34551,28524,6081,107
34552,28525,5872,139
34553,28526,5872,40
34554,28527,5872,6
34555,28527,5907,94
34556,28528,5907,49
34557,28529,6293,55
34558,28529,6328,115
34559,28530,6328,52
34560,28531,6328,32
34561,28531,6363,2
34562,28532,6363,69
34563,28533,6364,162
34564,28534,6364,8
34565,28534,6399,73
34566,28535,6399,86
34567,28535,6434,27
34568,28536,6434,54
34569,28537,5945,58
34570,28538,5945,67
34571,28539,5945,18
34572,28540,5945,65
34573,28541,6226,112
34574,28541,6261,71
34575,28542,6261,11
34576,28542,6296,65
34577,28543,6296,76
34578,28544,6296,10
34579,28544,6331,61
34580,28545,5947,105
34581,28546,5947,76
34582,28547,5947,14
34583,28547,5982,61
34584,28548,5982,45
34585,28548,6017,61
34586,28549,6088,96
34587,28550,6088,21
34588,28550,6123,56
34589,28551,6123,96
34590,28551,6158,12
34591,28552,6158,98
34592,28552,6193,10
34593,28553,5809,137
34594,28554,5809,1
34595,28554,5844,42
34596,28555,5844,103
34597,28556,5844,44
34598,28557,6265,109
34599,28557,6300,45
34600,28558,6300,53
34601,28559,6300,21
34602,28559,6335,39
34603,28560,6335,129
34604,28561,5951,12
34605,28561,5986,54
34606,28562,5986,54
34607,28563,5986,10
34608,28563,6021,3
34609,28564,6021,26
34610,28565,5917,46
34611,28566,5917,64
34612,28567,5917,25
34613,28568,5917,20
34614,28569,6163,34
34615,28570,6163,17
34616,28570,6198,5
34617,28571,6198,39
34618,28572,6198,31
34619,28573,6129,12
34620,28573,6164,18
34621,28574,6164,25
34622,28575,6164,19
34623,28576,6164,31
34624,28577,6165,35
34625,28578,6165,20
34626,28579,6165,11
34627,28579,6200,16
34628,28580,6200,33
34629,28581,6166,57
34630,28582,6166,13
34631,28583,6166,39
34632,28583,6201,4
34633,28584,6201,62
34634,28585,6342,57
34635,28586,6342,9
34636,28586,6377,42
34637,28587,6377,14
34638,28588,6377,30
34639,28589,5783,28
34640,28589,5818,32
34641,28590,5818,48
34642,28591,5818,11
34643,28592,5818,41
34644,28593,6204,47
34645,28594,6204,39
34646,28595,6204,29
34647,28596,6204,21
34648,28597,6450,40
34649,28598,6450,36
34650,28599,6450,2
34651,28599,6485,34
34652,28600,6485,45
34653,28601,6381,79
34654,28602,6381,39
34655,28602,6416,8
34656,28603,6416,16
34657,28604,6416,25
34658,28605,6172,25
34659,28605,6207,22
34660,28606,6207,37
34661,28607,6207,32
34662,28608,6207,24
34663,28609,6488,22
34664,28609,6523,46
34665,28610,6523,27
34666,28611,6523,17
34667,28612,6523,44
34668,28613,6174,36
34669,28613,6209,16
34670,28614,6209,13
34671,28615,6209,27
34672,28616,6209,18
34673,28617,6140,14
34674,28617,6175,29
34675,28618,6175,71
34676,28619,6175,28
34677,28620,6175,9
34678,28620,6210,41
34679,28621,6036,45
34680,28621,6071,17
34681,28622,6071,33
34682,28623,6071,24
34683,28624,6071,17
34684,28625,6317,34
34685,28626,6317,30
34686,28627,6317,24
34687,28628,6317,36
34688,28629,6038,59
34689,28630,6038,26
34690,28630,6073,55
34691,28631,6073,25
34692,28632,6073,33
34693,28633,6214,58
34694,28634,6214,15
34695,28635,6214,21
34696,28636,6214,20
34697,28636,6249,61
34698,28637,6215,39
34699,28638,6215,26
34700,28639,6215,40
34701,28639,6250,7
34702,28640,6250,25
34703,28641,6286,42
34704,28642,6286,22
34705,28643,6286,23
34706,28643,6321,19
34707,28644,6321,24
34708,28645,6567,40
34709,28646,6567,16
34710,28646,6602,15
34711,28647,6602,16
34712,28648,6602,41
34713,28649,6358,50
34714,28650,6358,19
34715,28650,6393,17
34716,28651,6393,34
34717,28652,6393,37
34718,28653,5799,65
34719,28654,5799,29
34720,28655,5799,15
34721,28655,5834,1
34722,28656,5834,23
34723,28657,6325,41
34724,28658,6325,44
34725,28659,6325,27
34726,28660,6325,5
34727,28660,6360,20
34728,28661,6081,3
34729,28661,6116,57
34730,28662,6116,18
34731,28663,6116,6
34732,28664,6116,23
34733,28665,5907,77
34734,28666,5907,19
34735,28667,5907,16
34736,28668,5907,17
34737,28668,5942,68
34738,28669,6363,39
34739,28670,6363,36
34740,28671,6363,9
34741,28671,6398,19
34742,28672,6398,59
34743,28673,6434,72
34744,28674,6434,37
34745,28675,6434,17
34746,28676,6434,9
34747,28676,6469,23
34748,28677,5945,30
34749,28677,5980,8
34750,28678,5980,23
34751,28679,5980,13
34752,28680,5980,10
34753,28681,6331,53
34754,28682,6331,23
34755,28682,6366,24
34756,28683,6366,27
34757,28684,6366,42
34758,28685,6017,67
34759,28686,6017,35
34760,28687,6017,1
34761,28687,6052,50
34762,28688,6052,16
34763,28689,6193,62
34764,28690,6193,12
34765,28691,6193,37
34766,28692,6193,14
34767,28692,6228,43
34768,28693,5844,47
34769,28694,5844,41
34770,28695,5844,14
34771,28696,5844,41
34772,28697,6335,1
34773,28697,6370,32
34774,28698,6370,30
34775,28699,6370,25
34776,28700,6370,58
34777,28701,6021,57
34778,28702,6021,20
34779,28703,6021,20
34780,28704,6021,58
34781,28705,5917,40
34782,28706,5917,31
34783,28707,5917,28
34784,28708,5917,56
34785,28709,6198,57
34786,28709,6233,1
34787,28710,6233,41
34788,28711,6233,39
34789,28712,6233,23
34790,28712,6268,7
34791,28713,6164,62
34792,28714,6164,6
34793,28714,6199,63
34794,28715,6199,30
34795,28716,6199,35
34796,28717,6200,83
34797,28718,6200,40
34798,28719,6200,19
34799,28720,6200,34
34800,28720,6235,10
34801,28721,6201,46
34802,28721,6236,1
34803,28722,6236,38
34804,28723,6236,23
34805,28724,6236,33
34806,28725,6377,72
34807,28726,6377,36
34808,28726,6412,39
34809,28727,6412,14
34810,28728,6412,67
34811,28729,5818,57
34812,28730,5818,46
34813,28731,5818,21
34814,28732,5818,12
34815,28732,5853,37
34816,28733,6204,25
34817,28733,6239,26
34818,28734,6239,25
34819,28735,6239,42
34820,28736,6239,7
34821,28736,6274,13
34822,28737,6485,31
34823,28738,6485,15
34824,28739,6485,25
34825,28740,6485,11
34826,28740,6520,61
34827,28741,6416,35
34828,28742,6416,38
34829,28743,6416,21
34830,28744,6416,19
34831,28745,6207,4
34832,28745,6242,43
34833,28746,6242,44
34834,28747,6242,29
34835,28747,6277,1
34836,28748,6277,77
34837,28749,6523,12
34838,28749,6558,56
34839,28750,6558,34
34840,28751,6558,25
34841,28752,6558,40
34842,28753,6209,52
34843,28754,6209,24
34844,28754,6244,24
34845,28755,6244,31
34846,28756,6244,32
34847,28757,6210,58
34848,28758,6210,15
34849,28759,6210,8
34850,28759,6245,22
34851,28760,6245,59
34852,28761,6071,50
34853,28762,6071,11
34854,28762,6106,19
34855,28763,6106,22
34856,28764,6106,38
34857,28765,6317,38
34858,28766,6317,9
34859,28766,6352,16
34860,28767,6352,24
34861,28768,6352,27
34862,28769,6073,49
34863,28770,6073,5
34864,28770,6108,44
34865,28771,6108,23
34866,28772,6108,50
34867,28773,6249,65
34868,28774,6249,50
34869,28775,6249,12
34870,28775,6284,12
34871,28776,6284,32
34872,28777,6250,63
34873,28778,6250,16
34874,28779,6250,28
34875,28780,6250,32
34876,28780,6285,14
34877,28781,6321,24
34878,28782,6321,37
34879,28783,6321,30
34880,28784,6321,21
34881,28785,6602,54
34882,28786,6602,49
34883,28787,6602,10
34884,28787,6637,38
34885,28788,6637,25
34886,28789,6393,64
34887,28790,6393,23
34888,28790,6428,16
34889,28791,6428,20
34890,28792,6428,47
34891,28793,5834,40
34892,28794,5834,50
34893,28795,5834,26
34894,28796,5834,34
34895,28797,6360,59
34896,28798,6360,23
34897,28799,6360,49
34898,28800,6360,34
34899,28801,6116,17
34900,28801,6151,40
34901,28802,6151,43
34902,28803,6151,26
34903,28803,6186,3
34904,28804,6186,26
34905,28805,5942,51
34906,28806,5942,29
34907,28807,5942,34
34908,28808,5942,60
34909,28809,6398,27
34910,28810,6398,47
34911,28811,6398,12
34912,28811,6433,19
34913,28812,6433,20
34914,28813,6469,83
34915,28814,6469,42
34916,28814,6504,13
34917,28815,6504,32
34918,28816,6504,53
34919,28817,5980,39
34920,28818,5980,43
34921,28819,5980,17
34922,28820,5980,2
34923,28820,6015,31
34924,28821,6366,64
34925,28822,6366,33
34926,28823,6401,27
34927,28824,6401,54
34928,28825,6052,55
34929,28826,6052,40
34930,28827,6052,36
34931,28827,6087,1
34932,28828,6087,49
34933,28829,6228,25
34934,28830,6228,22
34935,28830,6263,3
34936,28831,6263,36
34937,28832,6263,30
34938,28833,5844,42
34939,28833,5879,26
34940,28834,5879,49
34941,28835,5879,59
34942,28836,5879,19
34943,28837,6370,30
34944,28838,6370,24
34945,28839,6370,8
34946,28839,6405,3
34947,28840,6405,68
34948,28841,6021,30
34949,28841,6056,45
34950,28842,6056,68
34951,28843,6056,35
34952,28843,6091,43
34953,28844,6091,34
34954,28845,5917,12
34955,28845,5952,76
34956,28846,5952,22
34957,28847,5952,6
34958,28847,5987,24
34959,28848,5987,40
34960,28849,6268,23
34961,28850,6268,33
34962,28851,6268,29
34963,28852,6268,57
34964,28852,6303,31
34965,28853,6199,35
34966,28853,6234,59
34967,28854,6234,35
34968,28855,6234,17
34969,28856,6234,47
34970,28857,6235,87
34971,28858,6235,38
34972,28859,6235,6
34973,28859,6270,36
34974,28860,6270,49
34975,28861,6236,43
34976,28861,6271,1
34977,28862,6271,42
34978,28863,6271,45
34979,28864,6271,51
34980,28865,6412,23
34981,28865,6447,47
34982,28866,6447,47
34983,28867,6447,25
34984,28867,6482,10
34985,28868,6482,53
34986,28869,5853,60
34987,28870,5853,89
34988,28871,5853,49
34989,28872,5853,19
34990,28872,5888,45
34991,28873,6274,46
34992,28874,6274,49
34993,28875,6274,31
34994,28875,6309,18
34995,28876,6309,67
34996,28877,6520,53
34997,28878,6520,82
34998,28878,6555,4
34999,28879,6555,49
35000,28880,6555,38
35001,28881,6416,21
35002,28881,6451,33
35003,28882,6451,42
35004,28883,6451,41
35005,28884,6451,46
35006,28885,6277,43
35007,28886,6277,9
35008,28886,6312,69
35009,28887,6312,32
35010,28888,6312,48
35011,28888,6347,47
35012,28889,6558,67
35013,28890,6558,22
35014,28890,6593,4
35015,28891,6593,26
35016,28892,6593,43
35017,28893,6244,41
35018,28894,6244,21
35019,28894,6279,60
35020,28895,6279,25
35021,28896,6279,53
35022,28897,6245,110
35023,28897,6280,2
35024,28898,6280,49
35025,28899,6280,27
35026,28900,6280,25
35027,28901,6106,48
35028,28902,6106,19
35029,28902,6141,44
35030,28903,6141,34
35031,28904,6141,31
35032,28905,6352,58
35033,28906,6352,38
35034,28906,6387,1
35035,28907,6387,32
35036,28908,6387,56
35037,28909,6108,45
35038,28909,6143,44
35039,28910,6143,49
35040,28911,6143,33
35041,28912,6143,2
35042,28912,6178,38
35043,28913,6284,58
35044,28914,6284,18
35045,28914,6319,27
35046,28915,6319,41
35047,28916,6319,67
35048,28917,6285,64
35049,28918,6285,33
35050,28918,6320,16
35051,28919,6320,23
35052,28920,6320,81
35053,28921,6321,24
35054,28921,6356,54
35055,28922,6356,77
35056,28923,6356,29
35057,28924,6356,8
35058,28924,6391,60
35059,28925,6637,59
35060,28926,6637,28
35061,28927,6637,47
35062,28928,6637,29
35063,28928,6672,64
35064,28929,6428,42
35065,28929,6463,17
35066,28930,6463,30
35067,28931,6463,63
35068,28932,6463,39
35069,28932,6498,9
35070,28933,5834,63
35071,28934,5834,58
35072,28934,5869,36
35073,28935,5869,21
35074,28936,5869,53
35075,28937,6360,14
35076,28937,6395,65
35077,28938,6395,51
35078,28939,6395,29
35079,28940,6395,56
35080,28940,6430,21
35081,28941,6186,27
35082,28942,6186,45
35083,28943,6186,32
35084,28943,6221,12
35085,28944,6221,63
35086,28945,5942,9
35087,28945,5977,78
35088,28946,5977,40
35089,28947,5977,2
35090,28947,6012,62
35091,28948,6012,66
35092,28949,6433,79
35093,28950,6433,26
35094,28951,6433,45
35095,28952,6433,20
35096,28952,6468,30
35097,28953,6504,70
35098,28954,6504,13
35099,28954,6539,20
35100,28955,6539,19
35101,28956,6539,49
35102,28957,6015,12
35103,28958,6015,29
35104,28959,6015,54
35105,28960,6015,11
35106,28960,6050,79
35107,28961,6401,36
35108,28962,6401,71
35109,28962,6436,11
35110,28963,6436,16
35111,28964,6436,81
35112,28965,6087,44
35113,28966,6087,51
35114,28966,6122,31
35115,28967,6122,44
35116,28968,6122,48
35117,28968,6157,11
35118,28969,6263,33
35119,28970,6263,12
35120,28970,6298,42
35121,28971,6298,42
35122,28972,6298,37
35123,28973,5879,87
35124,28973,5914,7
35125,28974,5914,41
35126,28975,5914,51
35127,28976,5914,40
35128,28977,6405,57
35129,28978,6405,37
35130,28978,6440,27
35131,28979,6440,42
35132,28980,6440,60
35133,28981,6091,66
35134,28982,6091,30
35135,28982,6126,11
35136,28983,6126,35
35137,28984,6126,73
35138,28985,5987,105
35139,28986,5987,31
35140,28986,6022,38
35141,28987,6022,70
35142,28987,6057,12
35143,28988,6057,52
35144,28989,6303,156
35145,28989,6338,73
35146,28990,6338,68
35147,28990,6373,3
35148,28991,6373,79
35149,28992,6373,55
35150,28992,6408,2
35151,28993,6234,20
35152,28993,6269,43
35153,28994,6269,47
35154,28995,6269,38
35155,28995,6304,5
35156,28996,6304,81
35157,28997,6270,89
35158,28997,6305,7
35159,28998,6305,55
35160,28999,6305,45
35161,29000,6305,9
35162,29000,6340,39
35163,29001,6271,10
35164,29001,6306,55
35165,29002,6306,79
35166,29003,6306,47
35167,29003,6341,10
35168,29004,6341,57
35169,29005,6482,91
35170,29006,6482,49
35171,29006,6517,49
35172,29007,6517,56
35173,29008,6517,58
35174,29009,5888,46
35175,29010,5888,72
35176,29011,5888,37
35177,29011,5923,7
35178,29012,5923,72
35179,29013,6309,43
35180,29014,6309,61
35181,29014,6344,16
35182,29015,6344,50
35183,29016,6344,43
35184,29017,6555,55
35185,29018,6555,7
35186,29018,6590,47
35187,29019,6590,51
35188,29020,6590,75
35189,29021,6451,58
35190,29021,6486,60
35191,29022,6486,60
35192,29023,6486,36
35193,29024,6486,3
35194,29024,6521,43
35195,29025,6347,80
35196,29026,6347,43
35197,29026,6382,7
35198,29027,6382,57
35199,29028,6382,42
35200,29029,6593,86
35201,29030,6593,51
35202,29031,6593,2
35203,29031,6628,64
35204,29032,6628,49
35205,29033,6279,13
35206,29033,6314,52
35207,29034,6314,58
35208,29035,6314,39
35209,29036,6314,13
35210,29036,6349,48
35211,29037,6280,47
35212,29037,6315,13
35213,29038,6315,30
35214,29039,6315,38
35215,29040,6315,48
35216,29041,6141,10
35217,29041,6176,71
35218,29042,6176,56
35219,29043,6176,7
35220,29043,6211,14
35221,29044,6211,53
35222,29045,6387,80
35223,29046,6387,10
35224,29046,6422,58
35225,29047,6422,69
35226,29048,6422,58
35227,29049,6178,71
35228,29050,6178,30
35229,29050,6213,118
35230,29051,6213,47
35231,29051,6248,30
35232,29052,6248,68
35233,29053,6319,34
35234,29053,6354,56
35235,29054,6354,116
35236,29054,6389,26
35237,29055,6389,37
35238,29056,6389,92
35239,29057,6320,58
35240,29058,6320,29
35241,29058,6355,66
35242,29059,6355,32
35243,29060,6355,41
35244,29060,6390,57
35245,29061,6391,53
35246,29062,6391,24
35247,29062,6426,44
35248,29063,6426,72
35249,29064,6426,86
35250,29065,6672,61
35251,29066,6672,67
35252,29067,6672,35
35253,29068,6672,20
35254,29068,6707,61
35255,29069,6498,40
35256,29070,6498,30
35257,29071,6498,37
35258,29072,6498,81
35259,29072,6533,10
35260,29073,5869,56
35261,29074,5869,36
35262,29075,5869,34
35263,29076,5869,24
35264,29076,5904,25
35265,29077,6430,124
35266,29078,6430,51
35267,29079,6430,28
35268,29079,6465,9
35269,29080,6465,52
35270,29081,6221,46
35271,29081,6256,12
35272,29082,6256,47
35273,29083,6256,25
35274,29084,6256,49
35275,29084,6291,4
35276,29085,6012,31
35277,29085,6047,41
35278,29086,6047,94
35279,29086,6082,52
35280,29087,6082,69
35281,29088,6082,12
35282,29088,6117,83
35283,29089,6468,130
35284,29090,6468,37
35285,29090,6503,21
35286,29091,6503,27
35287,29092,6503,55
35288,29093,6539,85
35289,29094,6539,23
35290,29094,6574,41
35291,29095,6574,24
35292,29096,6574,119
35293,29097,6050,71
35294,29097,6085,49
35295,29098,6085,46
35296,29099,6085,29
35297,29100,6120,51
35298,29101,6436,41
35299,29101,6471,55
35300,29102,6471,37
35301,29103,6471,52
35302,29104,6471,50
35303,29104,6506,18
35304,29105,6157,53
35305,29106,6157,39
35306,29107,6157,48
35307,29108,6157,18
35308,29108,6192,21
35309,29109,6298,28
35310,29109,6333,22
35311,29110,6333,77
35312,29111,6333,52
35313,29112,6333,5
35314,29112,6368,91
35315,29113,5914,111
35316,29114,5914,62
35317,29115,5914,12
35318,29115,5949,30
35319,29116,5949,73
35320,29117,6440,73
35321,29117,6475,28
35322,29118,6475,33
35323,29119,6475,61
35324,29120,6475,26
35325,29120,6510,20
35326,29121,6126,15
35327,29121,6161,82
35328,29122,6161,17
35329,29123,6161,24
35330,29124,6161,4
35331,29124,6196,31
35332,29125,6057,67
35333,29125,6092,5
35334,29126,6092,61
35335,29127,6092,34
35336,29128,6092,30
35337,29129,6408,51
35338,29130,6408,31
35339,29131,6408,34
35340,29132,6408,74
35341,29133,6304,14
35342,29134,6304,55
35343,29134,6339,34
35344,29135,6339,46
35345,29136,6339,74
35346,29136,6374,6
35347,29137,6340,87
35348,29138,6340,27
35349,29139,6340,59
35350,29140,6340,5
35351,29140,6375,67
35352,29141,6341,93
35353,29142,6341,36
35354,29142,6376,16
35355,29143,6376,59
35356,29144,6376,75
35357,29145,6552,63
35358,29146,6552,34
35359,29147,6552,57
35360,29148,6552,62
35361,29148,6587,11
35362,29149,5923,94
35363,29150,5923,39
35364,29150,5958,79
35365,29151,5958,37
35366,29152,5958,13
35367,29152,5993,36
35368,29153,6344,43
35369,29153,6379,14
35370,29154,6379,77
35371,29155,6379,51
35372,29156,6379,48
35373,29156,6414,24
35374,29157,6590,46
35375,29158,6625,39
35376,29159,6625,48
35377,29160,6625,37
35378,29161,6521,83
35379,29162,6521,37
35380,29162,6556,13
35381,29163,6556,28
35382,29164,6556,52
35383,29165,6382,41
35384,29165,6417,24
35385,29166,6417,32
35386,29167,6417,32
35387,29168,6417,26
35388,29169,6628,46
35389,29170,6628,36
35390,29171,6628,23
35391,29171,6663,43
35392,29172,6663,51
35393,29173,6349,86
35394,29174,6349,30
35395,29175,6349,27
35396,29175,6384,14
35397,29176,6384,51
35398,29177,6315,27
35399,29177,6350,27
35400,29178,6350,52
35401,29179,6350,29
35402,29180,6350,37
35403,29180,6385,3
35404,29181,6211,63
35405,29182,6211,74
35406,29183,6211,11
35407,29183,6246,44
35408,29184,6246,71
35409,29184,6281,32
35410,29185,6422,50
35411,29185,6457,5
35412,29186,6457,33
35413,29187,6457,21
35414,29188,6457,42
35415,29189,6248,56
35416,29190,6248,33
35417,29190,6283,2
35418,29191,6283,78
35419,29192,6283,48
35420,29193,6389,33
35421,29193,6424,78
35422,29193,6459,19
35423,29194,6459,64
35424,29195,6459,47
35425,29196,6459,64
35426,29197,6390,75
35427,29198,6390,32
35428,29198,6425,66
35429,29199,6425,52
35430,29200,6425,24
35431,29200,6460,56
35432,29201,6426,6
35433,29201,6461,51
35434,29202,6461,31
35435,29203,6461,28
35436,29204,6461,44
35437,29205,6707,48
35438,29206,6707,68
35439,29207,6707,49
35440,29208,6707,53
35441,29208,6742,14
35442,29209,6533,83
35443,29210,6533,30
35444,29210,6568,43
35445,29211,6568,72
35446,29212,6568,38
35447,29213,5904,75
35448,29214,5904,45
35449,29215,5904,18
35450,29216,5904,30
35451,29216,5939,93
35452,29217,6465,64
35453,29218,6465,42
35454,29219,6465,40
35455,29220,6465,11
35456,29220,6500,69
35457,29221,6291,55
35458,29222,6291,56
35459,29223,6291,69
35460,29223,6326,8
35461,29224,6326,42
35462,29225,6117,37
35463,29225,6152,31
35464,29226,6152,34
35465,29227,6152,26
35466,29228,6152,35
35467,29229,6503,51
35468,29230,6503,22
35469,29231,6503,27
35470,29232,6503,65
35471,29232,6538,27
35472,29233,6574,35
35473,29233,6609,11
35474,29234,6609,26
35475,29235,6609,43
35476,29236,6609,36
35477,29237,6120,68
35478,29238,6120,52
35479,29238,6155,22
35480,29239,6155,29
35481,29240,6155,79
35482,29240,6190,28
35483,29241,6506,65
35484,29242,6506,50
35485,29243,6506,17
35486,29244,6506,42
35487,29244,6541,4
35488,29245,6192,84
35489,29246,6192,29
35490,29247,6192,32
35491,29247,6227,20
35492,29248,6227,78
35493,29249,6368,61
35494,29249,6403,59
35495,29250,6403,59
35496,29251,6403,46
35497,29252,6403,16
35498,29252,6438,59
35499,29253,5949,85
35500,29254,5949,53
35501,29255,5949,61
35502,29256,5949,39
35503,29257,6510,67
35504,29258,6510,62
35505,29259,6510,20
35506,29259,6545,32
35507,29260,6545,77
35508,29261,6196,23
35509,29262,6196,33
35510,29263,6196,29
35511,29264,6196,6
35512,29264,6231,65
35513,29265,6092,16
35514,29265,6127,24
35515,29266,6127,8
35516,29267,6127,14
35517,29268,6127,40
35518,29269,6408,32
35519,29269,6443,10
35520,29270,6443,11
35521,29271,6443,19
35522,29272,6443,28
35523,29273,6374,25
35524,29274,6374,48
35525,29275,6374,35
35526,29276,6374,17
35527,29276,6409,14
35528,29277,6375,50
35529,29278,6410,25
35530,29279,6410,17
35531,29280,6410,45
35532,29281,6376,51
35533,29281,6411,12
35534,29282,6411,22
35535,29283,6411,20
35536,29284,6411,25
35537,29285,6587,34
35538,29286,6587,43
35539,29287,6587,26
35540,29288,6587,39
35541,29289,5993,52
35542,29290,5993,30
35543,29291,5993,14
35544,29292,5993,13
35545,29292,6028,14
35546,29293,6414,32
35547,29294,6414,47
35548,29295,6414,37
35549,29296,6414,40
35550,29297,6625,48
35551,29298,6625,31
35552,29299,6625,17
35553,29300,6625,8
35554,29300,6660,13
35555,29301,6556,52
35556,29302,6556,19
35557,29303,6556,28
35558,29304,6556,15
35559,29304,6591,16
35560,29305,6417,40
35561,29306,6417,23
35562,29306,6452,6
35563,29307,6452,29
35564,29308,6452,21
35565,29309,6663,26
35566,29310,6663,19
35567,29311,6663,26
35568,29312,6663,30
35569,29313,6384,50
35570,29314,6384,23
35571,29315,6384,1
35572,29315,6419,21
35573,29316,6419,31
35574,29317,6385,40
35575,29318,6385,28
35576,29319,6385,18
35577,29320,6385,26
35578,29321,6281,36
35579,29322,6281,25
35580,29323,6281,15
35581,29324,6281,17
35582,29324,6316,18
35583,29325,6457,59
35584,29326,6457,26
35585,29327,6457,26
35586,29328,6492,47
35587,29329,6283,44
35588,29329,6318,7
35589,29330,6318,22
35590,29331,6318,30
35591,29332,6318,50
35592,29333,6459,32
35593,29334,6459,3
35594,29334,6494,9
35595,29335,6494,38
35596,29336,6494,29
35597,29337,6460,49
35598,29338,6460,25
35599,29339,6460,10
35600,29340,6460,17
35601,29341,6461,4
35602,29341,6496,42
35603,29342,6496,10
35604,29343,6496,31
35605,29344,6496,59
35606,29345,6742,42
35607,29346,6742,30
35608,29347,6742,15
35609,29348,6742,31
35610,29349,6568,19
35611,29350,6568,32
35612,29350,6603,15
35613,29351,6603,20
35614,29352,6603,60
35615,29353,5939,31
35616,29354,5939,28
35617,29355,5939,7
35618,29355,5974,7
35619,29356,5974,38
35620,29357,6500,18
35621,29358,6500,18
35622,29359,6500,9
35623,29360,6500,41
35624,29361,6326,35
35625,29362,6326,12
35626,29363,6326,20
35627,29364,6326,6
35628,29364,6361,16
35629,29365,6152,25
35630,29365,6187,20
35631,29366,6187,23
35632,29367,6187,26
35633,29368,6187,30
35634,29368,6222,8
35635,29369,6538,37
35636,29370,6538,24
35637,29371,6538,10
35638,29372,6538,51
35639,29373,6609,28
35640,29374,6609,20
35641,29375,6609,18
35642,29376,6609,4
35643,29376,6644,35
35644,29377,6190,45
35645,29378,6190,22
35646,29378,6225,11
35647,29379,6225,26
35648,29380,6225,46
35649,29381,6541,34
35650,29382,6541,24
35651,29383,6541,36
35652,29384,6541,28
35653,29384,6576,30
35654,29385,6227,41
35655,29385,6262,11
35656,29386,6262,16
35657,29387,6262,32
35658,29388,6262,28
35659,29389,6438,28
35660,29390,6438,26
35661,29391,6438,27
35662,29392,6438,23
35663,29392,6473,27
35664,29393,5949,47
35665,29394,5949,21
35666,29394,5984,1
35667,29395,5984,27
35668,29396,5984,24
35669,29397,6545,25
35670,29398,6545,26
35671,29399,6545,17
35672,29399,6580,3
35673,29400,6580,23
35674,29401,6231,40
35675,29402,6231,40
35676,29403,6231,20
35677,29404,6231,31
35678,29404,6266,6
35679,29405,6127,32
35680,29406,6127,38
35681,29407,6127,8
35682,29407,6162,13
35683,29408,6162,23
35684,29409,6443,42
35685,29410,6443,27
35686,29411,6443,24
35687,29412,6443,26
35688,29412,6478,18
35689,29413,6409,25
35690,29414,6409,32
35691,29415,6409,16
35692,29416,6409,21
35693,29417,6410,43
35694,29418,6410,34
35695,29419,6410,22
35696,29420,6410,11
35697,29420,6445,43
35698,29421,6411,39
35699,29422,6411,19
35700,29423,6411,27
35701,29424,6446,30
35702,29425,6587,59
35703,29425,6622,6
35704,29426,6622,38
35705,29427,6622,36
35706,29428,6622,29
35707,29429,6028,27
35708,29430,6028,31
35709,29431,6028,26
35710,29431,6063,4
35711,29432,6063,52
35712,29433,6414,26
35713,29433,6449,8
35714,29434,6449,21
35715,29435,6449,38
35716,29436,6449,43
35717,29437,6660,28
35718,29438,6660,17
35719,29439,6660,15
35720,29440,6660,51
35721,29441,6591,30
35722,29442,6591,29
35723,29443,6591,29
35724,29444,6591,41
35725,29445,6452,55
35726,29446,6452,35
35727,29447,6452,12
35728,29448,6452,34
35729,29448,6487,4
35730,29449,6663,36
35731,29450,6663,10
35732,29450,6698,38
35733,29451,6698,34
35734,29452,6698,50
35735,29453,6419,20
35736,29454,6419,11
35737,29455,6419,22
35738,29456,6419,22
35739,29457,6385,51
35740,29457,6420,2
35741,29458,6420,23
35742,29459,6420,25
35743,29460,6420,42
35744,29461,6316,79
35745,29462,6316,29
35746,29463,6316,26
35747,29464,6316,14
35748,29464,6351,28
35749,29465,6492,29
35750,29466,6492,53
35751,29467,6492,42
35752,29468,6492,22
35753,29468,6527,17
35754,29469,6318,52
35755,29470,6318,12
35756,29470,6353,1
35757,29471,6353,14
35758,29472,6353,33
35759,29473,6494,35
35760,29474,6494,29
35761,29475,6494,8
35762,29475,6529,21
35763,29476,6529,25
35764,29477,6460,9
35765,29477,6495,9
35766,29478,6495,59
35767,29479,6495,38
35768,29480,6495,32
35769,29481,6496,53
35770,29482,6496,4
35771,29482,6531,9
35772,29483,6531,28
35773,29484,6531,17
35774,29485,6742,26
35775,29486,6742,17
35776,29487,6742,22
35777,29488,6742,44
35778,29489,6603,51
35779,29490,6603,22
35780,29490,6638,3
35781,29491,6638,7
35782,29492,6638,32
35783,29493,5974,19
35784,29494,5974,27
35785,29495,5974,35
35786,29496,6009,63
35787,29497,6500,10
35788,29497,6535,26
35789,29498,6535,26
35790,29499,6535,21
35791,29500,6535,67
35792,29501,6361,61
35793,29502,6361,53
35794,29502,6396,3
35795,29503,6396,34
35796,29504,6396,17
35797,29505,6222,70
35798,29506,6222,41
35799,29507,6222,15
35800,29508,6222,7
35801,29508,6257,25
35802,29509,6538,35
35803,29510,6538,26
35804,29511,6573,6
35805,29512,6573,45
35806,29513,6644,14
35807,29514,6644,40
35808,29515,6644,23
35809,29516,6644,22
35810,29517,6225,32
35811,29517,6260,6
35812,29518,6260,28
35813,29519,6260,17
35814,29520,6260,37
35815,29521,6576,23
35816,29522,6576,29
35817,29523,6576,21
35818,29524,6576,32
35819,29525,6262,28
35820,29525,6297,19
35821,29526,6297,36
35822,29527,6297,9
35823,29528,6297,31
35824,29529,6473,44
35825,29530,6473,35
35826,29531,6473,24
35827,29532,6473,28
35828,29533,5984,39
35829,29534,5984,29
35830,29535,5984,20
35831,29536,5984,22
35832,29537,6580,47
35833,29538,6580,40
35834,29539,6580,23
35835,29540,6580,31
35836,29541,6266,47
35837,29542,6266,18
35838,29543,6266,43
35839,29544,6266,51
35840,29544,6301,18
35841,29545,6162,40
35842,29546,6162,42
35843,29547,6162,26
35844,29548,6162,9
35845,29548,6197,44
35846,29549,6478,36
35847,29550,6478,42
35848,29551,6478,21
35849,29552,6478,61
35850,29553,6409,45
35851,29554,6409,31
35852,29554,6444,3
35853,29555,6444,30
35854,29556,6444,37
35855,29557,6445,59
35856,29557,6480,8
35857,29558,6480,28
35858,29559,6480,39
35859,29560,6480,50
35860,29561,6446,27
35861,29562,6446,19
35862,29563,6446,32
35863,29564,6446,16
35864,29565,6622,67
35865,29565,6657,1
35866,29566,6657,21
35867,29567,6657,26
35868,29568,6657,32
35869,29569,6063,37
35870,29570,6063,32
35871,29571,6063,18
35872,29572,6063,22
35873,29572,6098,15
35874,29573,6449,57
35875,29574,6449,39
35876,29574,6484,10
35877,29575,6484,17
35878,29576,6484,51
35879,29577,6660,33
35880,29578,6660,14
35881,29579,6660,29
35882,29580,6660,50
35883,29581,6591,4
35884,29581,6626,55
35885,29582,6626,56
35886,29583,6626,18
35887,29584,6626,48
35888,29585,6487,52
35889,29586,6487,43
35890,29587,6487,21
35891,29587,6522,32
35892,29588,6522,26
35893,29589,6698,45
35894,29590,6698,47
35895,29591,6698,26
35896,29592,6698,70
35897,29592,6733,2
35898,29593,6419,41
35899,29594,6419,18
35900,29595,6419,22
35901,29596,6419,28
35902,29596,6454,1
35903,29597,6420,34
35904,29598,6420,32
35905,29599,6420,32
35906,29599,6455,14
35907,29600,6455,31
35908,29601,6351,53
35909,29602,6351,46
35910,29603,6351,26
35911,29603,6386,8
35912,29604,6386,40
35913,29605,6527,36
35914,29606,6527,29
35915,29607,6527,26
35916,29608,6527,64
35917,29609,6353,36
35918,29610,6353,25
35919,29611,6353,39
35920,29612,6353,14
35921,29612,6388,39
35922,29613,6529,47
35923,29614,6529,52
35924,29614,6564,24
35925,29615,6564,14
35926,29616,6564,38
35927,29617,6495,45
35928,29618,6495,2
35929,29618,6530,37
35930,29619,6530,40
35931,29620,6530,33
35932,29621,6531,74
35933,29622,6531,38
35934,29623,6531,32
35935,29624,6531,11
35936,29625,6742,29
35937,29625,6777,3
35938,29626,6777,29
35939,29627,6777,25
35940,29628,6777,46
35941,29629,6638,82
35942,29630,6638,29
35943,29631,6638,24
35944,29632,6638,32
35945,29632,6673,10
35946,29633,6009,30
35947,29634,6009,19
35948,29634,6044,6
35949,29635,6044,26
35950,29636,6044,18
35951,29637,6535,61
35952,29637,6570,11
35953,29638,6570,35
35954,29639,6570,37
35955,29640,6570,27
35956,29641,6396,43
35957,29642,6396,18
35958,29643,6396,38
35959,29644,6396,17
35960,29644,6431,40
35961,29645,6257,62
35962,29646,6257,25
35963,29647,6257,16
35964,29647,6292,22
35965,29648,6292,24
35966,29649,6573,35
35967,29650,6573,41
35968,29651,6573,23
35969,29652,6573,26
35970,29652,6608,29
35971,29653,6644,37
35972,29653,6679,31
35973,29654,6679,56
35974,29655,6679,27
35975,29656,6679,54
35976,29656,6714,7
35977,29657,6260,22
35978,29658,6260,27
35979,29658,6295,6
35980,29659,6295,17
35981,29660,6295,51
35982,29661,6576,74
35983,29661,6611,13
35984,29662,6611,29
35985,29663,6611,17
35986,29664,6611,38
35987,29665,6297,32
35988,29666,6297,5
35989,29666,6332,25
35990,29667,6332,33
35991,29668,6332,31
35992,29669,6473,1
35993,29669,6508,81
35994,29670,6508,21
35995,29671,6508,24
35996,29672,6508,9
35997,29672,6543,24
35998,29673,5984,31
35999,29673,6019,15
36000,29674,6019,31
36001,29675,6019,25
36002,29676,6019,50
36003,29677,6580,14
36004,29677,6615,17
36005,29678,6615,35
36006,29679,6615,35
36007,29680,6615,59
36008,29681,6301,7
36009,29682,6301,45
36010,29683,6301,25
36011,29684,6301,48
36012,29685,6197,60
36013,29686,6197,58
36014,29687,6197,7
36015,29687,6232,21
36016,29688,6232,24
36017,29689,6478,36
36018,29690,6478,27
36019,29690,6513,6
36020,29691,6513,42
36021,29692,6513,35
36022,29693,6444,60
36023,29694,6444,34
36024,29694,6479,29
36025,29695,6479,13
36026,29696,6479,49
36027,29697,6480,18
36028,29697,6515,22
36029,29698,6515,29
36030,29699,6515,21
36031,29700,6515,35
36032,29700,6550,24
36033,29701,6446,42
36034,29702,6446,35
36035,29703,6446,36
36036,29703,6481,8
36037,29704,6481,78
36038,29705,6657,55
36039,29706,6657,44
36040,29707,6657,25
36041,29708,6657,56
36042,29709,6098,27
36043,29710,6098,38
36044,29711,6098,30
36045,29712,6098,5
36046,29712,6133,20
36047,29713,6484,36
36048,29714,6484,23
36049,29714,6519,5
36050,29715,6519,9
36051,29716,6519,25
36052,29717,6660,18
36053,29717,6695,28
36054,29718,6695,31
36055,29719,6695,22
36056,29720,6695,16
36057,29721,6626,49
36058,29722,6626,15
36059,29722,6661,33
36060,29723,6661,29
36061,29724,6661,38
36062,29725,6522,65
36063,29726,6522,54
36064,29727,6522,24
36065,29727,6557,10
36066,29728,6557,31
36067,29729,6733,49
36068,29730,6733,45
36069,29731,6733,19
36070,29732,6733,30
36071,29733,6454,36
36072,29734,6454,28
36073,29735,6454,14
36074,29736,6454,83
36075,29737,6455,76
36076,29738,6455,6
36077,29738,6490,18
36078,29739,6490,21
36079,29740,6490,36
36080,29741,6386,65
36081,29742,6386,37
36082,29742,6421,13
36083,29743,6421,12
36084,29744,6421,26
36085,29745,6527,57
36086,29745,6562,4
36087,29746,6562,42
36088,29747,6562,16
36089,29748,6562,36
36090,29749,6388,69
36091,29750,6388,37
36092,29751,6388,34
36093,29751,6423,6
36094,29752,6423,43
36095,29753,6564,69
36096,29754,6564,44
36097,29755,6564,32
36098,29756,6564,9
36099,29756,6599,32
36100,29757,6530,48
36101,29758,6530,25
36102,29759,6530,21
36103,29760,6530,10
36104,29760,6565,16
36105,29761,6531,4
36106,29761,6566,54
36107,29762,6566,62
36108,29763,6566,20
36109,29764,6566,50
36110,29764,6601,28
36111,29765,6777,30
36112,29766,6777,28
36113,29767,6777,15
36114,29767,6812,30
36115,29768,6812,54
36116,29769,6673,85
36117,29770,6673,30
36118,29771,6673,14
36119,29772,6673,62
36120,29773,6044,78
36121,29774,6044,6
36122,29774,6079,58
36123,29775,6079,36
36124,29776,6079,47
36125,29777,6570,62
36126,29778,6570,21
36127,29779,6570,16
36128,29780,6570,17
36129,29780,6605,6
36130,29781,6431,59
36131,29782,6431,28
36132,29783,6431,23
36133,29784,6431,30
36134,29784,6466,29
36135,29785,6292,51
36136,29786,6292,28
36137,29787,6292,26
36138,29787,6327,24
36139,29788,6327,84
36140,29789,6608,68
36141,29790,6608,34
36142,29791,6608,16
36143,29792,6608,25
36144,29793,6714,49
36145,29794,6714,22
36146,29795,6714,34
36147,29796,6714,83
36148,29797,6295,27
36149,29798,6295,27
36150,29799,6295,1
36151,29799,6330,23
36152,29800,6330,25
36153,29801,6611,53
36154,29802,6611,14
36155,29802,6646,40
36156,29803,6646,31
36157,29804,6646,41
36158,29805,6332,86
36159,29806,6332,31
36160,29806,6367,4
36161,29807,6367,22
36162,29808,6367,38
36163,29809,6543,85
36164,29810,6543,11
36165,29810,6578,42
36166,29811,6578,18
36167,29812,6578,55
36168,29813,6019,16
36169,29814,6019,6
36170,29814,6054,32
36171,29815,6054,26
36172,29816,6054,36
36173,29817,6615,63
36174,29818,6615,36
36175,29818,6650,5
36176,29819,6650,14
36177,29820,6650,56
36178,29821,6301,7
36179,29821,6336,36
36180,29822,6336,35
36181,29823,6336,35
36182,29824,6336,36
36183,29825,6232,81
36184,29825,6267,1
36185,29826,6267,48
36186,29827,6267,24
36187,29828,6267,51
36188,29828,6302,28
36189,29829,6513,56
36190,29830,6513,53
36191,29831,6513,1
36192,29831,6548,47
36193,29832,6548,36
36194,29833,6479,89
36195,29833,6514,8
36196,29834,6514,71
36197,29835,6514,27
36198,29836,6514,21
36199,29837,6550,59
36200,29838,6550,44
36201,29839,6550,56
36202,29840,6550,36
36203,29840,6585,8
36204,29841,6481,82
36205,29841,6516,3
36206,29842,6516,47
36207,29843,6516,65
36208,29844,6516,43
36209,29845,6657,4
36210,29845,6692,78
36211,29846,6692,42
36212,29847,6692,25
36213,29848,6692,13
36214,29848,6727,38
36215,29849,6133,54
36216,29850,6133,43
36217,29851,6133,43
36218,29852,6133,35
36219,29852,6168,10
36220,29853,6519,53
36221,29854,6519,43
36222,29855,6519,14
36223,29856,6519,66
36224,29856,6554,6
36225,29857,6695,61
36226,29858,6695,22
36227,29859,6695,44
36228,29859,6730,28
36229,29860,6730,77
36230,29861,6661,61
36231,29862,6661,31
36232,29863,6661,22
36233,29864,6661,37
36234,29864,6696,38
36235,29865,6557,96
36236,29866,6557,53
36237,29867,6557,33
36238,29868,6557,42
36239,29868,6592,1
36240,29869,6733,61
36241,29870,6733,19
36242,29870,6768,29
36243,29871,6768,44
36244,29872,6768,39
36245,29873,6454,14
36246,29873,6489,8
36247,29874,6489,51
36248,29875,6489,31
36249,29876,6489,34
36250,29877,6490,47
36251,29878,6490,36
36252,29879,6490,41
36253,29879,6525,3
36254,29880,6525,69
36255,29881,6421,93
36256,29882,6421,39
36257,29883,6421,16
36258,29883,6456,38
36259,29884,6456,27
36260,29885,6562,135
36261,29886,6562,1
36262,29886,6597,79
36263,29887,6597,63
36264,29888,6597,61
36265,29889,6423,36
36266,29890,6423,37
36267,29891,6423,25
36268,29892,6423,40
36269,29893,6599,73
36270,29894,6599,38
36271,29894,6634,29
36272,29895,6634,24
36273,29896,6634,37
36274,29897,6565,66
36275,29898,6565,53
36276,29899,6565,32
36277,29899,6600,18
36278,29900,6600,51
36279,29901,6601,53
36280,29902,6601,22
36281,29903,6601,13
36282,29904,6601,55
36283,29904,6636,33
36284,29905,6812,55
36285,29906,6812,36
36286,29907,6812,9
36287,29907,6847,21
36288,29908,6847,77
36289,29909,6673,60
36290,29909,6708,1
36291,29910,6708,39
36292,29911,6708,53
36293,29912,6708,36
36294,29913,6079,63
36295,29913,6114,1
36296,29914,6114,31
36297,29915,6114,14
36298,29916,6114,47
36299,29917,6605,50
36300,29918,6605,62
36301,29919,6605,47
36302,29920,6605,50
36303,29920,6640,52
36304,29921,6466,40
36305,29922,6466,28
36306,29923,6466,77
36307,29924,6466,25
36308,29924,6501,9
36309,29925,6327,31
36310,29926,6327,30
36311,29926,6362,13
36312,29927,6362,59
36313,29928,6362,35
36314,29929,6608,43
36315,29929,6643,74
36316,29930,6643,36
36317,29931,6643,21
36318,29932,6643,36
36319,29933,6714,74
36320,29933,6749,21
36321,29934,6749,69
36322,29935,6749,19
36323,29936,6749,43
36324,29937,6330,107
36325,29938,6365,32
36326,29939,6365,49
36327,29940,6365,28
36328,29941,6646,87
36329,29941,6681,6
36330,29942,6681,30
36331,29943,6681,65
36332,29944,6681,69
36333,29945,6367,47
36334,29946,6367,43
36335,29947,6367,18
36336,29947,6402,16
36337,29948,6402,48
36338,29949,6578,25
36339,29949,6613,49
36340,29950,6613,25
36341,29951,6613,44
36342,29952,6613,41
36343,29953,6054,55
36344,29954,6054,41
36345,29954,6089,9
36346,29955,6089,36
36347,29956,6089,45
36348,29957,6650,47
36349,29958,6650,32
36350,29959,6650,30
36351,29960,6650,26
36352,29960,6685,54
36353,29961,6336,8
36354,29961,6371,120
36355,29962,6371,36
36356,29962,6406,5
36357,29963,6406,29
36358,29964,6406,42
36359,29965,6302,96
36360,29966,6302,56
36361,29967,6302,13
36362,29967,6337,30
36363,29968,6337,107
36364,29969,6548,68
36365,29970,6548,37
36366,29971,6548,25
36367,29971,6583,90
36368,29972,6583,35
36369,29973,6514,58
36370,29973,6549,9
36371,29974,6549,81
36372,29975,6549,42
36373,29975,6584,68
36374,29976,6584,67
36375,29977,6585,38
36376,29978,6585,34
36377,29979,6585,40
36378,29980,6585,42
36379,29981,6516,44
36380,29982,6516,31
36381,29982,6551,35
36382,29983,6551,29
36383,29984,6551,50
36384,29985,6727,143
36385,29986,6727,5
36386,29986,6762,50
36387,29987,6762,44
36388,29988,6762,72
36389,29988,6797,30
36390,29989,6168,94
36391,29990,6168,38
36392,29991,6168,1
36393,29991,6203,72
36394,29992,6203,52
36395,29992,6238,48
36396,29993,6554,63
36397,29994,6554,85
36398,29995,6554,35
36399,29995,6589,43
36400,29996,6589,49
36401,29997,6730,58
36402,29998,6730,2
36403,29998,6765,88
36404,29999,6765,37
36405,30000,6765,78
36406,30001,6696,54
36407,30002,6696,37
36408,30003,6696,34
36409,30004,6696,39
36410,30004,6731,1
36411,30005,6592,105
36412,30006,6592,76
36413,30006,6627,2
36414,30007,6627,39
36415,30008,6627,50
36416,30009,6768,97
36417,30010,6768,48
36418,30011,6768,30
36419,30012,6768,3
36420,30012,6803,31
36421,30013,6489,32
36422,30013,6524,36
36423,30014,6524,44
36424,30015,6524,63
36425,30016,6524,33
36426,30016,6559,11
36427,30017,6525,55
36428,30018,6525,38
36429,30019,6525,11
36430,30019,6560,28
36431,30020,6560,48
36432,30021,6456,34
36433,30021,6491,28
36434,30022,6491,67
36435,30023,6491,74
36436,30023,6526,9
36437,30024,6526,60
36438,30025,6597,16
36439,30025,6632,74
36440,30026,6632,33
36441,30027,6632,90
36442,30028,6632,33
36443,30028,6667,20
36444,30029,6423,9
36445,30029,6458,75
36446,30030,6458,40
36447,30031,6458,18
36448,30031,6493,28
36449,30032,6493,110
36450,30033,6634,49
36451,30034,6634,48
36452,30034,6669,6
36453,30035,6669,50
36454,30036,6669,51
36455,30037,6600,98
36456,30038,6600,24
36457,30038,6635,12
36458,30039,6635,24
36459,30040,6635,67
36460,30041,6636,41
36461,30042,6636,69
36462,30043,6636,19
36463,30044,6636,25
36464,30044,6671,31
36465,30045,6847,87
36466,30046,6847,35
36467,30047,6847,19
36468,30047,6882,17
36469,30048,6882,72
36470,30049,6708,99
36471,30050,6708,32
36472,30050,6743,38
36473,30051,6743,44
36474,30052,6743,78
36475,30053,6114,51
36476,30053,6149,53
36477,30054,6149,89
36478,30054,6184,31
36479,30055,6184,41
36480,30056,6184,82
36481,30057,6640,47
36482,30058,6640,54
36483,30059,6640,35
36484,30059,6675,21
36485,30060,6675,61
36486,30061,6501,64
36487,30062,6501,85
36488,30063,6501,62
36489,30063,6536,1
36490,30064,6536,65
36491,30065,6362,18
36492,30066,6362,27
36493,30066,6397,19
36494,30067,6397,17
36495,30068,6397,57
36496,30069,6643,6
36497,30069,6678,78
36498,30070,6678,63
36499,30071,6678,27
36500,30072,6678,94
36501,30072,6713,36
36502,30073,6749,32
36503,30073,6784,33
36504,30074,6784,53
36505,30075,6784,65
36506,30076,6784,70
36507,30077,6365,114
36508,30078,6365,36
36509,30078,6400,58
36510,30079,6400,34
36511,30080,6400,25
36512,30080,6435,56
36513,30081,6681,21
36514,30081,6716,82
36515,30082,6716,49
36516,30083,6716,30
36517,30083,6751,23
36518,30084,6751,66
36519,30085,6402,101
36520,30086,6402,61
36521,30086,6437,17
36522,30087,6437,23
36523,30088,6437,100
36524,30089,6613,32
36525,30089,6648,34
36526,30090,6648,68
36527,30091,6648,57
36528,30091,6683,3
36529,30092,6683,52
36530,30093,6089,21
36531,30093,6124,68
36532,30094,6124,38
36533,30095,6124,37
36534,30096,6124,41
36535,30096,6159,95
36536,30097,6685,121
36537,30098,6685,49
36538,30099,6685,42
36539,30100,6685,18
36540,30100,6720,25
36541,30101,6406,89
36542,30101,6441,16
36543,30102,6441,31
36544,30103,6441,42
36545,30104,6441,47
36546,30105,6337,60
36547,30106,6337,18
36548,30106,6372,15
36549,30107,6372,19
36550,30108,6372,67
36551,30109,6583,48
36552,30110,6583,36
36553,30110,6618,28
36554,30111,6618,31
36555,30112,6618,69
36556,30113,6584,19
36557,30113,6619,46
36558,30114,6619,59
36559,30115,6619,40
36560,30116,6619,23
36561,30116,6654,43
36562,30117,6585,93
36563,30117,6620,53
36564,30118,6620,54
36565,30119,6620,20
36566,30120,6620,110
36567,30121,6551,55
36568,30121,6586,48
36569,30122,6586,93
36570,30123,6586,18
36571,30124,6586,35
36572,30124,6621,48
36573,30125,6797,76
36574,30126,6797,53
36575,30127,6797,45
36576,30127,6832,39
36577,30128,6832,47
36578,30129,6238,45
36579,30130,6238,32
36580,30131,6238,39
36581,30131,6273,6
36582,30132,6273,65
36583,30133,6589,85
36584,30134,6589,13
36585,30134,6624,29
36586,30135,6624,33
36587,30136,6624,92
36588,30136,6659,49
36589,30137,6765,23
36590,30137,6800,19
36591,30138,6800,108
36592,30139,6800,44
36593,30140,6800,66
36594,30140,6835,26
36595,30141,6731,64
36596,30142,6731,58
36597,30143,6731,36
36598,30144,6731,48
36599,30144,6766,3
36600,30145,6627,41
36601,30145,6662,37
36602,30146,6662,64
36603,30147,6662,53
36604,30148,6662,39
36605,30149,6803,73
36606,30150,6803,39
36607,30151,6803,16
36608,30151,6838,24
36609,30152,6838,42
36610,30153,6559,85
36611,30154,6559,54
36612,30155,6559,34
36613,30156,6559,37
36614,30156,6594,9
36615,30157,6560,79
36616,30158,6560,71
36617,30159,6560,25
36618,30159,6595,41
36619,30160,6595,56
36620,30161,6526,140
36621,30162,6526,11
36622,30162,6561,58
36623,30163,6561,65
36624,30164,6561,39
36625,30164,6596,6
36626,30165,6667,91
36627,30166,6667,48
36628,30167,6667,38
36629,30167,6702,36
36630,30168,6702,67
36631,30169,6493,84
36632,30170,6493,38
36633,30171,6493,12
36634,30171,6528,22
36635,30172,6528,47
36636,30173,6669,71
36637,30174,6669,60
36638,30175,6669,8
36639,30175,6704,33
36640,30176,6704,101
36641,30177,6635,36
36642,30177,6670,91
36643,30178,6670,49
36644,30179,6670,45
36645,30179,6705,19
36646,30180,6705,39
36647,30181,6671,69
36648,30182,6671,47
36649,30183,6671,43
36650,30183,6706,16
36651,30184,6706,25
36652,30185,6882,137
36653,30186,6882,48
36654,30187,6882,37
36655,30188,6882,29
36656,30188,6917,14
36657,30189,6743,26
36658,30189,6778,94
36659,30190,6778,31
36660,30191,6778,29
36661,30192,6778,61
36662,30192,6813,21
36663,30193,6184,2
36664,30193,6219,30
36665,30194,6219,25
36666,30195,6219,31
36667,30196,6219,50
36668,30196,6254,20
36669,30197,6675,62
36670,30198,6675,54
36671,30198,6710,32
36672,30199,6710,28
36673,30200,6710,66
36674,30201,6536,77
36675,30202,6536,48
36676,30203,6536,61
36677,30203,6571,2
36678,30204,6571,49
36679,30205,6397,46
36680,30205,6432,62
36681,30206,6432,43
36682,30207,6432,59
36683,30208,6432,56
36684,30209,6713,96
36685,30210,6713,76
36686,30210,6748,43
36687,30211,6748,57
36688,30212,6748,71
36689,30213,6784,5
36690,30213,6819,100
36691,30214,6819,22
36692,30215,6819,55
36693,30216,6819,48
36694,30216,6854,34
36695,30217,6435,46
36696,30218,6435,74
36697,30219,6435,16
36698,30219,6470,33
36699,30220,6470,49
36700,30221,6751,55
36701,30222,6751,59
36702,30223,6751,10
36703,30223,6786,24
36704,30224,6786,66
36705,30225,6437,29
36706,30225,6472,40
36707,30226,6472,103
36708,30227,6472,3
36709,30227,6507,21
36710,30228,6507,70
36711,30229,6683,98
36712,30230,6683,38
36713,30230,6718,13
36714,30231,6718,66
36715,30232,6718,40
36716,30232,6753,41
36717,30233,6159,26
36718,30233,6194,93
36719,30234,6194,38
36720,30234,6229,30
36721,30235,6229,23
36722,30236,6229,104
36723,30237,6720,163
36724,30238,6720,13
36725,30238,6755,17
36726,30239,6755,55
36727,30240,6755,49
36728,30241,6441,14
36729,30241,6476,52
36730,30242,6476,22
36731,30243,6476,25
36732,30244,6476,19
36733,30245,6372,55
36734,30246,6372,25
36735,30247,6372,23
36736,30247,6407,19
36737,30248,6407,31
36738,30249,6618,51
36739,30250,6618,12
36740,30250,6653,26
36741,30251,6653,18
36742,30252,6653,42
36743,30253,6654,45
36744,30254,6654,25
36745,30255,6654,38
36746,30256,6654,43
36747,30257,6620,5
36748,30257,6655,39
36749,30258,6655,24
36750,30259,6655,13
36751,30260,6655,17
36752,30261,6621,31
36753,30262,6621,22
36754,30263,6621,21
36755,30264,6621,10
36756,30264,6656,29
36757,30265,6832,22
36758,30266,6832,28
36759,30267,6832,27
36760,30268,6832,15
36761,30269,6273,49
36762,30270,6273,17
36763,30270,6308,17
36764,30271,6308,41
36765,30272,6308,32
36766,30273,6659,54
36767,30274,6659,26
36768,30275,6659,15
36769,30276,6659,30
36770,30277,6835,32
36771,30278,6835,20
36772,30279,6835,12
36773,30280,6835,43
36774,30281,6766,19
36775,30282,6766,48
36776,30283,6766,13
36777,30284,6766,42
36778,30285,6662,17
36779,30285,6697,31
36780,30286,6697,17
36781,30287,6697,17
36782,30288,6697,28
36783,30289,6838,52
36784,30290,6838,42
36785,30291,6838,14
36786,30292,6838,36
36787,30293,6594,45
36788,30294,6594,45
36789,30295,6594,21
36790,30296,6594,28
36791,30297,6595,41
36792,30298,6595,27
36793,30299,6595,13
36794,30300,6595,10
36795,30300,6630,35
36796,30301,6596,39
36797,30302,6596,13
36798,30303,6596,63
36799,30304,6596,55
36800,30304,6631,1
36801,30305,6702,50
36802,30306,6702,36
36803,30307,6702,17
36804,30308,6702,6
36805,30308,6737,32
36806,30309,6528,42
36807,30310,6528,35
36808,30311,6528,23
36809,30312,6528,27
36810,30313,6704,75
36811,30314,6704,21
36812,30315,6704,6
36813,30315,6739,20
36814,30316,6739,37
36815,30317,6705,65
36816,30318,6705,23
36817,30319,6705,35
36818,30320,6705,21
36819,30321,6706,19
36820,30322,6706,49
36821,30323,6706,21
36822,30324,6706,41
36823,30325,6917,32
36824,30326,6917,33
36825,30327,6917,29
36826,30328,6917,40
36827,30329,6813,61
36828,30330,6813,32
36829,30331,6813,22
36830,30332,6813,28
36831,30333,6254,41
36832,30334,6254,14
36833,30335,6254,27
36834,30336,6254,20
36835,30337,6710,37
36836,30338,6710,18
36837,30339,6710,36
36838,30340,6710,44
36839,30341,6571,35
36840,30342,6571,33
36841,30343,6571,23
36842,30344,6571,19
36843,30345,6467,54
36844,30346,6467,22
36845,30347,6467,31
36846,30348,6467,39
36847,30349,6748,34
36848,30350,6748,16
36849,30351,6748,17
36850,30352,6748,46
36851,30353,6854,34
36852,30354,6854,15
36853,30355,6854,23
36854,30356,6854,21
36855,30357,6470,45
36856,30358,6470,38
36857,30359,6470,31
36858,30360,6470,24
36859,30361,6786,34
36860,30362,6786,30
36861,30363,6786,29
36862,30364,6786,49
36863,30365,6507,37
36864,30366,6507,30
36865,30367,6507,23
36866,30368,6507,23
36867,30368,6542,20
36868,30369,6753,45
36869,30370,6753,40
36870,30371,6753,32
36871,30372,6753,31
36872,30373,6229,9
36873,30373,6264,22
36874,30374,6264,31
36875,30375,6264,40
36876,30376,6264,24
36877,30376,6299,8
36878,30377,6755,27
36879,30378,6755,12
36880,30378,6790,25
36881,30379,6790,31
36882,30380,6790,41
36883,30381,6476,59
36884,30382,6476,14
36885,30382,6511,19
36886,30383,6511,28
36887,30384,6511,32
36888,30385,6407,34
36889,30386,6407,33
36890,30387,6407,15
36891,30388,6407,27
36892,30389,6653,53
36893,30390,6653,34
36894,30390,6688,1
36895,30391,6688,13
36896,30392,6688,59
36897,30393,6654,38
36898,30394,6654,7
36899,30395,6654,29
36900,30396,6654,16
36901,30396,6689,4
36902,30397,6655,87
36903,30398,6655,17
36904,30398,6690,17
36905,30399,6690,25
36906,30400,6690,17
36907,30401,6656,42
36908,30402,6656,28
36909,30403,6656,12
36910,30404,6656,36
36911,30405,6832,33
36912,30406,6832,18
36913,30407,6832,18
36914,30408,6832,32
36915,30409,6308,58
36916,30409,6343,21
36917,30410,6343,27
36918,30411,6343,9
36919,30412,6343,42
36920,30413,6659,48
36921,30414,6659,9
36922,30414,6694,37
36923,30415,6694,23
36924,30416,6694,39
36925,30417,6835,55
36926,30418,6835,46
36927,30419,6835,32
36928,30420,6835,32
36929,30421,6766,47
36930,30422,6766,11
36931,30423,6766,44
36932,30424,6766,11
36933,30424,6801,10
36934,30425,6697,56
36935,30426,6697,55
36936,30427,6697,15
36937,30428,6697,28
36938,30428,6732,29
36939,30429,6838,36
36940,30429,6873,5
36941,30430,6873,26
36942,30431,6873,21
36943,30432,6873,23
36944,30433,6594,33
36945,30434,6594,33
36946,30435,6594,15
36947,30435,6629,18
36948,30436,6629,34
36949,30437,6630,70
36950,30438,6630,16
36951,30439,6630,14
36952,30440,6630,36
36953,30441,6631,26
36954,30442,6631,29
36955,30443,6631,21
36956,30444,6631,24
36957,30445,6737,46
36958,30446,6737,61
36959,30447,6737,26
36960,30448,6737,30
36961,30448,6772,15
36962,30449,6528,21
36963,30450,6528,25
36964,30451,6528,16
36965,30452,6528,18
36966,30453,6739,41
36967,30454,6739,20
36968,30455,6739,23
36969,30456,6739,33
36970,30457,6705,4
36971,30457,6740,55
36972,30458,6740,24
36973,30459,6740,14
36974,30460,6740,35
36975,30461,6706,34
36976,30462,6706,10
36977,30463,6706,23
36978,30464,6706,30
36979,30464,6741,12
36980,30465,6917,37
36981,30466,6917,17
36982,30467,6917,16
36983,30468,6917,7
36984,30468,6952,56
36985,30469,6813,5
36986,30469,6848,12
36987,30470,6848,31
36988,30471,6848,25
36989,30472,6848,25
36990,30473,6254,41
36991,30474,6254,14
36992,30474,6289,23
36993,30475,6289,21
36994,30476,6289,51
36995,30477,6710,36
36996,30477,6745,36
36997,30478,6745,47
36998,30479,6745,17
36999,30480,6745,42
37000,30481,6571,1
37001,30481,6606,38
37002,30482,6606,27
37003,30483,6606,13
37004,30484,6606,53
37005,30485,6467,15
37006,30485,6502,39
37007,30486,6502,18
37008,30487,6502,21
37009,30488,6502,28
37010,30489,6748,9
37011,30489,6783,47
37012,30490,6783,26
37013,30491,6783,33
37014,30492,6783,22
37015,30493,6854,39
37016,30494,6854,14
37017,30495,6854,25
37018,30496,6854,30
37019,30497,6470,12
37020,30497,6505,69
37021,30498,6505,24
37022,30499,6505,32
37023,30500,6505,25
37024,30501,6786,27
37025,30501,6821,1
37026,30502,6821,26
37027,30503,6821,18
37028,30504,6821,35
37029,30505,6542,53
37030,30506,6542,37
37031,30507,6542,18
37032,30508,6542,31
37033,30508,6577,11
37034,30509,6753,13
37035,30509,6788,23
37036,30510,6788,30
37037,30511,6788,22
37038,30512,6788,23
37039,30513,6299,83
37040,30514,6299,40
37041,30515,6299,17
37042,30516,6299,13
37043,30516,6334,12
37044,30517,6790,31
37045,30518,6790,41
37046,30518,6825,13
37047,30519,6825,19
37048,30520,6825,60
37049,30521,6511,44
37050,30522,6511,18
37051,30523,6511,32
37052,30524,6511,24
37053,30525,6407,13
37054,30526,6407,5
37055,30526,6442,43
37056,30527,6442,19
37057,30528,6442,70
37058,30529,6688,23
37059,30530,6688,30
37060,30531,6688,39
37061,30532,6688,30
37062,30532,6723,1
37063,30533,6689,54
37064,30534,6689,45
37065,30535,6689,21
37066,30536,6689,22
37067,30537,6690,53
37068,30538,6690,27
37069,30539,6690,39
37070,30540,6690,5
37071,30540,6725,25
37072,30541,6656,28
37073,30542,6656,30
37074,30542,6691,48
37075,30543,6691,46
37076,30544,6691,81
37077,30545,6832,10
37078,30545,6867,47
37079,30546,6867,37
37080,30547,6867,16
37081,30548,6867,24
37082,30549,6343,52
37083,30550,6343,5
37084,30550,6378,14
37085,30551,6378,39
37086,30552,6378,31
37087,30553,6694,52
37088,30554,6694,22
37089,30555,6694,11
37090,30556,6694,25
37091,30556,6729,22
37092,30557,6835,47
37093,30558,6835,32
37094,30559,6835,45
37095,30560,6835,26
37096,30560,6870,10
37097,30561,6801,38
37098,30562,6801,43
37099,30563,6801,30
37100,30564,6801,21
37101,30565,6732,70
37102,30566,6732,33
37103,30567,6732,38
37104,30568,6732,42
37105,30569,6873,24
37106,30570,6873,35
37107,30571,6873,32
37108,30572,6873,40
37109,30573,6629,34
37110,30574,6629,63
37111,30575,6629,28
37112,30575,6664,6
37113,30576,6664,45
37114,30577,6630,19
37115,30577,6665,7
37116,30578,6665,26
37117,30579,6665,50
37118,30580,6665,30
37119,30581,6631,46
37120,30581,6666,2
37121,30582,6666,21
37122,30583,6666,27
37123,30584,6666,37
37124,30585,6772,50
37125,30586,6772,50
37126,30587,6772,25
37127,30588,6772,31
37128,30589,6528,1
37129,30589,6563,32
37130,30590,6563,14
37131,30591,6563,34
37132,30592,6563,72
37133,30593,6739,70
37134,30594,6739,33
37135,30595,6739,20
37136,30596,6739,11
37137,30596,6774,40
37138,30597,6740,39
37139,30598,6740,43
37140,30599,6740,39
37141,30599,6775,7
37142,30600,6775,54
37143,30601,6741,51
37144,30602,6741,46
37145,30603,6741,32
37146,30604,6741,19
37147,30605,6952,39
37148,30606,6952,48
37149,30607,6952,53
37150,30608,6952,69
37151,30609,6848,53
37152,30610,6848,38
37153,30611,6848,40
37154,30612,6848,12
37155,30612,6883,15
37156,30613,6289,37
37157,30613,6324,8
37158,30614,6324,28
37159,30615,6324,9
37160,30616,6324,24
37161,30617,6745,41
37162,30618,6745,27
37163,30618,6780,15
37164,30619,6780,37
37165,30620,6780,30
37166,30621,6606,31
37167,30621,6641,4
37168,30622,6641,45
37169,30623,6641,31
37170,30624,6641,27
37171,30625,6502,35
37172,30625,6537,48
37173,30626,6537,37
37174,30627,6537,36
37175,30628,6537,34
37176,30629,6783,19
37177,30630,6783,28
37178,30631,6783,51
37179,30632,6783,21
37180,30632,6818,4
37181,30633,6854,30
37182,30634,6854,1
37183,30634,6889,30
37184,30635,6889,38
37185,30636,6889,58
37186,30637,6505,72
37187,30638,6505,37
37188,30639,6540,15
37189,30640,6540,36
37190,30641,6821,30
37191,30642,6821,26
37192,30643,6821,26
37193,30644,6821,24
37194,30645,6577,30
37195,30646,6577,42
37196,30647,6577,33
37197,30648,6577,75
37198,30649,6788,40
37199,30650,6788,46
37200,30651,6788,43
37201,30651,6823,3
37202,30652,6823,23
37203,30653,6334,38
37204,30654,6334,41
37205,30655,6334,11
37206,30656,6334,43
37207,30656,6369,27
37208,30657,6825,49
37209,30658,6825,28
37210,30658,6860,8
37211,30659,6860,19
37212,30660,6860,32
37213,30661,6511,40
37214,30661,6546,36
37215,30662,6546,17
37216,30663,6546,26
37217,30664,6546,65
37218,30665,6442,42
37219,30666,6442,3
37220,30666,6477,28
37221,30667,6477,36
37222,30668,6477,41
37223,30669,6723,30
37224,30670,6723,33
37225,30671,6723,36
37226,30672,6723,30
37227,30673,6689,94
37228,30674,6689,7
37229,30674,6724,26
37230,30675,6724,36
37231,30676,6724,58
37232,30677,6725,35
37233,30678,6725,27
37234,30679,6725,23
37235,30680,6725,64
37236,30681,6691,61
37237,30682,6691,15
37238,30682,6726,2
37239,30683,6726,50
37240,30684,6726,33
37241,30685,6867,69
37242,30686,6867,54
37243,30687,6867,37
37244,30688,6867,35
37245,30689,6378,55
37246,30690,6378,18
37247,30690,6413,2
37248,30691,6413,13
37249,30692,6413,45
37250,30693,6729,29
37251,30694,6729,34
37252,30695,6729,23
37253,30696,6729,58
37254,30697,6870,20
37255,30698,6870,27
37256,30699,6870,31
37257,30700,6870,26
37258,30701,6801,22
37259,30702,6801,55
37260,30703,6801,17
37261,30704,6801,36
37262,30704,6836,13
37263,30705,6732,49
37264,30706,6732,23
37265,30707,6732,21
37266,30708,6732,10
37267,30708,6767,52
37268,30709,6873,28
37269,30709,6908,31
37270,30710,6908,50
37271,30711,6908,31
37272,30712,6908,26
37273,30713,6664,35
37274,30714,6664,31
37275,30715,6664,24
37276,30716,6664,38
37277,30717,6665,86
37278,30718,6665,23
37279,30719,6665,11
37280,30719,6700,16
37281,30720,6700,25
37282,30721,6666,78
37283,30722,6666,17
37284,30723,6666,42
37285,30723,6701,12
37286,30724,6701,17
37287,30725,6772,76
37288,30726,6772,36
37289,30727,6772,14
37290,30727,6807,15
37291,30728,6807,54
37292,30729,6563,29
37293,30730,6563,32
37294,30731,6563,24
37295,30732,6563,3
37296,30732,6598,36
37297,30733,6774,61
37298,30734,6774,34
37299,30735,6774,44
37300,30735,6809,7
37301,30736,6809,61
37302,30737,6775,52
37303,30738,6775,51
37304,30739,6775,25
37305,30740,6775,20
37306,30740,6810,2
37307,30741,6741,33
37308,30741,6776,26
37309,30742,6776,57
37310,30743,6776,37
37311,30744,6776,30
37312,30745,6952,61
37313,30745,6987,42
37314,30746,6987,27
37315,30747,6987,23
37316,30748,6987,41
37317,30749,6883,62
37318,30750,6883,29
37319,30751,6883,33
37320,30752,6883,88
37321,30753,6324,61
37322,30754,6324,48
37323,30754,6359,5
37324,30755,6359,22
37325,30756,6359,35
37326,30757,6780,36
37327,30758,6780,64
37328,30759,6780,29
37329,30760,6780,15
37330,30760,6815,19
37331,30761,6641,75
37332,30762,6641,25
37333,30763,6641,9
37334,30763,6676,26
37335,30764,6676,64
37336,30765,6537,53
37337,30766,6537,10
37338,30766,6572,32
37339,30767,6572,22
37340,30768,6572,58
37341,30769,6818,23
37342,30770,6818,62
37343,30771,6818,36
37344,30772,6818,73
37345,30773,6889,61
37346,30774,6889,35
37347,30775,6889,35
37348,30776,6889,37
37349,30777,6540,34
37350,30778,6540,76
37351,30779,6540,29
37352,30779,6575,7
37353,30780,6575,35
37354,30781,6821,54
37355,30782,6821,12
37356,30782,6856,8
37357,30783,6856,13
37358,30784,6856,22
37359,30785,6577,36
37360,30785,6612,1
37361,30786,6612,38
37362,30787,6612,38
37363,30788,6612,49
37364,30789,6823,49
37365,30790,6823,33
37366,30791,6823,12
37367,30792,6823,66
37368,30793,6369,43
37369,30794,6369,45
37370,30795,6369,28
37371,30796,6369,34
37372,30796,6404,30
37373,30797,6860,59
37374,30798,6860,26
37375,30799,6860,45
37376,30800,6860,55
37377,30801,6546,57
37378,30802,6546,9
37379,30802,6581,44
37380,30803,6581,30
37381,30804,6581,46
37382,30805,6477,51
37383,30805,6512,5
37384,30806,6512,31
37385,30807,6512,23
37386,30808,6512,61
37387,30809,6723,66
37388,30809,6758,2
37389,30810,6758,39
37390,30811,6758,22
37391,30812,6758,77
37392,30813,6724,76
37393,30814,6724,4
37394,30814,6759,70
37395,30815,6759,13
37396,30816,6759,61
37397,30817,6725,43
37398,30818,6725,54
37399,30819,6725,20
37400,30819,6760,52
37401,30820,6760,56
37402,30821,6726,83
37403,30822,6726,1
37404,30822,6761,32
37405,30823,6761,55
37406,30824,6761,83
37407,30825,6867,18
37408,30825,6902,24
37409,30826,6902,72
37410,30827,6902,26
37411,30828,6902,57
37412,30828,6937,39
37413,30829,6413,47
37414,30830,6413,46
37415,30831,6413,21
37416,30831,6448,32
37417,30832,6448,43
37418,30833,6729,29
37419,30833,6764,19
37420,30834,6764,22
37421,30835,6764,62
37422,30836,6764,39
37423,30837,6870,100
37424,30838,6870,61
37425,30839,6870,28
37426,30840,6870,49
37427,30841,6836,56
37428,30842,6836,55
37429,30843,6836,28
37430,30844,6836,28
37431,30845,6767,78
37432,30846,6767,36
37433,30847,6767,39
37434,30848,6767,28
37435,30849,6908,79
37436,30850,6908,16
37437,30851,6908,16
37438,30852,6908,33
37439,30853,6664,57
37440,30854,6664,25
37441,30854,6699,4
37442,30855,6699,20
37443,30856,6699,64
37444,30857,6700,71
37445,30858,6700,54
37446,30859,6700,25
37447,30860,6700,34
37448,30861,6701,78
37449,30862,6701,43
37450,30863,6701,18
37451,30864,6701,43
37452,30865,6807,41
37453,30866,6807,59
37454,30867,6807,27
37455,30868,6807,17
37456,30868,6842,20
37457,30869,6598,118
37458,30870,6598,29
37459,30871,6598,25
37460,30872,6598,22
37461,30872,6633,36
37462,30873,6809,36
37463,30874,6809,94
37464,30875,6809,34
37465,30876,6809,32
37466,30877,6810,54
37467,30878,6810,71
37468,30879,6810,43
37469,30880,6810,35
37470,30881,6776,84
37471,30882,6776,3
37472,30882,6811,44
37473,30883,6811,28
37474,30884,6811,80
37475,30885,6987,44
37476,30886,6987,40
37477,30887,6987,23
37478,30888,6987,39
37479,30889,6883,58
37480,30890,6883,22
37481,30890,6918,39
37482,30891,6918,23
37483,30892,6918,110
37484,30893,6359,39
37485,30894,6359,52
37486,30895,6359,37
37487,30896,6359,3
37488,30896,6394,89
37489,30897,6815,50
37490,30898,6815,53
37491,30899,6815,18
37492,30900,6815,48
37493,30900,6850,44
37494,30901,6676,71
37495,30902,6676,29
37496,30903,6676,68
37497,30904,6676,34
37498,30905,6572,42
37499,30906,6572,50
37500,30906,6607,11
37501,30907,6607,28
37502,30908,6607,38
37503,30909,6818,3
37504,30909,6853,74
37505,30910,6853,31
37506,30911,6853,52
37507,30912,6853,38
37508,30913,6889,38
37509,30914,6889,49
37510,30914,6924,4
37511,30915,6924,57
37512,30916,6924,34
37513,30917,6575,54
37514,30918,6575,44
37515,30919,6575,25
37516,30920,6575,20
37517,30920,6610,40
37518,30921,6856,74
37519,30922,6856,42
37520,30923,6856,45
37521,30924,6856,41
37522,30925,6612,68
37523,30926,6612,1
37524,30926,6647,51
37525,30927,6647,33
37526,30928,6647,26
37527,30928,6682,17
37528,30929,6823,31
37529,30929,6858,59
37530,30930,6858,56
37531,30931,6858,13
37532,30932,6858,90
37533,30933,6404,45
37534,30934,6404,45
37535,30935,6404,26
37536,30936,6404,3
37537,30936,6439,67
37538,30937,6860,77
37539,30938,6860,15
37540,30938,6895,11
37541,30939,6895,34
37542,30940,6895,37
37543,30941,6581,92
37544,30941,6616,9
37545,30942,6616,81
37546,30943,6616,33
37547,30944,6616,51
37548,30945,6512,75
37549,30946,6512,32
37550,30946,6547,29
37551,30947,6547,39
37552,30948,6547,59
37553,30949,6758,56
37554,30949,6793,75
37555,30950,6793,141
37556,30951,6793,57
37557,30951,6828,5
37558,30952,6828,100
37559,30953,6759,32
37560,30954,6759,56
37561,30955,6759,18
37562,30956,6759,26
37563,30956,6794,60
37564,30957,6760,35
37565,30958,6760,36
37566,30959,6760,23
37567,30960,6760,4
37568,30960,6795,82
37569,30961,6761,23
37570,30961,6796,81
37571,30962,6796,67
37572,30963,6796,39
37573,30964,6796,58
37574,30964,6831,44
37575,30965,6937,45
37576,30966,6937,84
37577,30967,6937,20
37578,30967,6972,47
37579,30968,6972,62
37580,30969,6448,69
37581,30969,6483,38
37582,30970,6483,49
37583,30971,6483,50
37584,30972,6483,32
37585,30972,6518,52
37586,30973,6764,24
37587,30973,6799,33
37588,30974,6799,28
37589,30975,6799,61
37590,30976,6799,52
37591,30976,6834,11
37592,30977,6870,46
37593,30977,6905,27
37594,30978,6905,65
37595,30979,6905,66
37596,30980,6905,54
37597,30981,6836,33
37598,30982,6836,51
37599,30983,6836,27
37600,30984,6836,44
37601,30984,6871,53
37602,30985,6767,46
37603,30985,6802,31
37604,30986,6802,64
37605,30987,6802,61
37606,30988,6802,37
37607,30988,6837,66
37608,30989,6908,68
37609,30989,6943,26
37610,30990,6943,44
37611,30991,6943,80
37612,30992,6943,16
37613,30993,6699,84
37614,30993,6734,41
37615,30994,6734,121
37616,30995,6734,66
37617,30996,6734,60
37618,30997,6700,47
37619,30997,6735,15
37620,30998,6735,26
37621,30999,6735,45
37622,31000,6735,46
37623,31001,6701,99
37624,31002,6701,6
37625,31002,6736,66
37626,31003,6736,56
37627,31004,6736,98
37628,31005,6842,115
37629,31006,6842,44
37630,31007,6842,64
37631,31008,6842,48
37632,31009,6633,56
37633,31010,6633,22
37634,31010,6668,32
37635,31011,6668,41
37636,31012,6668,87
37637,31013,6809,11
37638,31013,6844,28
37639,31014,6844,40
37640,31015,6844,61
37641,31016,6844,45
37642,31017,6810,50
37643,31017,6845,34
37644,31018,6845,92
37645,31019,6845,27
37646,31020,6845,102
37647,31020,6880,11
37648,31021,6811,119
37649,31022,6811,43
37650,31022,6846,30
37651,31023,6846,50
37652,31024,6846,50
37653,31025,6987,47
37654,31025,7022,49
37655,31026,7022,35
37656,31027,7022,57
37657,31028,7022,72
37658,31028,7057,78
37659,31029,6918,64
37660,31030,6918,79
37661,31031,6918,44
37662,31031,6953,9
37663,31032,6953,117
37664,31033,6394,70
37665,31033,6429,49
37666,31034,6429,67
37667,31035,6429,27
37668,31036,6429,56
37669,31036,6464,49
37670,31037,6850,96
37671,31038,6850,49
37672,31039,6850,35
37673,31040,6850,18
37674,31040,6885,71
37675,31041,6676,6
37676,31041,6711,79
37677,31042,6711,31
37678,31043,6711,21
37679,31044,6711,103
37680,31045,6607,59
37681,31046,6607,78
37682,31046,6642,1
37683,31047,6642,57
37684,31048,6642,25
37685,31049,6853,44
37686,31050,6853,10
37687,31050,6888,33
37688,31051,6888,40
37689,31052,6888,58
37690,31053,6924,94
37691,31054,6924,71
37692,31055,6924,34
37693,31055,6959,28
37694,31056,6959,80
37695,31057,6610,118
37696,31058,6610,19
37697,31058,6645,19
37698,31059,6645,39
37699,31060,6645,50
37700,31061,6856,14
37701,31061,6891,80
37702,31062,6891,104
37703,31063,6891,74
37704,31064,6891,94
37705,31064,6926,48
37706,31065,6682,68
37707,31066,6682,53
37708,31067,6682,60
37709,31068,6682,27
37710,31068,6717,71
37711,31069,6858,18
37712,31069,6893,35
37713,31070,6893,49
37714,31071,6893,44
37715,31072,6893,58
37716,31073,6439,92
37717,31074,6439,13
37718,31074,6474,9
37719,31075,6474,65
37720,31076,6474,76
37721,31077,6895,54
37722,31078,6895,78
37723,31079,6895,33
37724,31080,6895,32
37725,31080,6930,23
37726,31081,6616,14
37727,31081,6651,77
37728,31082,6651,96
37729,31083,6651,24
37730,31084,6651,22
37731,31084,6686,37
37732,31085,6547,47
37733,31085,6582,68
37734,31086,6582,37
37735,31087,6582,32
37736,31088,6582,12
37737,31088,6617,62
37738,31089,6828,156
37739,31090,6828,20
37740,31091,6828,29
37741,31092,6828,34
37742,31093,6794,118
37743,31094,6794,26
37744,31095,6794,41
37745,31096,6794,4
37746,31096,6829,81
37747,31097,6795,54
37748,31098,6795,64
37749,31098,6830,1
37750,31099,6830,53
37751,31100,6830,63
37752,31101,6831,47
37753,31102,6831,19
37754,31103,6831,62
37755,31104,6831,74
37756,31105,6972,41
37757,31106,6972,53
37758,31107,6972,45
37759,31108,6972,33
37760,31108,7007,23
37761,31109,6518,76
37762,31110,6518,59
37763,31110,6553,45
37764,31111,6553,38
37765,31112,6553,46
37766,31113,6834,84
37767,31114,6834,64
37768,31115,6834,33
37769,31116,6834,74
37770,31117,6905,65
37771,31118,6905,46
37772,31119,6905,24
37773,31120,6905,74
37774,31120,6940,29
37775,31121,6871,137
37776,31122,6871,56
37777,31123,6871,45
37778,31124,6871,37
37779,31125,6837,74
37780,31126,6837,64
37781,31127,6837,30
37782,31128,6837,140
37783,31129,6943,58
37784,31130,6943,43
37785,31131,6943,38
37786,31131,6978,16
37787,31132,6978,35
37788,31133,6734,10
37789,31133,6769,72
37790,31134,6769,72
37791,31135,6769,46
37792,31136,6769,38
37793,31136,6804,11
37794,31137,6735,58
37795,31138,6735,45
37796,31139,6735,61
37797,31140,6735,24
37798,31140,6770,12
37799,31141,6736,6
37800,31141,6771,70
37801,31142,6771,33
37802,31143,6771,12
37803,31144,6771,37
37804,31145,6842,118
37805,31146,6842,14
37806,31146,6877,88
37807,31147,6877,55
37808,31148,6877,28
37809,31149,6668,55
37810,31149,6703,34
37811,31150,6703,43
37812,31151,6703,30
37813,31152,6703,27
37814,31153,6844,90
37815,31154,6844,16
37816,31154,6879,31
37817,31155,6879,36
37818,31156,6879,43
37819,31157,6880,52
37820,31158,6880,77
37821,31159,6880,66
37822,31160,6880,74
37823,31161,6846,59
37824,31162,6846,57
37825,31163,6846,21
37826,31163,6881,6
37827,31164,6881,109
37828,31165,7057,37
37829,31166,7057,31
37830,31167,7057,64
37831,31168,7057,63
37832,31169,6953,91
37833,31170,6953,51
37834,31170,6988,29
37835,31171,6988,50
37836,31172,6988,49
37837,31173,6464,36
37838,31174,6464,40
37839,31175,6464,54
37840,31176,6464,7
37841,31176,6499,59
37842,31177,6885,95
37843,31178,6885,20
37844,31179,6885,25
37845,31180,6885,66
37846,31181,6711,14
37847,31181,6746,95
37848,31182,6746,46
37849,31183,6746,83
37850,31183,6781,2
37851,31184,6781,80
37852,31185,6642,70
37853,31185,6677,11
37854,31186,6677,25
37855,31187,6677,48
37856,31188,6677,30
37857,31189,6888,59
37858,31189,6923,13
37859,31190,6923,27
37860,31191,6923,40
37861,31192,6923,40
37862,31193,6959,49
37863,31194,6959,38
37864,31195,6959,47
37865,31196,6959,23
37866,31196,6994,27
37867,31197,6645,108
37868,31198,6645,18
37869,31198,6680,51
37870,31199,6680,47
37871,31200,6680,69
37872,31201,6926,92
37873,31202,6926,50
37874,31203,6926,64
37875,31204,6926,57
37876,31205,6717,91
37877,31206,6717,22
37878,31206,6752,14
37879,31207,6752,41
37880,31208,6752,85
37881,31209,6893,106
37882,31209,6928,24
37883,31210,6928,41
37884,31211,6928,18
37885,31212,6928,61
37886,31213,6474,72
37887,31214,6474,3
37888,31214,6509,57
37889,31215,6509,27
37890,31216,6509,57
37891,31217,6930,62
37892,31218,6930,34
37893,31219,6930,21
37894,31220,6930,42
37895,31221,6686,46
37896,31222,6686,66
37897,31223,6686,19
37898,31223,6721,2
37899,31224,6721,34
37900,31225,6617,36
37901,31226,6617,17
37902,31227,6617,18
37903,31228,6617,31
37904,31229,6828,48
37905,31229,6863,25
37906,31230,6863,29
37907,31231,6863,16
37908,31232,6863,58
37909,31233,6829,68
37910,31234,6829,21
37911,31234,6864,20
37912,31235,6864,14
37913,31236,6864,15
37914,31237,6830,52
37915,31238,6830,16
37916,31239,6830,27
37917,31240,6830,27
37918,31241,6831,33
37919,31242,6831,3
37920,31242,6866,26
37921,31243,6866,27
37922,31244,6866,45
37923,31245,7007,45
37924,31246,7007,20
37925,31247,7007,39
37926,31248,7007,26
37927,31249,6553,38
37928,31249,6588,28
37929,31250,6588,49
37930,31251,6588,28
37931,31252,6588,38
37932,31252,6623,2
37933,31253,6834,21
37934,31253,6869,31
37935,31254,6869,20
37936,31255,6869,36
37937,31256,6869,46
37938,31257,6940,47
37939,31258,6940,21
37940,31259,6940,33
37941,31260,6940,40
37942,31261,6871,49
37943,31262,6871,21
37944,31263,6871,10
37945,31263,6906,40
37946,31264,6906,28
37947,31265,6837,24
37948,31266,6837,9
37949,31266,6872,13
37950,31267,6872,20
37951,31268,6872,31
37952,31269,6978,32
37953,31270,6978,34
37954,31271,6978,29
37955,31272,6978,33
37956,31273,6804,37
37957,31274,6804,22
37958,31275,6804,11
37959,31276,6804,43
37960,31277,6770,42
37961,31278,6770,18
37962,31279,6770,15
37963,31280,6770,39
37964,31281,6771,36
37965,31282,6771,13
37966,31283,6771,10
37967,31283,6806,3
37968,31284,6806,35
37969,31285,6877,26
37970,31286,6877,30
37971,31287,6877,22
37972,31288,6877,28
37973,31289,6703,57
37974,31290,6703,1
37975,31290,6738,23
37976,31291,6738,39
37977,31292,6738,39
37978,31293,6879,32
37979,31294,6879,47
37980,31295,6879,33
37981,31296,6879,14
37982,31297,6880,39
37983,31298,6880,11
37984,31298,6915,5
37985,31299,6915,22
37986,31300,6915,27
37987,31301,6881,13
37988,31302,6881,26
37989,31303,6881,20
37990,31304,6881,19
37991,31305,7057,11
37992,31305,7092,35
37993,31306,7092,28
37994,31307,7092,19
37995,31308,7092,37
37996,31309,6988,35
37997,31310,6988,27
37998,31311,6988,26
37999,31312,6988,29
38000,31313,6499,45
38001,31314,6499,43
38002,31315,6499,33
38003,31316,6499,1
38004,31316,6534,24
38005,31317,6885,52
38006,31318,6885,2
38007,31318,6920,18
38008,31319,6920,15
38009,31320,6920,45
38010,31321,6781,70
38011,31322,6781,21
38012,31323,6781,9
38013,31324,6781,8
38014,31324,6816,26
38015,31325,6677,52
38016,31326,6677,46
38017,31327,6677,13
38018,31328,6677,22
38019,31328,6712,8
38020,31329,6923,52
38021,31330,6923,22
38022,31331,6923,21
38023,31332,6923,15
38024,31333,6994,41
38025,31334,6994,22
38026,31335,6994,46
38027,31336,6994,35
38028,31337,6680,32
38029,31338,6680,31
38030,31338,6715,4
38031,31339,6715,16
38032,31340,6715,29
38033,31341,6926,10
38034,31341,6961,50
38035,31342,6961,19
38036,31343,6961,17
38037,31344,6961,25
38038,31345,6752,63
38039,31346,6752,42
38040,31347,6752,5
38041,31347,6787,15
38042,31348,6787,35
38043,31349,6928,45
38044,31350,6928,16
38045,31351,6928,22
38046,31352,6928,41
38047,31353,6509,42
38048,31354,6509,18
38049,31354,6544,19
38050,31355,6544,15
38051,31356,6544,18
38052,31357,6930,50
38053,31358,6930,27
38054,31359,6930,36
38055,31360,6930,20
38056,31360,6965,5
38057,31361,6721,41
38058,31362,6721,19
38059,31363,6721,34
38060,31364,6721,22
38061,31365,6617,15
38062,31365,6652,10
38063,31366,6652,13
38064,31367,6652,22
38065,31368,6652,30
38066,31369,6863,28
38067,31370,6863,33
38068,31371,6863,21
38069,31372,6863,33
38070,31372,6898,2
38071,31373,6864,33
38072,31374,6864,30
38073,31375,6864,23
38074,31376,6864,25
38075,31377,6830,90
38076,31378,6830,16
38077,31379,6830,35
38078,31379,6865,12
38079,31380,6865,27
38080,31381,6866,41
38081,31382,6866,34
38082,31383,6866,10
38083,31384,6866,28
38084,31385,7007,45
38085,31386,7007,54
38086,31387,7007,34
38087,31388,7042,39
38088,31389,6623,60
38089,31390,6623,19
38090,31391,6623,23
38091,31392,6623,14
38092,31393,6869,26
38093,31394,6869,29
38094,31395,6869,22
38095,31396,6869,28
38096,31397,6940,29
38097,31398,6940,27
38098,31399,6940,2
38099,31399,6975,16
38100,31400,6975,24
38101,31401,6906,37
38102,31402,6906,20
38103,31403,6906,28
38104,31404,6906,26
38105,31405,6872,25
38106,31406,6872,34
38107,31407,6872,41
38108,31408,6872,37
38109,31408,6907,9
38110,31409,6978,43
38111,31410,6978,13
38112,31411,6978,34
38113,31412,6978,23
38114,31413,6804,53
38115,31414,6804,31
38116,31415,6804,37
38117,31416,6804,10
38118,31416,6839,8
38119,31417,6770,51
38120,31418,6770,35
38121,31419,6770,35
38122,31420,6770,17
38123,31421,6806,54
38124,31422,6806,16
38125,31423,6806,28
38126,31424,6806,33
38127,31425,6877,58
38128,31426,6877,50
38129,31426,6912,10
38130,31427,6912,19
38131,31428,6912,62
38132,31429,6738,27
38133,31430,6738,35
38134,31431,6738,27
38135,31432,6738,47
38136,31432,6773,1
38137,31433,6879,13
38138,31433,6914,21
38139,31434,6914,57
38140,31435,6914,14
38141,31436,6914,36
38142,31437,6915,95
38143,31438,6915,27
38144,31439,6915,27
38145,31440,6915,27
38146,31441,6881,23
38147,31442,6881,26
38148,31443,6881,19
38149,31444,6881,41
38150,31445,7092,28
38151,31446,7092,37
38152,31447,7092,24
38153,31448,7092,38
38154,31449,6988,38
38155,31450,6988,1
38156,31450,7023,36
38157,31451,7023,11
38158,31452,7023,51
38159,31453,6534,33
38160,31454,6534,24
38161,31455,6534,27
38162,31456,6534,41
38163,31457,6920,38
38164,31458,6920,46
38165,31459,6920,34
38166,31460,6920,26
38167,31461,6816,83
38168,31462,6816,30
38169,31463,6816,35
38170,31464,6816,26
38171,31465,6712,38
38172,31466,6712,31
38173,31467,6712,15
38174,31468,6712,17
38175,31469,6923,24
38176,31470,6923,7
38177,31470,6958,23
38178,31471,6958,35
38179,31472,6958,16
38180,31473,6994,51
38181,31474,6994,8
38182,31475,6994,18
38183,31476,6994,46
38184,31477,6715,49
38185,31478,6715,17
38186,31479,6715,19
38187,31480,6715,34
38188,31481,6961,46
38189,31482,6961,45
38190,31483,6961,16
38191,31484,6961,22
38192,31485,6787,52
38193,31486,6787,24
38194,31487,6787,19
38195,31488,6787,26
38196,31489,6928,31
38197,31490,6928,19
38198,31490,6963,8
38199,31491,6963,27
38200,31492,6963,35
38201,31493,6544,33
38202,31494,6544,47
38203,31495,6544,23
38204,31496,6544,17
38205,31497,6965,19
38206,31498,6965,36
38207,31499,6965,17
38208,31500,6965,22
38209,31501,6721,40
38210,31502,6721,26
38211,31503,6721,20
38212,31503,6756,5
38213,31504,6756,44
38214,31505,6652,28
38215,31506,6652,21
38216,31507,6652,34
38217,31508,6652,18
38218,31508,6687,1
38219,31509,6898,31
38220,31510,6898,35
38221,31511,6898,23
38222,31512,6898,39
38223,31513,6864,31
38224,31513,6899,3
38225,31514,6899,27
38226,31515,6899,54
38227,31516,6899,34
38228,31517,6865,42
38229,31518,6865,64
38230,31519,6865,37
38231,31520,6865,29
38232,31521,6866,47
38233,31522,6866,28
38234,31522,6901,16
38235,31523,6901,22
38236,31524,6901,27
38237,31525,7042,45
38238,31526,7042,22
38239,31527,7042,13
38240,31528,7042,55
38241,31529,6623,40
38242,31530,6623,21
38243,31531,6623,14
38244,31532,6658,24
38245,31533,6869,37
38246,31534,6869,20
38247,31534,6904,7
38248,31535,6904,12
38249,31536,6904,48
38250,31537,6975,44
38251,31538,6975,28
38252,31539,6975,44
38253,31540,6975,34
38254,31541,6906,39
38255,31542,6906,39
38256,31543,6906,16
38257,31544,6906,42
38258,31545,6907,60
38259,31546,6907,29
38260,31547,6907,26
38261,31548,6907,27
38262,31549,6978,6
38263,31549,7013,53
38264,31550,7013,23
38265,31551,7013,23
38266,31552,7013,64
38267,31553,6839,46
38268,31554,6839,13
38269,31555,6839,25
38270,31556,6839,37
38271,31557,6770,32
38272,31558,6770,29
38273,31558,6805,13
38274,31559,6805,9
38275,31560,6805,24
38276,31561,6806,13
38277,31561,6841,14
38278,31562,6841,42
38279,31563,6841,49
38280,31564,6841,39
38281,31565,6912,59
38282,31566,6912,46
38283,31567,6912,17
38284,31568,6912,76
38285,31569,6773,43
38286,31570,6773,28
38287,31571,6773,21
38288,31572,6773,52
38289,31573,6914,66
38290,31574,6914,14
38291,31575,6914,48
38292,31576,6914,32
38293,31576,6949,16
38294,31577,6915,56
38295,31578,6915,1
38296,31578,6950,33
38297,31579,6950,21
38298,31580,6950,35
38299,31581,6881,32
38300,31581,6916,2
38301,31582,6916,31
38302,31583,6916,34
38303,31584,6916,21
38304,31585,7092,4
38305,31585,7127,23
38306,31586,7127,22
38307,31587,7127,14
38308,31588,7127,22
38309,31589,7023,34
38310,31590,7023,60
38311,31591,7023,31
38312,31591,7058,1
38313,31592,7058,25
38314,31593,6534,28
38315,31594,6534,7
38316,31594,6569,43
38317,31595,6569,13
38318,31596,6569,54
38319,31597,6920,13
38320,31597,6955,23
38321,31598,6955,19
38322,31599,6955,42
38323,31600,6955,41
38324,31601,6816,3
38325,31601,6851,52
38326,31602,6851,30
38327,31603,6851,18
38328,31604,6851,37
38329,31605,6712,49
38330,31606,6712,38
38331,31607,6712,49
38332,31608,6712,32
38333,31608,6747,9
38334,31609,6958,50
38335,31610,6958,13
38336,31611,6958,33
38337,31612,6958,36
38338,31613,6994,3
38339,31613,7029,39
38340,31614,7029,26
38341,31615,7029,21
38342,31616,7029,52
38343,31617,6715,46
38344,31618,6715,5
38345,31619,6715,27
38346,31620,6715,21
38347,31621,6961,44
38348,31622,6961,4
38349,31622,6996,22
38350,31623,6996,28
38351,31624,6996,48
38352,31625,6787,68
38353,31626,6787,11
38354,31626,6822,16
38355,31627,6822,30
38356,31628,6822,52
38357,31629,6963,60
38358,31630,6963,51
38359,31631,6963,19
38360,31632,6963,62
38361,31633,6544,5
38362,31633,6579,64
38363,31634,6579,23
38364,31635,6579,20
38365,31636,6579,38
38366,31637,6965,60
38367,31638,6965,13
38368,31639,6965,26
38369,31640,6965,47
38370,31641,6756,30
38371,31642,6756,31
38372,31643,6756,37
38373,31644,6756,36
38374,31645,6687,44
38375,31646,6687,51
38376,31647,6687,12
38377,31648,6687,63
38378,31649,6898,51
38379,31650,6898,45
38380,31651,6898,45
38381,31652,6898,30
38382,31653,6899,55
38383,31654,6899,52
38384,31655,6899,21
38385,31656,6899,31
38386,31656,6934,8
38387,31657,6865,47
38388,31658,6865,39
38389,31659,6865,26
38390,31660,6865,73
38391,31661,6901,45
38392,31662,6901,34
38393,31663,6901,43
38394,31664,6901,42
38395,31665,7042,59
38396,31666,7042,36
38397,31667,7042,56
38398,31667,7077,4
38399,31668,7077,39
38400,31669,6658,42
38401,31670,6658,83
38402,31671,6658,27
38403,31672,6658,48
38404,31673,6904,93
38405,31674,6904,74
38406,31675,6904,30
38407,31675,6939,16
38408,31676,6939,45
38409,31677,6975,56
38410,31678,6975,74
38411,31679,6975,24
38412,31680,6975,52
38413,31680,7010,1
38414,31681,6906,69
38415,31682,6906,4
38416,31682,6941,45
38417,31683,6941,31
38418,31684,6941,59
38419,31685,6907,38
38420,31686,6907,51
38421,31686,6942,1
38422,31687,6942,48
38423,31688,6942,31
38424,31689,7013,85
38425,31690,7013,22
38426,31690,7048,11
38427,31691,7048,31
38428,31692,7048,59
38429,31693,6839,23
38430,31694,6839,36
38431,31695,6839,42
38432,31696,6839,87
38433,31697,6805,49
38434,31698,6805,59
38435,31699,6805,29
38436,31700,6805,31
38437,31701,6841,32
38438,31702,6841,19
38439,31703,6841,22
38440,31704,6841,36
38441,31705,6912,64
38442,31705,6947,17
38443,31706,6947,25
38444,31707,6947,28
38445,31708,6947,37
38446,31709,6773,49
38447,31710,6773,28
38448,31711,6773,15
38449,31711,6808,21
38450,31712,6808,29
38451,31713,6949,57
38452,31714,6949,41
38453,31715,6949,23
38454,31716,6949,38
38455,31717,6950,40
38456,31718,6950,22
38457,31719,6950,25
38458,31720,6950,45
38459,31721,6916,77
38460,31722,6916,54
38461,31723,6916,22
38462,31723,6951,4
38463,31724,6951,52
38464,31725,7127,38
38465,31726,7127,41
38466,31727,7127,63
38467,31728,7127,39
38468,31729,7058,64
38469,31730,7058,36
38470,31731,7058,15
38471,31732,7058,48
38472,31733,6569,29
38473,31734,6569,19
38474,31735,6569,3
38475,31735,6604,40
38476,31736,6604,32
38477,31737,6955,95
38478,31738,6955,45
38479,31739,6955,12
38480,31739,6990,12
38481,31740,6990,39
38482,31741,6851,43
38483,31742,6851,44
38484,31743,6851,10
38485,31744,6851,6
38486,31744,6886,28
38487,31745,6747,67
38488,31746,6747,30
38489,31747,6747,27
38490,31748,6747,35
38491,31749,6958,74
38492,31750,6958,38
38493,31751,6958,21
38494,31752,6958,32
38495,31753,7029,88
38496,31754,7029,38
38497,31755,7029,32
38498,31756,7029,10
38499,31756,7064,16
38500,31757,6715,25
38501,31757,6750,26
38502,31758,6750,24
38503,31759,6750,31
38504,31760,6750,53
38505,31761,6996,76
38506,31762,6996,20
38507,31763,6996,26
38508,31764,6996,26
38509,31765,6822,43
38510,31766,6822,21
38511,31767,6822,41
38512,31768,6822,17
38513,31768,6857,24
38514,31769,6963,52
38515,31770,6963,15
38516,31770,6998,25
38517,31771,6998,20
38518,31772,6998,67
38519,31773,6579,1
38520,31773,6614,36
38521,31774,6614,16
38522,31775,6614,22
38523,31776,6614,34
38524,31777,6965,47
38525,31777,7000,64
38526,31778,7000,37
38527,31779,7000,36
38528,31780,7000,47
38529,31781,6756,32
38530,31781,6791,50
38531,31782,6791,38
38532,31783,6791,22
38533,31784,6791,61
38534,31785,6687,17
38535,31785,6722,21
38536,31786,6722,27
38537,31787,6722,41
38538,31788,6722,34
38539,31789,6898,40
38540,31790,6898,43
38541,31791,6898,3
38542,31791,6933,41
38543,31792,6933,39
38544,31793,6934,136
38545,31794,6934,39
38546,31795,6934,81
38547,31796,6934,96
38548,31796,6969,3
38549,31797,6865,2
38550,31797,6900,95
38551,31798,6900,44
38552,31799,6900,26
38553,31800,6900,15
38554,31801,6901,19
38555,31801,6936,42
38556,31802,6936,43
38557,31803,6936,42
38558,31804,6936,46
38559,31805,7077,56
38560,31806,7077,25
38561,31807,7077,31
38562,31808,7077,47
38563,31809,6658,49
38564,31809,6693,33
38565,31810,6693,76
38566,31811,6693,30
38567,31812,6693,41
38568,31813,6939,123
38569,31814,6939,32
38570,31814,6974,10
38571,31815,6974,50
38572,31816,6974,38
38573,31817,7010,30
38574,31818,7010,74
38575,31819,7010,32
38576,31820,7010,79
38577,31821,6941,51
38578,31822,6941,43
38579,31823,6941,24
38580,31824,6941,64
38581,31825,6942,98
38582,31826,6942,46
38583,31827,6942,29
38584,31828,6942,40
38585,31828,6977,34
38586,31829,7048,20
38587,31830,7048,21
38588,31831,7048,36
38589,31832,7048,42
38590,31833,6839,6
38591,31833,6874,24
38592,31834,6874,48
38593,31835,6874,20
38594,31836,6874,86
38595,31837,6805,22
38596,31837,6840,39
38597,31838,6840,39
38598,31839,6840,19
38599,31840,6840,33
38600,31841,6841,34
38601,31841,6876,54
38602,31842,6876,24
38603,31843,6876,24
38604,31844,6876,43
38605,31845,6947,50
38606,31846,6947,47
38607,31847,6947,56
38608,31848,6947,16
38609,31848,6982,63
38610,31849,6808,29
38611,31850,6808,33
38612,31851,6808,23
38613,31852,6808,37
38614,31852,6843,38
38615,31853,6949,74
38616,31853,6984,10
38617,31854,6984,37
38618,31855,6984,48
38619,31856,6984,40
38620,31857,6950,78
38621,31858,6950,38
38622,31859,6950,20
38623,31859,6985,19
38624,31860,6985,72
38625,31861,6951,32
38626,31862,6951,23
38627,31863,6951,45
38628,31864,6951,42
38629,31865,7127,26
38630,31865,7162,26
38631,31866,7162,85
38632,31867,7162,31
38633,31868,7162,89
38634,31869,7058,51
38635,31870,7058,34
38636,31871,7058,23
38637,31872,7058,10
38638,31872,7093,25
38639,31873,6604,81
38640,31873,6639,16
38641,31874,6639,33
38642,31875,6639,29
38643,31876,6639,27
38644,31877,6990,47
38645,31878,6990,26
38646,31879,6990,25
38647,31880,6990,44
38648,31881,6886,57
38649,31882,6886,29
38650,31883,6886,60
38651,31884,6886,70
38652,31885,6747,33
38653,31885,6782,30
38654,31886,6782,56
38655,31887,6782,28
38656,31888,6782,66
38657,31889,6958,2
38658,31889,6993,53
38659,31890,6993,13
38660,31891,6993,32
38661,31892,6993,41
38662,31893,7064,68
38663,31894,7064,30
38664,31895,7064,11
38665,31896,7064,65
38666,31897,6750,21
38667,31897,6785,56
38668,31898,6785,51
38669,31899,6785,18
38670,31899,6820,7
38671,31900,6820,59
38672,31901,6996,65
38673,31902,6996,13
38674,31902,7031,41
38675,31903,7031,40
38676,31904,7031,50
38677,31905,6857,53
38678,31906,6857,44
38679,31907,6857,59
38680,31908,6857,25
38681,31909,6998,86
38682,31910,6998,43
38683,31911,6998,35
38684,31912,6998,11
38685,31912,7033,58
38686,31913,6614,44
38687,31914,6614,6
38688,31914,6649,47
38689,31915,6649,21
38690,31916,6649,38
38691,31917,7000,61
38692,31918,7000,36
38693,31919,7000,17
38694,31920,7000,57
38695,31920,7035,25
38696,31921,6791,66
38697,31922,6791,25
38698,31923,6791,2
38699,31923,6826,60
38700,31924,6826,34
38701,31925,6722,51
38702,31926,6722,56
38703,31927,6722,20
38704,31928,6722,92
38705,31928,6757,5
38706,31929,6933,145
38707,31930,6933,15
38708,31930,6968,53
38709,31931,6968,44
38710,31932,6968,59
38711,31933,6969,73
38712,31934,6969,71
38713,31935,6969,98
38714,31936,6969,44
38715,31936,7004,6
38716,31937,6900,66
38717,31937,6935,4
38718,31938,6935,60
38719,31939,6935,39
38720,31940,6935,60
38721,31941,6936,44
38722,31942,6936,2
38723,31942,6971,82
38724,31943,6971,81
38725,31944,6971,87
38726,31945,7077,13
38727,31945,7112,60
38728,31946,7112,46
38729,31947,7112,41
38730,31947,7147,18
38731,31948,7147,138
38732,31949,6693,59
38733,31950,6693,37
38734,31951,6693,16
38735,31951,6728,37
38736,31952,6728,69
38737,31953,6974,100
38738,31954,6974,40
38739,31955,6974,44
38740,31955,7009,3
38741,31956,7009,44
38742,31957,7010,83
38743,31957,7045,24
38744,31958,7045,41
38745,31959,7045,55
38746,31960,7045,56
38747,31961,6941,9
38748,31961,6976,42
38749,31962,6976,49
38750,31963,6976,47
38751,31964,6976,109
38752,31965,6977,129
38753,31966,6977,64
38754,31967,6977,33
38755,31968,6977,2
38756,31968,7012,40
38757,31969,7048,100
38758,31969,7083,7
38759,31970,7083,52
38760,31971,7083,52
38761,31972,7083,99
38762,31973,6874,109
38763,31974,6874,31
38764,31974,6909,44
38765,31975,6909,58
38766,31976,6909,42
38767,31977,6840,36
38768,31978,6840,48
38769,31979,6840,75
38770,31980,6840,29
38771,31981,6876,127
38772,31982,6876,77
38773,31983,6876,34
38774,31984,6876,28
38775,31984,6911,38
38776,31985,6982,53
38777,31986,6982,43
38778,31987,6982,28
38779,31988,6982,29
38780,31989,6843,52
38781,31990,6843,100
38782,31991,6843,70
38783,31992,6843,5
38784,31992,6878,32
38785,31993,6984,106
38786,31994,6984,51
38787,31994,7019,1
38788,31995,7019,38
38789,31996,7019,91
38790,31997,6985,69
38791,31998,6985,60
38792,31999,6985,22
38793,31999,7020,25
38794,32000,7020,47
38795,32001,6951,4
38796,32001,6986,114
38797,32002,6986,46
38798,32003,6986,40
38799,32004,6986,17
38800,32004,7021,52
38801,32005,7162,74
38802,32006,7162,4
38803,32006,7197,65
38804,32007,7197,58
38805,32007,7232,12
38806,32008,7232,80
38807,32009,7093,48
38808,32010,7093,30
38809,32011,7093,57
38810,32012,7093,44
38811,32013,6639,69
38812,32014,6639,3
38813,32014,6674,77
38814,32015,6674,65
38815,32016,6674,58
38816,32017,6990,9
38817,32017,7025,96
38818,32018,7025,86
38819,32019,7025,23
38820,32020,7025,12
38821,32020,7060,26
38822,32021,6886,63
38823,32022,6886,37
38824,32023,6886,19
38825,32023,6921,21
38826,32024,6921,36
38827,32025,6782,9
38828,32025,6817,105
38829,32026,6817,82
38830,32027,6817,53
38831,32028,6817,39
38832,32028,6852,20
38833,32029,6993,37
38834,32030,6993,31
38835,32031,6993,37
38836,32031,7028,11
38837,32032,7028,63
38838,32033,7064,55
38839,32034,7064,30
38840,32034,7099,22
38841,32035,7099,24
38842,32036,7099,63
38843,32037,6820,69
38844,32038,6820,25
38845,32039,6820,33
38846,32040,6820,9
38847,32040,6855,123
38848,32041,7031,112
38849,32042,7031,40
38850,32043,7031,11
38851,32043,7066,49
38852,32044,7066,57
38853,32045,6857,94
38854,32046,6857,34
38855,32047,6857,27
38856,32047,6892,25
38857,32048,6892,76
38858,32049,7033,101
38859,32050,7033,45
38860,32051,7033,10
38861,32051,7068,60
38862,32052,7068,46
38863,32053,6649,45
38864,32054,6649,41
38865,32054,6684,49
38866,32055,6684,45
38867,32056,6684,40
38868,32057,7035,87
38869,32058,7035,54
38870,32059,7035,29
38871,32060,7035,12
38872,32061,6826,58
38873,32062,6826,88
38874,32063,6826,23
38875,32064,6826,43
38876,32064,6861,15
38877,32065,6757,68
38878,32066,6757,47
38879,32067,6757,45
38880,32068,6757,58
38881,32069,6968,48
38882,32070,6968,37
38883,32071,6968,61
38884,32072,6968,22
38885,32072,7003,17
38886,32073,7004,106
38887,32074,7004,66
38888,32075,7004,24
38889,32076,7004,75
38890,32076,7039,8
38891,32077,6935,97
38892,32078,6935,76
38893,32079,6935,35
38894,32079,6970,3
38895,32080,6970,87
38896,32081,6971,25
38897,32081,7006,42
38898,32082,7006,60
38899,32083,7006,41
38900,32084,7006,44
38901,32085,7147,45
38902,32085,7182,35
38903,32086,7182,31
38904,32087,7182,59
38905,32087,7217,1
38906,32088,7217,79
38907,32089,6728,62
38908,32090,6728,53
38909,32091,6728,24
38910,32092,6728,9
38911,32092,6763,35
38912,32093,7009,109
38913,32094,7009,100
38914,32095,7009,58
38915,32096,7009,74
38916,32097,7045,70
38917,32098,7045,13
38918,32098,7080,75
38919,32099,7080,13
38920,32100,7080,36
38921,32101,6976,22
38922,32101,7011,58
38923,32102,7011,69
38924,32103,7011,43
38925,32104,7011,69
38926,32105,7012,71
38927,32106,7012,64
38928,32107,7012,38
38929,32108,7012,30
38930,32108,7047,66
38931,32109,7083,25
38932,32110,7083,29
38933,32110,7118,47
38934,32111,7118,46
38935,32112,7118,54
38936,32113,6909,60
38937,32114,6909,36
38938,32115,6909,5
38939,32116,6909,40
38940,32117,6840,22
38941,32117,6875,97
38942,32118,6875,78
38943,32119,6875,51
38944,32120,6875,41
38945,32121,6911,124
38946,32122,6911,53
38947,32123,6911,33
38948,32124,6911,17
38949,32124,6946,74
38950,32125,6982,43
38951,32125,7017,37
38952,32126,7017,54
38953,32127,7017,24
38954,32128,7017,78
38955,32129,6878,50
38956,32130,6878,44
38957,32131,6878,33
38958,32132,6878,44
38959,32133,7019,86
38960,32133,7054,20
38961,32134,7054,26
38962,32135,7054,35
38963,32136,7054,50
38964,32137,7020,54
38965,32138,7020,24
38966,32139,7020,41
38967,32139,7055,28
38968,32140,7055,88
38969,32141,7021,44
38970,32142,7021,85
38971,32143,7021,40
38972,32144,7021,37
38973,32145,7232,57
38974,32145,7267,42
38975,32146,7267,40
38976,32147,7267,27
38977,32148,7267,64
38978,32149,7093,35
38979,32150,7093,49
38980,32151,7093,7
38981,32151,7128,62
38982,32152,7128,30
38983,32153,6674,46
38984,32154,6674,8
38985,32154,6709,19
38986,32155,6709,40
38987,32156,6709,36
38988,32157,7060,63
38989,32158,7060,50
38990,32159,7060,53
38991,32160,7060,12
38992,32160,7095,33
38993,32161,6921,68
38994,32162,6921,74
38995,32163,6921,52
38996,32164,6921,20
38997,32164,6956,31
38998,32165,6852,69
38999,32166,6852,71
39000,32167,6852,36
39001,32168,6852,45
39002,32169,7028,87
39003,32170,7028,43
39004,32171,7028,17
39005,32171,7063,6
39006,32172,7063,60
39007,32173,7099,53
39008,32174,7099,43
39009,32175,7099,25
39010,32176,7099,91
39011,32177,6855,64
39012,32178,6855,68
39013,32178,6890,6
39014,32179,6890,51
39015,32180,6890,50
39016,32181,7066,67
39017,32182,7066,49
39018,32183,7066,30
39019,32183,7101,12
39020,32184,7101,39
39021,32185,6892,98
39022,32186,6892,99
39023,32187,6892,38
39024,32188,6892,45
39025,32189,7068,95
39026,32189,7103,40
39027,32190,7103,78
39028,32191,7103,57
39029,32192,7103,28
39030,32192,7138,35
39031,32193,6684,73
39032,32194,6684,10
39033,32194,6719,106
39034,32195,6719,31
39035,32196,6719,109
39036,32197,7035,5
39037,32197,7070,69
39038,32198,7070,37
39039,32199,7070,42
39040,32200,7070,83
39041,32201,6861,57
39042,32202,6861,26
39043,32203,6861,14
39044,32204,6861,15
39045,32205,6757,13
39046,32205,6792,23
39047,32206,6792,25
39048,32207,6792,13
39049,32208,6792,40
39050,32209,7003,60
39051,32210,7003,22
39052,32211,7003,28
39053,32212,7003,17
39054,32213,7039,28
39055,32214,7039,16
39056,32215,7039,35
39057,32216,7039,41
39058,32217,6970,57
39059,32218,6970,26
39060,32219,6970,14
39061,32220,6970,22
39062,32221,7006,51
39063,32222,7006,23
39064,32223,7006,16
39065,32224,7006,51
39066,32225,7217,55
39067,32226,7217,19
39068,32226,7252,12
39069,32227,7252,24
39070,32228,7252,35
39071,32229,6763,28
39072,32230,6763,10
39073,32231,6763,14
39074,32232,6763,30
39075,32233,7009,5
39076,32233,7044,53
39077,32234,7044,15
39078,32235,7044,31
39079,32236,7044,22
39080,32237,7080,34
39081,32238,7080,18
39082,32239,7080,14
39083,32240,7080,15
39084,32241,7011,11
39085,32241,7046,28
39086,32242,7046,46
39087,32243,7046,29
39088,32244,7046,34
39089,32245,7047,47
39090,32246,7047,17
39091,32247,7047,24
39092,32248,7047,30
39093,32249,7118,25
39094,32250,7118,42
39095,32251,7118,17
39096,32252,7118,30
39097,32253,6909,24
39098,32254,6909,7
39099,32254,6944,19
39100,32255,6944,13
39101,32256,6944,31
39102,32257,6875,9
39103,32257,6910,39
39104,32258,6910,15
39105,32259,6910,37
39106,32260,6910,11
39107,32261,6946,45
39108,32262,6946,34
39109,32263,6946,28
39110,32264,6946,22
39111,32265,7017,17
39112,32265,7052,14
39113,32266,7052,32
39114,32267,7052,27
39115,32268,7052,37
39116,32269,6878,26
39117,32270,6878,17
39118,32271,6878,28
39119,32272,6878,30
39120,32273,7054,30
39121,32274,7054,47
39122,32275,7054,14
39123,32276,7054,35
39124,32276,7089,11
39125,32277,7055,55
39126,32278,7055,13
39127,32279,7055,34
39128,32280,7055,31
39129,32281,7021,35
39130,32281,7056,6
39131,32282,7056,14
39132,32283,7056,23
39133,32284,7056,17
39134,32285,7267,27
39135,32285,7302,12
39136,32286,7302,38
39137,32287,7302,22
39138,32288,7302,34
39139,32289,7128,36
39140,32290,7128,49
39141,32291,7128,27
39142,32292,7128,33
39143,32293,6709,34
39144,32294,6709,18
39145,32295,6709,20
39146,32296,6709,26
39147,32296,6744,12
39148,32297,7095,49
39149,32298,7095,18
39150,32299,7095,16
39151,32300,7095,54
39152,32301,6956,47
39153,32302,6956,15
39154,32303,6956,17
39155,32304,6956,17
39156,32305,6852,14
39157,32305,6887,56
39158,32306,6887,25
39159,32307,6887,22
39160,32308,6887,48
39161,32309,7063,26
39162,32310,7063,54
39163,32311,7063,26
39164,32312,7063,16
39165,32312,7098,2
39166,32313,7099,16
39167,32313,7134,20
39168,32314,7134,37
39169,32315,7134,20
39170,32316,7134,20
39171,32317,6890,38
39172,32318,6890,21
39173,32319,6890,23
39174,32319,6925,17
39175,32320,6925,54
39176,32321,7101,40
39177,32322,7101,39
39178,32323,7101,23
39179,32324,7101,38
39180,32325,6892,52
39181,32325,6927,3
39182,32326,6927,33
39183,32327,6927,14
39184,32328,6927,43
39185,32329,7138,31
39186,32330,7138,25
39187,32331,7138,19
39188,32332,7138,31
39189,32333,6719,11
39190,32333,6754,12
39191,32334,6754,16
39192,32335,6754,23
39193,32336,6754,28
39194,32337,7070,44
39195,32338,7070,40
39196,32339,7070,29
39197,32340,7070,2
39198,32340,7105,34
39199,32341,6861,26
39200,32342,6861,40
39201,32343,6861,15
39202,32344,6861,47
39203,32345,6792,56
39204,32346,6792,25
39205,32347,6792,14
39206,32348,6792,24
39207,32349,7003,13
39208,32350,7003,29
39209,32351,7003,33
39210,32352,7003,60
39211,32353,7039,30
39212,32354,7039,18
39213,32355,7039,26
39214,32356,7039,29
39215,32357,6970,33
39216,32358,6970,24
39217,32359,6970,18
39218,32359,7005,10
39219,32360,7005,33
39220,32361,7006,25
39221,32361,7041,13
39222,32362,7041,50
39223,32363,7041,14
39224,32364,7041,27
39225,32365,7252,46
39226,32366,7252,33
39227,32367,7252,6
39228,32367,7287,6
39229,32368,7287,32
39230,32369,6763,15
39231,32370,6763,23
39232,32371,6763,22
39233,32372,6763,9
39234,32372,6798,45
39235,32373,7044,20
39236,32374,7044,22
39237,32375,7044,15
39238,32376,7044,25
39239,32377,7080,29
39240,32378,7080,26
39241,32379,7080,34
39242,32380,7080,4
39243,32380,7115,13
39244,32381,7046,28
39245,32382,7046,27
39246,32383,7046,16
39247,32384,7046,23
39248,32385,7047,52
39249,32386,7047,36
39250,32387,7047,14
39251,32387,7082,17
39252,32388,7082,28
39253,32389,7118,40
39254,32390,7118,28
39255,32391,7118,20
39256,32391,7153,14
39257,32392,7153,21
39258,32393,6944,41
39259,32394,6944,17
39260,32395,6944,56
39261,32396,6944,20
39262,32397,6910,52
39263,32398,6910,21
39264,32399,6910,46
39265,32400,6910,15
39266,32401,6946,33
39267,32402,6946,31
39268,32403,6946,6
39269,32403,6981,10
39270,32404,6981,77
39271,32405,7052,39
39272,32406,7052,20
39273,32407,7052,13
39274,32408,7052,30
39275,32408,7087,6
39276,32409,6878,32
39277,32410,6878,12
39278,32410,6913,28
39279,32411,6913,18
39280,32412,6913,53
39281,32413,7089,45
39282,32414,7089,24
39283,32415,7089,25
39284,32416,7089,54
39285,32417,7055,14
39286,32417,7090,27
39287,32418,7090,37
39288,32419,7090,21
39289,32420,7090,28
39290,32421,7056,28
39291,32422,7056,18
39292,32423,7056,11
39293,32424,7056,18
39294,32425,7302,40
39295,32426,7302,26
39296,32426,7337,4
39297,32427,7337,21
39298,32428,7337,21
39299,32429,7128,76
39300,32429,7163,10
39301,32430,7163,24
39302,32431,7163,20
39303,32432,7163,32
39304,32433,6744,33
39305,32434,6744,24
39306,32435,6744,36
39307,32436,6744,10
39308,32437,7095,32
39309,32438,7095,9
39310,32438,7130,20
39311,32439,7130,22
39312,32440,7130,18
39313,32441,6956,35
39314,32442,6956,20
39315,32443,6956,29
39316,32444,6956,36
39317,32445,6887,34
39318,32446,6887,26
39319,32447,6887,28
39320,32448,6887,46
39321,32449,7098,19
39322,32450,7098,36
39323,32451,7098,30
39324,32452,7098,16
39325,32453,7134,41
39326,32454,7134,27
39327,32455,7134,8
39328,32456,7134,28
39329,32457,6925,34
39330,32458,6925,33
39331,32459,6925,35
39332,32460,6925,48
39333,32461,7101,25
39334,32461,7136,32
39335,32462,7136,60
39336,32463,7136,17
39337,32464,7136,22
39338,32465,6927,42
39339,32466,6927,29
39340,32467,6927,12
39341,32467,6962,20
39342,32468,6962,37
39343,32469,7138,26
39344,32470,7138,29
39345,32471,7138,11
39346,32472,7138,20
39347,32473,6754,41
39348,32474,6754,17
39349,32475,6754,18
39350,32476,6754,23
39351,32476,6789,1
39352,32477,7105,58
39353,32478,7105,25
39354,32479,7105,34
39355,32480,7105,28
39356,32481,6861,33
39357,32481,6896,27
39358,32482,6896,21
39359,32483,6896,24
39360,32484,6896,35
39361,32485,6792,17
39362,32485,6827,7
39363,32486,6827,44
39364,32487,6827,19
39365,32488,6827,42
39366,32489,7003,1
39367,32489,7038,73
39368,32490,7038,21
39369,32491,7038,19
39370,32492,7038,42
39371,32493,7039,31
39372,32494,7039,32
39373,32495,7074,23
39374,32496,7074,52
39375,32497,7005,52
39376,32498,7005,16
39377,32499,7005,33
39378,32500,7005,29
39379,32501,7041,58
39380,32502,7041,14
39381,32503,7041,32
39382,32504,7041,39
39383,32505,7287,54
39384,32506,7287,28
39385,32507,7287,19
39386,32508,7287,9
39387,32508,7322,41
39388,32509,6798,38
39389,32510,6798,46
39390,32511,6798,45
39391,32512,6798,10
39392,32512,6833,21
39393,32513,7044,38
39394,32514,7044,48
39395,32515,7044,15
39396,32515,7079,31
39397,32516,7079,15
39398,32517,7115,38
39399,32518,7115,19
39400,32519,7115,26
39401,32520,7115,27
39402,32521,7046,2
39403,32521,7081,36
39404,32522,7081,44
39405,32523,7081,34
39406,32524,7081,16
39407,32525,7082,56
39408,32526,7082,47
39409,32527,7082,20
39410,32528,7082,39
39411,32529,7153,25
39412,32530,7153,50
39413,32531,7153,34
39414,32532,7153,60
39415,32533,6944,46
39416,32534,6944,35
39417,32534,6979,39
39418,32535,6979,18
39419,32536,6979,42
39420,32537,6910,32
39421,32538,6910,43
39422,32539,6910,29
39423,32540,6910,29
39424,32540,6945,17
39425,32541,6981,39
39426,32542,6981,30
39427,32543,6981,20
39428,32544,6981,30
39429,32544,7016,8
39430,32545,7087,65
39431,32546,7087,13
39432,32547,7087,28
39433,32548,7087,39
39434,32549,6913,49
39435,32550,6913,43
39436,32551,6913,18
39437,32552,6913,43
39438,32552,6948,21
39439,32553,7089,59
39440,32554,7089,25
39441,32555,7089,32
39442,32555,7124,9
39443,32556,7124,41
39444,32557,7090,40
39445,32558,7090,35
39446,32559,7090,16
39447,32560,7090,41
39448,32561,7056,62
39449,32562,7056,37
39450,32563,7056,41
39451,32564,7056,41
39452,32565,7337,44
39453,32566,7337,33
39454,32567,7337,23
39455,32568,7337,30
39456,32568,7372,13
39457,32569,7163,61
39458,32570,7163,37
39459,32571,7163,42
39460,32572,7163,29
39461,32573,6744,30
39462,32574,6744,9
39463,32575,6744,27
39464,32576,6744,32
39465,32577,7130,52
39466,32578,7130,31
39467,32579,7130,43
39468,32580,7130,50
39469,32581,6956,86
39470,32582,6956,45
39471,32582,6991,12
39472,32583,6991,27
39473,32584,6991,28
39474,32585,6887,25
39475,32585,6922,38
39476,32586,6922,47
39477,32587,6922,33
39478,32588,6922,30
39479,32589,7098,34
39480,32590,7098,20
39481,32591,7098,18
39482,32592,7098,53
39483,32593,7134,28
39484,32594,7134,60
39485,32594,7169,6
39486,32595,7169,23
39487,32596,7169,49
39488,32597,6925,37
39489,32598,6925,31
39490,32599,6925,22
39491,32599,6960,15
39492,32600,6960,25
39493,32601,7136,39
39494,32602,7136,30
39495,32603,7136,27
39496,32604,7136,49
39497,32604,7171,22
39498,32605,6962,43
39499,32606,6962,16
39500,32607,6962,28
39501,32608,6962,35
39502,32609,7138,67
39503,32610,7138,35
39504,32611,7138,21
39505,32612,7138,15
39506,32612,7173,30
39507,32613,6789,35
39508,32614,6789,20
39509,32615,6789,19
39510,32616,6789,26
39511,32617,7105,67
39512,32618,7105,27
39513,32619,7105,4
39514,32619,7140,15
39515,32620,7140,83
39516,32621,6896,44
39517,32622,6896,18
39518,32623,6896,6
39519,32624,6896,62
39520,32625,6827,75
39521,32626,6827,31
39522,32627,6827,29
39523,32628,6827,40
39524,32629,7038,52
39525,32630,7038,12
39526,32631,7038,19
39527,32632,7038,43
39528,32633,7074,32
39529,32634,7074,27
39530,32635,7074,40
39531,32636,7074,28
39532,32637,7005,79
39533,32638,7005,33
39534,32638,7040,10
39535,32639,7040,22
39536,32640,7040,39
39537,32641,7041,1
39538,32641,7076,85
39539,32642,7076,39
39540,32643,7076,13
39541,32644,7076,35
39542,32645,7322,40
39543,32646,7322,30
39544,32647,7322,22
39545,32648,7322,14
39546,32648,7357,42
39547,32649,6833,28
39548,32650,6833,28
39549,32651,6833,13
39550,32652,6833,23
39551,32653,7079,42
39552,32654,7079,49
39553,32655,7079,22
39554,32656,7079,80
39555,32657,7115,73
39556,32658,7115,25
39557,32659,7115,42
39558,32660,7115,27
39559,32661,7081,78
39560,32662,7081,29
39561,32663,7081,22
39562,32663,7116,22
39563,32664,7116,51
39564,32665,7082,43
39565,32666,7082,15
39566,32667,7082,24
39567,32668,7082,62
39568,32668,7117,1
39569,32669,7153,40
39570,32670,7153,36
39571,32671,7153,5
39572,32671,7188,14
39573,32672,7188,62
39574,32673,6979,53
39575,32674,6979,28
39576,32675,6979,25
39577,32676,6979,16
39578,32677,6945,50
39579,32678,6945,35
39580,32679,6945,33
39581,32680,6945,53
39582,32681,7016,34
39583,32682,7016,30
39584,32683,7016,47
39585,32684,7016,67
39586,32685,7087,66
39587,32686,7087,15
39588,32687,7087,31
39589,32688,7087,11
39590,32688,7122,31
39591,32689,6948,95
39592,32690,6948,70
39593,32691,6948,27
39594,32692,6948,29
39595,32692,6983,10
39596,32693,7124,54
39597,32694,7124,36
39598,32695,7124,14
39599,32696,7124,53
39600,32697,7125,92
39601,32698,7125,53
39602,32699,7125,18
39603,32700,7125,51
39604,32701,7056,61
39605,32702,7056,5
39606,32702,7091,28
39607,32703,7091,39
39608,32704,7091,28
39609,32705,7372,82
39610,32706,7372,27
39611,32707,7372,32
39612,32708,7372,48
39613,32709,7198,47
39614,32710,7198,46
39615,32711,7198,22
39616,32712,7198,30
39617,32713,6744,37
39618,32713,6779,11
39619,32714,6779,56
39620,32715,6779,63
39621,32716,6779,48
39622,32717,7130,40
39623,32717,7165,2
39624,32718,7165,59
39625,32719,7165,23
39626,32720,7165,36
39627,32721,6991,36
39628,32722,6991,57
39629,32723,6991,38
39630,32724,6991,26
39631,32725,6922,44
39632,32726,6922,4
39633,32726,6957,48
39634,32727,6957,18
39635,32728,6957,47
39636,32729,7098,46
39637,32730,7098,18
39638,32730,7133,10
39639,32731,7133,41
39640,32732,7133,44
39641,32733,7169,84
39642,32734,7169,45
39643,32735,7169,21
39644,32736,7169,42
39645,32737,6960,54
39646,32738,6960,80
39647,32739,6960,28
39648,32740,6960,27
39649,32741,7171,34
39650,32742,7171,46
39651,32743,7171,34
39652,32744,7171,45
39653,32745,6962,87
39654,32746,6962,36
39655,32746,6997,12
39656,32747,6997,16
39657,32748,6997,46
39658,32749,7173,34
39659,32750,7173,19
39660,32751,7173,34
39661,32752,7173,26
39662,32753,6789,59
39663,32754,6789,36
39664,32755,6789,19
39665,32756,6789,41
39666,32757,7140,23
39667,32758,7140,41
39668,32759,7140,38
39669,32760,7140,17
39670,32761,6896,49
39671,32762,6896,82
39672,32762,6931,18
39673,32763,6931,34
39674,32764,6931,19
39675,32765,6827,18
39676,32765,6862,28
39677,32766,6862,15
39678,32767,6862,44
39679,32768,6862,56
39680,32769,7038,53
39681,32769,7073,5
39682,32770,7073,83
39683,32771,7073,24
39684,32772,7073,96
39685,32773,7074,25
39686,32774,7074,34
39687,32775,7074,36
39688,32776,7074,15
39689,32776,7109,52
39690,32777,7040,87
39691,32778,7040,25
39692,32779,7040,25
39693,32780,7040,45
39694,32781,7076,31
39695,32782,7076,41
39696,32783,7076,50
39697,32784,7076,14
39698,32784,7111,39
39699,32785,7357,49
39700,32786,7357,30
39701,32787,7357,9
39702,32787,7392,32
39703,32788,7392,59
39704,32789,6833,79
39705,32790,6833,25
39706,32790,6868,10
39707,32791,6868,23
39708,32792,6868,76
39709,32793,7079,16
39710,32793,7114,61
39711,32794,7114,50
39712,32795,7114,19
39713,32796,7114,76
39714,32797,7115,12
39715,32797,7150,26
39716,32798,7150,43
39717,32799,7150,51
39718,32800,7150,41
39719,32801,7116,94
39720,32802,7116,50
39721,32803,7116,64
39722,32804,7116,20
39723,32804,7151,8
39724,32805,7117,63
39725,32806,7117,25
39726,32807,7117,25
39727,32808,7117,42
39728,32809,7188,43
39729,32809,7223,14
39730,32810,7223,44
39731,32811,7223,26
39732,32812,7223,40
39733,32812,7258,73
39734,32813,6979,74
39735,32813,7014,5
39736,32814,7014,57
39737,32815,7014,47
39738,32816,7014,47
39739,32817,6945,70
39740,32817,6980,11
39741,32818,6980,26
39742,32819,6980,22
39743,32820,6980,66
39744,32821,7016,33
39745,32822,7016,33
39746,32823,7016,40
39747,32824,7016,39
39748,32825,7122,15
39749,32826,7122,34
39750,32827,7122,50
39751,32828,7122,74
39752,32829,6983,87
39753,32830,6983,24
39754,32831,6983,36
39755,32832,6983,39
39756,32833,7124,47
39757,32833,7159,36
39758,32834,7159,107
39759,32835,7159,16
39760,32836,7159,33
39761,32837,7125,52
39762,32838,7125,15
39763,32838,7160,11
39764,32839,7160,43
39765,32840,7160,38
39766,32841,7091,33
39767,32842,7091,56
39768,32843,7091,27
39769,32844,7091,28
39770,32845,7372,20
39771,32845,7407,30
39772,32846,7407,34
39773,32847,7407,20
39774,32848,7407,75
39775,32849,7198,21
39776,32849,7233,20
39777,32850,7233,43
39778,32851,7233,36
39779,32851,7268,4
39780,32852,7268,61
39781,32853,6779,35
39782,32854,6779,43
39783,32855,6779,31
39784,32856,6779,24
39785,32856,6814,31
39786,32857,7165,65
39787,32858,7165,45
39788,32859,7165,25
39789,32860,7165,55
39790,32861,6991,2
39791,32861,7026,44
39792,32862,7026,45
39793,32863,7026,38
39794,32864,7026,50
39795,32865,6957,54
39796,32866,6957,11
39797,32867,6957,44
39798,32868,6957,57
39799,32869,7133,30
39800,32870,7133,113
39801,32871,7133,57
39802,32872,7168,32
39803,32873,7169,11
39804,32873,7204,40
39805,32874,7204,52
39806,32875,7204,48
39807,32876,7204,15
39808,32877,6960,62
39809,32878,6960,28
39810,32879,6960,51
39811,32880,6960,29
39812,32880,6995,35
39813,32881,7171,91
39814,32882,7171,40
39815,32883,7171,21
39816,32883,7206,23
39817,32884,7206,67
39818,32885,6997,79
39819,32886,6997,82
39820,32887,6997,6
39821,32887,7032,25
39822,32888,7032,70
39823,32889,7173,27
39824,32890,7173,32
39825,32891,7173,59
39826,32892,7173,88
39827,32892,7208,1
39828,32893,6789,25
39829,32893,6824,25
39830,32894,6824,45
39831,32895,6824,32
39832,32896,6824,94
39833,32897,7140,58
39834,32897,7175,8
39835,32898,7175,40
39836,32899,7175,42
39837,32900,7175,64
39838,32901,6931,54
39839,32902,6931,88
39840,32903,6931,29
39841,32903,6966,21
39842,32904,6966,78
39843,32905,6862,44
39844,32906,6862,40
39845,32907,6862,55
39846,32908,6862,69
39847,32909,7073,68
39848,32909,7108,27
39849,32910,7108,88
39850,32911,7108,70
39851,32912,7108,42
39852,32913,7109,65
39853,32914,7109,75
39854,32915,7109,69
39855,32916,7109,74
39856,32917,7040,53
39857,32918,7040,21
39858,32918,7075,11
39859,32919,7075,79
39860,32920,7075,48
39861,32921,7111,114
39862,32922,7111,92
39863,32923,7111,55
39864,32924,7111,12
39865,32924,7146,48
39866,32925,7392,57
39867,32925,7427,59
39868,32926,7427,60
39869,32927,7427,27
39870,32927,7462,38
39871,32928,7462,95
39872,32929,6868,79
39873,32930,6868,79
39874,32930,6903,7
39875,32931,6903,48
39876,32932,6903,93
39877,32933,7114,52
39878,32933,7149,41
39879,32934,7149,74
39880,32935,7149,90
39881,32936,7149,65
39882,32937,7150,68
39883,32938,7150,84
39884,32939,7150,40
39885,32940,7150,8
39886,32940,7185,49
39887,32941,7151,78
39888,32942,7151,51
39889,32943,7151,40
39890,32944,7151,42
39891,32945,7117,110
39892,32946,7117,32
39893,32947,7117,12
39894,32947,7152,35
39895,32948,7152,56
39896,32949,7258,59
39897,32950,7258,4
39898,32950,7293,38
39899,32951,7293,48
39900,32952,7293,69
39901,32953,7014,58
39902,32953,7049,14
39903,32954,7049,63
39904,32955,7049,32
39905,32956,7049,72
39906,32957,6980,65
39907,32958,6980,57
39908,32959,6980,49
39909,32960,6980,57
39910,32960,7015,35
39911,32961,7016,43
39912,32961,7051,102
39913,32962,7051,101
39914,32963,7051,47
39915,32964,7051,75
39916,32964,7086,2
39917,32965,7122,41
39918,32966,7122,49
39919,32967,7122,22
39920,32968,7122,54
39921,32969,6983,76
39922,32969,7018,1
39923,32970,7018,58
39924,32971,7018,46
39925,32972,7018,89
39926,32973,7159,59
39927,32974,7159,80
39928,32974,7194,2
39929,32975,7194,52
39930,32976,7194,66
39931,32977,7160,88
39932,32978,7160,92
39933,32979,7160,14
39934,32979,7195,55
39935,32980,7195,19
39936,32981,7091,4
39937,32981,7126,47
39938,32982,7126,27
39939,32983,7126,46
39940,32984,7126,73
39941,32985,7407,23
39942,32985,7442,82
39943,32986,7442,42
39944,32987,7442,48
39945,32987,7477,5
39946,32988,7477,55
39947,32989,7268,123
39948,32989,7303,1
39949,32990,7303,61
39950,32991,7303,46
39951,32992,7303,40
39952,32993,6814,108
39953,32994,6814,31
39954,32995,6814,70
39955,32996,6814,7
39956,32996,6849,92
39957,32997,7165,29
39958,32997,7200,58
39959,32998,7200,39
39960,32999,7200,44
39961,33000,7200,33
39962,33000,7235,18
39963,33001,7026,34
39964,33001,7061,92
39965,33002,7061,40
39966,33003,7061,55
39967,33004,7061,46
39968,33005,6957,57
39969,33005,6992,27
39970,33006,6992,60
39971,33007,6992,72
39972,33008,6992,62
39973,33008,7027,46
39974,33009,7168,81
39975,33010,7168,34
39976,33011,7168,31
39977,33012,7168,83
39978,33012,7203,9
39979,33013,7204,2
39980,33013,7239,135
39981,33014,7239,28
39982,33014,7274,20
39983,33015,7274,37
39984,33016,7274,34
39985,33017,6995,96
39986,33018,6995,13
39987,33019,6995,45
39988,33020,6995,59
39989,33021,7206,77
39990,33021,7241,9
39991,33022,7241,63
39992,33023,7241,44
39993,33024,7241,29
39994,33024,7276,64
39995,33025,7032,62
39996,33026,7032,42
39997,33027,7032,42
39998,33028,7032,52
39999,33028,7067,81
40000,33029,7208,62
40001,33030,7208,38
40002,33031,7208,31
40003,33031,7243,10
40004,33032,7243,54
40005,33033,6824,68
40006,33034,6824,3
40007,33034,6859,55
40008,33035,6859,53
40009,33036,6859,61
40010,33037,7175,69
40011,33038,7175,44
40012,33039,7175,34
40013,33039,7210,28
40014,33040,7210,114
40015,33040,7245,10
40016,33041,6966,98
40017,33042,6966,50
40018,33042,7001,6
40019,33043,7001,19
40020,33044,7001,93
40021,33045,6862,67
40022,33046,6897,33
40023,33047,6897,52
40024,33048,6897,70
40025,33049,7108,44
40026,33049,7143,10
40027,33050,7143,41
40028,33051,7143,28
40029,33052,7143,60
40030,33053,7109,14
40031,33053,7144,106
40032,33054,7144,43
40033,33055,7144,32
40034,33056,7144,58
40035,33057,7075,78
40036,33058,7075,50
40037,33059,7075,37
40038,33059,7110,7
40039,33060,7110,49
40040,33061,7146,78
40041,33062,7146,61
40042,33063,7146,58
40043,33064,7146,45
40044,33065,7462,29
40045,33065,7497,61
40046,33066,7497,74
40047,33066,7532,2
40048,33067,7532,21
40049,33068,7532,68
40050,33069,6903,65
40051,33070,6903,59
40052,33071,6903,38
40053,33072,6903,1
40054,33072,6938,105
40055,33073,7149,26
40056,33073,7184,57
40057,33074,7184,30
40058,33075,7184,23
40059,33076,7184,16
40060,33076,7219,51
40061,33077,7185,45
40062,33078,7185,45
40063,33078,7220,15
40064,33079,7220,19
40065,33080,7220,70
40066,33081,7151,47
40067,33081,7186,33
40068,33082,7186,68
40069,33083,7186,54
40070,33084,7186,24
40071,33084,7221,49
40072,33085,7152,87
40073,33086,7152,47
40074,33087,7152,29
40075,33088,7152,43
40076,33088,7187,14
40077,33089,7293,42
40078,33089,7328,14
40079,33090,7328,87
40080,33091,7328,21
40081,33092,7328,19
40082,33092,7363,17
40083,33093,7049,42
40084,33094,7049,57
40085,33095,7049,39
40086,33095,7084,42
40087,33096,7084,61
40088,33097,7015,91
40089,33098,7015,40
40090,33099,7015,85
40091,33100,7015,11
40092,33100,7050,20
40093,33101,7086,103
40094,33102,7086,24
40095,33103,7086,59
40096,33104,7086,92
40097,33105,7122,16
40098,33105,7157,112
40099,33106,7157,66
40100,33107,7157,19
40101,33108,7157,56
40102,33109,7018,51
40103,33109,7053,17
40104,33110,7053,46
40105,33111,7053,75
40106,33112,7053,42
40107,33113,7194,29
40108,33113,7229,38
40109,33114,7229,46
40110,33115,7229,31
40111,33116,7229,72
40112,33117,7195,40
40113,33117,7230,24
40114,33118,7230,10
40115,33119,7230,77
40116,33120,7230,48
40117,33121,7126,47
40118,33122,7126,23
40119,33122,7161,9
40120,33123,7161,40
40121,33124,7161,79
40122,33125,7477,64
40123,33125,7512,52
40124,33126,7512,65
40125,33127,7512,30
40126,33128,7512,13
40127,33128,7547,43
40128,33129,7338,80
40129,33130,7338,44
40130,33131,7338,33
40131,33132,7338,5
40132,33132,7373,54
40133,33133,6849,40
40134,33134,6849,29
40135,33135,6849,51
40136,33136,6849,72
40137,33137,7235,90
40138,33137,7270,5
40139,33138,7270,46
40140,33139,7270,47
40141,33140,7270,15
40142,33140,7305,41
40143,33141,7061,98
40144,33141,7096,9
40145,33142,7096,101
40146,33143,7096,49
40147,33144,7096,40
40148,33145,7027,121
40149,33146,7027,68
40150,33146,7062,8
40151,33147,7062,32
40152,33148,7062,61
40153,33149,7203,76
40154,33150,7203,20
40155,33150,7238,62
40156,33151,7238,42
40157,33152,7238,62
40158,33153,7274,64
40159,33153,7309,57
40160,33154,7309,61
40161,33155,7309,56
40162,33155,7344,20
40163,33156,7344,53
40164,33157,6995,94
40165,33158,6995,5
40166,33158,7030,105
40167,33159,7030,41
40168,33160,7030,43
40169,33161,7276,111
40170,33162,7276,19
40171,33162,7311,28
40172,33163,7311,83
40173,33164,7311,69
40174,33164,7346,22
40175,33165,7067,52
40176,33166,7067,66
40177,33167,7067,46
40178,33168,7067,42
40179,33168,7102,34
40180,33169,7243,33
40181,33170,7243,25
40182,33170,7278,17
40183,33171,7278,27
40184,33172,7278,80
40185,33173,6859,77
40186,33174,6859,47
40187,33175,6859,59
40188,33176,6859,30
40189,33176,6894,11
40190,33177,7245,79
40191,33178,7245,60
40192,33179,7245,10
40193,33179,7280,65
40194,33180,7280,55
40195,33180,7315,25
40196,33181,7001,22
40197,33182,7001,22
40198,33183,7001,3
40199,33183,7036,22
40200,33184,7036,33
40201,33185,6897,55
40202,33186,6897,45
40203,33187,6897,28
40204,33187,6932,7
40205,33188,6932,21
40206,33189,7143,46
40207,33190,7143,20
40208,33191,7143,28
40209,33192,7143,19
40210,33193,7144,43
40211,33194,7144,17
40212,33195,7144,8
40213,33195,7179,14
40214,33196,7179,24
40215,33197,7110,39
40216,33198,7110,15
40217,33199,7110,41
40218,33200,7110,21
40219,33201,7146,21
40220,33202,7146,8
40221,33202,7181,9
40222,33203,7181,24
40223,33204,7181,23
40224,33205,7532,39
40225,33206,7532,17
40226,33206,7567,3
40227,33207,7567,31
40228,33208,7567,33
40229,33209,6938,58
40230,33210,6938,18
40231,33211,6938,12
40232,33212,6938,7
40233,33212,6973,18
40234,33213,7219,64
40235,33214,7219,25
40236,33215,7219,29
40237,33216,7219,16
40238,33216,7254,31
40239,33217,7220,26
40240,33218,7220,18
40241,33219,7220,12
40242,33219,7255,33
40243,33220,7255,49
40244,33221,7221,39
40245,33222,7221,27
40246,33223,7221,16
40247,33223,7256,15
40248,33224,7256,50
40249,33225,7187,26
40250,33226,7187,12
40251,33227,7187,34
40252,33228,7187,53
40253,33229,7363,31
40254,33230,7363,23
40255,33231,7363,19
40256,33232,7363,22
40257,33232,7398,9
40258,33233,7084,46
40259,33234,7084,36
40260,33235,7084,23
40261,33236,7084,25
40262,33237,7050,38
40263,33238,7050,21
40264,33239,7050,16
40265,33240,7050,24
40266,33241,7086,33
40267,33242,7086,22
40268,33243,7086,24
40269,33244,7086,32
40270,33244,7121,10
40271,33245,7157,31
40272,33246,7157,47
40273,33246,7192,2
40274,33247,7192,30
40275,33248,7192,21
40276,33249,7053,50
40277,33250,7053,26
40278,33251,7053,29
40279,33252,7053,23
40280,33253,7229,7
40281,33253,7264,45
40282,33254,7264,39
40283,33255,7264,18
40284,33255,7299,8
40285,33256,7299,28
40286,33257,7230,9
40287,33257,7265,30
40288,33258,7265,23
40289,33259,7265,30
40290,33260,7265,37
40291,33261,7161,64
40292,33262,7161,13
40293,33263,7161,7
40294,33264,7161,8
40295,33264,7196,18
40296,33265,7547,33
40297,33266,7547,47
40298,33267,7547,6
40299,33268,7547,38
40300,33269,7373,32
40301,33270,7373,23
40302,33271,7373,15
40303,33271,7408,29
40304,33272,7408,29
40305,33273,6849,6
40306,33273,6884,30
40307,33274,6884,32
40308,33275,6884,20
40309,33276,6884,46
40310,33277,7305,24
40311,33278,7305,17
40312,33279,7305,19
40313,33280,7305,13
40314,33280,7340,13
40315,33281,7096,58
40316,33282,7096,20
40317,33283,7096,9
40318,33283,7131,11
40319,33284,7131,49
40320,33285,7062,11
40321,33286,7062,35
40322,33287,7062,17
40323,33288,7062,35
40324,33289,7238,7
40325,33289,7273,47
40326,33290,7273,33
40327,33291,7273,22
40328,33292,7273,24
40329,33293,7344,29
40330,33294,7344,15
40331,33294,7379,20
40332,33295,7379,28
40333,33296,7379,49
40334,33297,7030,30
40335,33297,7065,24
40336,33298,7065,25
40337,33299,7065,29
40338,33300,7065,48
40339,33301,7346,25
40340,33302,7346,37
40341,33303,7346,24
40342,33304,7346,21
40343,33305,7102,41
40344,33306,7102,39
40345,33307,7102,14
40346,33308,7102,47
40347,33309,7278,30
40348,33309,7313,37
40349,33310,7313,22
40350,33311,7313,24
40351,33312,7313,28
40352,33313,6894,46
40353,33314,6894,25
40354,33315,6894,7
40355,33316,6894,35
40356,33317,7315,32
40357,33318,7315,23
40358,33319,7315,14
40359,33320,7315,24
40360,33321,7036,37
40361,33322,7036,7
40362,33323,7036,15
40363,33324,7036,23
40364,33325,6932,72
40365,33326,6932,46
40366,33327,6932,13
40367,33328,6932,67
40368,33329,7143,14
40369,33329,7178,27
40370,33330,7178,16
40371,33331,7178,3
40372,33332,7178,44
40373,33333,7179,46
40374,33334,7179,36
40375,33335,7179,18
40376,33336,7179,2
40377,33336,7214,43
40378,33337,7110,65
40379,33338,7110,15
40380,33339,7110,39
40381,33340,7110,1
40382,33340,7145,28
40383,33341,7181,43
40384,33342,7181,39
40385,33343,7181,12
40386,33344,7181,30
40387,33345,7567,38
40388,33346,7567,18
40389,33346,7602,21
40390,33347,7602,42
40391,33348,7602,23
40392,33349,6973,12
40393,33350,6973,20
40394,33351,6973,33
40395,33352,6973,59
40396,33353,7254,53
40397,33354,7254,19
40398,33355,7254,8
40399,33355,7289,15
40400,33356,7289,22
40401,33357,7255,39
40402,33358,7255,46
40403,33359,7255,23
40404,33360,7255,6
40405,33360,7290,44
40406,33361,7256,44
40407,33362,7256,47
40408,33362,7291,15
40409,33363,7291,13
40410,33364,7291,19
40411,33365,7187,12
40412,33365,7222,30
40413,33366,7222,27
40414,33367,7222,12
40415,33368,7222,23
40416,33369,7398,14
40417,33370,7398,30
40418,33371,7398,5
40419,33372,7398,34
40420,33373,7119,43
40421,33374,7119,19
40422,33375,7119,24
40423,33376,7119,39
40424,33377,7050,44
40425,33378,7050,41
40426,33379,7050,24
40427,33380,7050,32
40428,33381,7121,57
40429,33382,7121,46
40430,33383,7121,12
40431,33384,7121,35
40432,33385,7192,38
40433,33385,7227,9
40434,33386,7227,37
40435,33387,7227,23
40436,33388,7227,39
40437,33389,7053,28
40438,33390,7053,18
40439,33391,7053,22
40440,33391,7088,5
40441,33392,7088,28
40442,33393,7299,43
40443,33394,7299,33
40444,33395,7299,18
40445,33396,7299,26
40446,33397,7265,43
40447,33397,7300,1
40448,33398,7300,16
40449,33399,7300,25
40450,33400,7300,32
40451,33400,7335,12
40452,33401,7196,30
40453,33402,7196,41
40454,33403,7196,31
40455,33404,7196,44
40456,33405,7547,19
40457,33405,7582,17
40458,33406,7582,8
40459,33407,7582,12
40460,33408,7582,47
40461,33409,7408,20
40462,33410,7408,30
40463,33411,7408,23
40464,33412,7408,26
40465,33413,6884,75
40466,33414,6884,16
40467,33415,6884,15
40468,33416,6884,35
40469,33417,7340,40
40470,33418,7340,27
40471,33419,7340,28
40472,33420,7340,46
40473,33421,7131,32
40474,33422,7131,51
40475,33423,7131,18
40476,33424,7131,31
40477,33425,7062,27
40478,33426,7062,24
40479,33427,7062,14
40480,33428,7062,37
40481,33429,7273,32
40482,33429,7308,22
40483,33430,7308,28
40484,33431,7308,43
40485,33432,7308,42
40486,33433,7379,17
40487,33434,7379,31
40488,33435,7379,31
40489,33436,7379,6
40490,33436,7414,36
40491,33437,7065,50
40492,33438,7065,42
40493,33439,7065,19
40494,33440,7065,40
40495,33440,7100,9
40496,33441,7346,27
40497,33441,7381,24
40498,33442,7381,29
40499,33443,7381,15
40500,33444,7381,25
40501,33445,7102,39
40502,33445,7137,6
40503,33446,7137,45
40504,33447,7137,33
40505,33448,7137,31
40506,33449,7313,22
40507,33449,7348,9
40508,33450,7348,28
40509,33451,7348,10
40510,33452,7348,25
40511,33453,6894,23
40512,33454,6894,19
40513,33455,6894,33
40514,33456,6894,34
40515,33457,7315,37
40516,33457,7350,31
40517,33458,7350,21
40518,33459,7350,19
40519,33460,7350,55
40520,33460,7385,5
40521,33461,7036,86
40522,33462,7036,61
40523,33463,7036,11
40524,33464,7036,14
40525,33464,7071,60
40526,33465,6932,30
40527,33466,6932,39
40528,33467,6932,47
40529,33467,6967,55
40530,33468,6967,85
40531,33469,7178,7
40532,33469,7213,73
40533,33470,7213,63
40534,33471,7213,4
40535,33471,7248,64
40536,33472,7248,45
40537,33473,7214,77
40538,33474,7214,5
40539,33474,7249,51
40540,33475,7249,60
40541,33476,7249,29
40542,33476,7284,7
40543,33477,7145,62
40544,33478,7145,45
40545,33479,7145,58
40546,33480,7145,68
40547,33481,7181,36
40548,33481,7216,24
40549,33482,7216,59
40550,33483,7216,8
40551,33483,7251,24
40552,33484,7251,110
40553,33485,7602,81
40554,33486,7602,17
40555,33486,7637,3
40556,33487,7637,52
40557,33488,7637,65
40558,33488,7672,15
40559,33489,6973,116
40560,33490,6973,46
40561,33491,6973,45
40562,33491,7008,22
40563,33492,7008,75
40564,33493,7289,91
40565,33494,7289,22
40566,33494,7324,31
40567,33495,7324,12
40568,33496,7324,53
40569,33497,7290,64
40570,33498,7290,37
40571,33499,7290,24
40572,33500,7290,20
40573,33500,7325,109
40574,33501,7291,88
40575,33501,7326,48
40576,33502,7326,62
40577,33502,7361,18
40578,33503,7361,63
40579,33504,7361,45
40580,33504,7396,13
40581,33505,7222,73
40582,33506,7222,19
40583,33506,7257,34
40584,33507,7257,41
40585,33508,7257,35
40586,33508,7292,10
40587,33509,7398,2
40588,33509,7433,24
40589,33510,7433,31
40590,33511,7433,90
40591,33512,7433,9
40592,33512,7468,56
40593,33513,7119,108
40594,33513,7154,46
40595,33514,7154,37
40596,33515,7154,35
40597,33516,7154,82
40598,33517,7050,4
40599,33517,7085,106
40600,33518,7085,49
40601,33519,7085,57
40602,33520,7085,33
40603,33521,7121,75
40604,33522,7121,68
40605,33523,7121,36
40606,33524,7121,39
40607,33524,7156,10
40608,33525,7227,31
40609,33525,7262,40
40610,33526,7262,61
40611,33526,7297,6
40612,33527,7297,43
40613,33528,7297,58
40614,33529,7088,61
40615,33530,7088,96
40616,33530,7123,13
40617,33531,7123,70
40618,33532,7123,80
40619,33533,7334,64
40620,33534,7334,69
40621,33535,7334,36
40622,33535,7369,24
40623,33536,7369,104
40624,33537,7335,124
40625,33538,7335,30
40626,33538,7370,82
40627,33539,7370,55
40628,33540,7370,19
40629,33540,7405,82
40630,33541,7196,69
40631,33541,7231,55
40632,33542,7231,56
40633,33543,7231,24
40634,33543,7266,46
40635,33544,7266,55
40636,33545,7582,97
40637,33545,7617,6
40638,33546,7617,125
40639,33547,7617,33
40640,33548,7617,17
40641,33548,7652,26
40642,33549,7408,35
40643,33549,7443,72
40644,33550,7443,55
40645,33551,7443,11
40646,33551,7478,26
40647,33552,7478,104
40648,33553,6884,53
40649,33554,6884,50
40650,33555,6884,40
40651,33555,6919,4
40652,33556,6919,69
40653,33557,7340,26
40654,33558,7340,1
40655,33558,7375,104
40656,33559,7375,14
40657,33559,7410,30
40658,33560,7410,68
40659,33561,7131,48
40660,33561,7166,13
40661,33562,7166,54
40662,33563,7166,69
40663,33564,7166,89
40664,33564,7201,23
40665,33565,7062,37
40666,33565,7097,59
40667,33566,7097,96
40668,33567,7097,58
40669,33568,7097,38
40670,33569,7308,6
40671,33569,7343,76
40672,33570,7343,31
40673,33570,7378,25
40674,33571,7378,26
40675,33572,7378,69
40676,33573,7414,56
40677,33574,7414,62
40678,33574,7449,15
40679,33575,7449,61
40680,33576,7449,22
40681,33576,7484,55
40682,33577,7100,70
40683,33578,7100,60
40684,33579,7100,97
40685,33580,7100,45
40686,33580,7135,77
40687,33581,7381,79
40688,33581,7416,1
40689,33582,7416,37
40690,33583,7416,73
40691,33584,7416,66
40692,33585,7137,68
40693,33586,7137,52
40694,33587,7137,17
40695,33587,7172,11
40696,33588,7172,24
40697,33589,7348,33
40698,33589,7383,39
40699,33590,7383,69
40700,33591,7383,44
40701,33591,7418,7
40702,33592,7418,44
40703,33593,6894,16
40704,33593,6929,115
40705,33594,6929,46
40706,33595,6929,49
40707,33596,6929,63
40708,33596,6964,21
40709,33597,7385,55
40710,33598,7385,39
40711,33598,7420,17
40712,33599,7420,65
40713,33600,7420,61
40714,33601,7071,131
40715,33602,7071,70
40716,33602,7106,6
40717,33603,7106,55
40718,33604,7106,58
40719,33605,6967,100
40720,33605,7002,27
40721,33606,7002,44
40722,33607,7002,27
40723,33608,7002,51
40724,33609,7248,55
40725,33609,7283,85
40726,33610,7283,26
40727,33610,7318,23
40728,33611,7318,48
40729,33612,7318,32
40730,33613,7284,95
40731,33614,7284,40
40732,33614,7319,12
40733,33615,7319,52
40734,33616,7319,27
40735,33617,7145,60
40736,33617,7180,45
40737,33618,7180,59
40738,33619,7180,55
40739,33620,7180,12
40740,33620,7215,76
40741,33621,7251,4
40742,33621,7286,73
40743,33622,7286,59
40744,33622,7321,12
40745,33623,7321,44
40746,33624,7321,58
40747,33625,7672,69
40748,33626,7672,68
40749,33626,7707,15
40750,33627,7707,62
40751,33628,7707,42
40752,33629,7008,52
40753,33630,7008,66
40754,33631,7008,56
40755,33631,7043,27
40756,33632,7043,52
40757,33633,7324,72
40758,33633,7359,27
40759,33634,7359,43
40760,33635,7359,33
40761,33636,7359,28
40762,33636,7394,45
40763,33637,7325,49
40764,33637,7360,58
40765,33638,7360,87
40766,33638,7395,4
40767,33639,7395,57
40768,33640,7395,51
40769,33640,7430,17
40770,33641,7396,159
40771,33641,7431,3
40772,33642,7431,99
40773,33643,7431,51
40774,33644,7431,5
40775,33644,7466,68
40776,33645,7292,73
40777,33646,7292,73
40778,33646,7327,19
40779,33647,7327,45
40780,33648,7327,56
40781,33648,7362,3
40782,33649,7468,101
40783,33650,7468,26
40784,33651,7468,34
40785,33652,7468,9
40786,33652,7503,57
40787,33653,7154,111
40788,33653,7189,28
40789,33654,7189,99
40790,33655,7189,10
40791,33655,7224,32
40792,33656,7224,73
40793,33657,7085,34
40794,33657,7120,109
40795,33658,7120,69
40796,33659,7120,62
40797,33659,7155,4
40798,33660,7155,60
40799,33661,7156,117
40800,33662,7156,57
40801,33663,7156,37
40802,33664,7156,69
40803,33665,7297,34
40804,33666,7297,72
40805,33667,7297,16
40806,33667,7332,35
40807,33668,7332,72
40808,33669,7123,45
40809,33669,7158,51
40810,33670,7158,66
40811,33671,7158,49
40812,33672,7158,34
40813,33672,7193,127
40814,33673,7369,55
40815,33673,7404,54
40816,33674,7404,54
40817,33675,7404,35
40818,33676,7404,4
40819,33676,7439,125
40820,33676,7474,8
40821,33677,7405,48
40822,33677,7440,50
40823,33678,7440,38
40824,33679,7440,78
40825,33679,7475,13
40826,33680,7475,111
40827,33680,7510,7
40828,33681,7266,13
40829,33681,7301,93
40830,33682,7301,43
40831,33683,7301,23
40832,33683,7336,12
40833,33684,7336,46
40834,33685,7652,83
40835,33686,7652,15
40836,33686,7687,79
40837,33687,7687,64
40838,33687,7722,8
40839,33688,7722,48
40840,33689,7478,3
40841,33689,7513,86
40842,33690,7513,46
40843,33690,7548,57
40844,33691,7548,58
40845,33692,7548,80
40846,33692,7583,2
40847,33693,6919,63
40848,33694,6919,112
40849,33695,6919,92
40850,33696,6919,22
40851,33696,6954,120
40852,33697,7410,14
40853,33697,7445,54
40854,33698,7445,69
40855,33698,7480,31
40856,33699,7480,64
40857,33700,7480,22
40858,33700,7515,62
40859,33701,7201,111
40860,33701,7236,5
40861,33702,7236,107
40862,33703,7236,19
40863,33703,7271,7
40864,33704,7271,97
40865,33705,7097,27
40866,33705,7132,141
40867,33706,7132,46
40868,33707,7132,93
40869,33708,7132,16
40870,33708,7167,82
40871,33709,7378,83
40872,33709,7413,6
40873,33710,7413,83
40874,33711,7448,83
40875,33711,7483,3
40876,33712,7483,125
40877,33713,7484,110
40878,33713,7519,8
40879,33714,7519,102
40880,33715,7519,4
40881,33715,7554,76
40882,33716,7554,50
40883,33717,7135,87
40884,33718,7135,111
40885,33718,7170,5
40886,33719,7170,80
40887,33720,7170,87
40888,33721,7416,11
40889,33721,7451,96
40890,33721,7486,9
40891,33722,7486,87
40892,33723,7486,3
40893,33723,7521,40
40894,33724,7521,78
40895,33725,7172,75
40896,33726,7172,60
40897,33727,7172,49
40898,33728,7172,19
40899,33728,7207,57
40900,33729,7418,47
40901,33730,7418,34
40902,33730,7453,33
40903,33731,7453,56
40904,33732,7453,19
40905,33732,7488,55
40906,33733,6964,88
40907,33734,6964,59
40908,33735,6964,48
40909,33736,6964,91
40910,33737,7420,9
40911,33737,7455,188
40912,33738,7455,7
40913,33738,7490,59
40914,33739,7490,70
40915,33740,7490,52
40916,33741,7106,127
40917,33742,7106,2
40918,33742,7141,127
40919,33743,7141,106
40920,33744,7141,42
40921,33744,7176,62
40922,33745,7002,130
40923,33745,7037,25
40924,33746,7037,40
40925,33747,7037,22
40926,33748,7037,75
40927,33749,7318,6
40928,33749,7353,109
40929,33750,7353,33
40930,33750,7388,40
40931,33751,7388,69
40932,33752,7388,61
40933,33752,7423,39
40934,33753,7319,49
40935,33753,7354,93
40936,33754,7354,39
40937,33754,7389,24
40938,33755,7389,78
40939,33756,7389,67
40940,33756,7424,16
40941,33757,7215,94
40942,33757,7250,5
40943,33758,7250,68
40944,33759,7250,56
40945,33760,7250,30
40946,33760,7285,47
40947,33761,7321,75
40948,33761,7356,81
40949,33762,7356,49
40950,33762,7391,20
40951,33763,7391,114
40952,33764,7391,73
40953,33764,7426,56
40954,33765,7707,67
40955,33765,7742,145
40956,33766,7742,55
40957,33767,7742,18
40958,33767,7777,77
40959,33768,7777,106
40960,33768,7812,4
40961,33769,7043,210
40962,33770,7043,64
40963,33771,7043,6
40964,33771,7078,81
40965,33772,7078,165
40966,33773,7394,73
40967,33773,7429,3
40968,33774,7429,153
40969,33774,7464,10
40970,33775,7464,124
40971,33776,7464,44
40972,33776,7499,63
40973,33777,7430,101
40974,33778,7430,18
40975,33778,7465,15
40976,33779,7465,54
40977,33780,7465,107
40978,33780,7500,19
40979,33781,7466,95
40980,33781,7501,4
40981,33782,7501,111
40982,33783,7501,5
40983,33783,7536,77
40984,33784,7536,97
40985,33784,7571,19
40986,33785,7362,117
40987,33785,7397,68
40988,33786,7397,40
40989,33787,7397,32
40990,33787,7432,28
40991,33788,7432,61
40992,33789,7503,77
40993,33789,7538,28
40994,33790,7538,106
40995,33791,7538,51
40996,33791,7573,16
40997,33792,7573,107
40998,33793,7224,52
40999,33793,7259,71
41000,33794,7259,95
41001,33795,7259,14
41002,33795,7294,128
41003,33796,7294,27
41004,33796,7329,92
41005,33796,7364,35
41006,33797,7155,141
41007,33797,7190,20
41008,33798,7190,81
41009,33799,7190,42
41010,33799,7225,41
41011,33800,7225,98
41012,33801,7156,20
41013,33801,7191,53
41014,33802,7191,44
41015,33802,7226,24
41016,33803,7226,64
41017,33804,7226,45
41018,33804,7261,66
41019,33805,7332,39
41020,33805,7367,69
41021,33806,7367,82
41022,33807,7367,33
41023,33807,7402,40
41024,33808,7402,82
41025,33809,7193,14
41026,33809,7228,75
41027,33810,7228,84
41028,33811,7228,22
41029,33811,7263,39
41030,33812,7263,126
41031,33812,7298,72
41032,33813,7474,72
41033,33814,7474,90
41034,33814,7509,27
41035,33815,7509,115
41036,33815,7544,24
41037,33816,7544,96
41038,33817,7510,101
41039,33818,7510,3
41040,33818,7545,74
41041,33819,7545,61
41042,33819,7580,30
41043,33820,7580,162
41044,33821,7336,104
41045,33821,7371,36
41046,33822,7371,60
41047,33823,7371,51
41048,33824,7371,30
41049,33824,7406,80
41050,33825,7722,96
41051,33825,7757,8
41052,33826,7757,31
41053,33827,7757,21
41054,33828,7757,96
41055,33828,7792,25
41056,33829,7583,144
41057,33830,7583,12
41058,33830,7618,68
41059,33831,7618,109
41060,33831,7653,39
41061,33832,7653,50
41062,33833,6954,123
41063,33834,6954,40
41064,33835,6954,17
41065,33835,6989,12
41066,33836,6989,92
41067,33837,7515,81
41068,33837,7550,81
41069,33838,7550,48
41070,33839,7550,50
41071,33839,7585,10
41072,33840,7585,106
41073,33841,7271,77
41074,33841,7306,35
41075,33842,7306,125
41076,33842,7341,58
41077,33843,7341,88
41078,33844,7341,56
41079,33844,7376,66
41080,33845,7167,185
41081,33846,7167,34
41082,33846,7202,80
41083,33847,7202,76
41084,33847,7237,62
41085,33848,7237,61
41086,33848,7272,48
41087,33849,7483,104
41088,33849,7518,12
41089,33850,7518,44
41090,33851,7518,93
41091,33851,7553,2
41092,33852,7553,73
41093,33853,7554,9
41094,33853,7589,125
41095,33854,7589,25
41096,33854,7624,69
41097,33855,7624,98
41098,33856,7624,7
41099,33856,7659,142
41100,33857,7170,59
41101,33857,7205,40
41102,33858,7205,43
41103,33859,7205,65
41104,33859,7240,10
41105,33860,7240,59
41106,33861,7521,44
41107,33861,7556,45
41108,33862,7556,111
41109,33863,7556,48
41110,33863,7591,4
41111,33864,7591,70
41112,33865,7207,78
41113,33865,7242,36
41114,33866,7242,85
41115,33867,7242,35
41116,33867,7277,58
41117,33868,7277,57
41118,33868,7312,85
41119,33869,7488,59
41120,33869,7523,120
41121,33870,7523,24
41122,33870,7558,43
41123,33871,7558,100
41124,33872,7558,41
41125,33872,7593,80
41126,33873,6964,4
41127,33873,6999,76
41128,33874,6999,83
41129,33875,6999,56
41130,33876,6999,13
41131,33876,7034,75
41132,33877,7490,26
41133,33877,7525,74
41134,33878,7525,52
41135,33879,7525,34
41136,33879,7560,13
41137,33880,7560,140
41138,33881,7176,65
41139,33881,7211,34
41140,33882,7211,62
41141,33883,7211,73
41142,33883,7246,5
41143,33884,7246,110
41144,33885,7037,82
41145,33885,7072,35
41146,33886,7072,109
41147,33887,7072,92
41148,33888,7072,129
41149,33888,7107,40
41150,33889,7423,103
41151,33889,7458,100
41152,33890,7458,15
41153,33890,7493,17
41154,33891,7493,81
41155,33891,7528,94
41156,33892,7528,30
41157,33892,7563,134
41158,33892,7598,14
41159,33893,7424,93
41160,33893,7459,38
41161,33894,7459,66
41162,33895,7459,49
41163,33896,7459,25
41164,33896,7494,150
41165,33896,7529,14
41166,33897,7285,108
41167,33897,7320,33
41168,33898,7320,88
41169,33899,7320,37
41170,33900,7320,17
41171,33900,7355,33
41172,33901,7426,84
41173,33901,7461,93
41174,33902,7461,78
41175,33903,7461,25
41176,33903,7496,27
41177,33904,7496,136
41178,33905,7812,182
41179,33906,7812,24
41180,33906,7847,117
41181,33907,7847,63
41182,33908,7847,33
41183,33908,7882,22
41184,33909,7078,55
41185,33910,7078,25
41186,33910,7113,57
41187,33911,7113,87
41188,33912,7113,162
41189,33913,7499,52
41190,33913,7534,64
41191,33914,7534,66
41192,33914,7569,75
41193,33915,7569,92
41194,33916,7569,1
41195,33916,7604,81
41196,33917,7500,128
41197,33918,7500,25
41198,33918,7535,42
41199,33919,7535,86
41200,33919,7570,50
41201,33920,7570,82
41202,33920,7605,11
41203,33921,7571,153
41204,33921,7606,41
41205,33922,7606,114
41206,33923,7606,51
41207,33923,7641,36
41208,33924,7641,105
41209,33925,7432,77
41210,33925,7467,130
41211,33925,7502,21
41212,33926,7502,79
41213,33927,7502,66
41214,33927,7537,52
41215,33928,7537,146
41216,33928,7572,59
41217,33929,7573,77
41218,33929,7608,44
41219,33930,7608,102
41220,33931,7608,19
41221,33931,7643,48
41222,33932,7643,99
41223,33932,7678,8
41224,33933,7364,168
41225,33934,7364,2
41226,33934,7399,119
41227,33935,7399,3
41228,33935,7434,139
41229,33936,7434,21
41230,33936,7469,49
41231,33937,7225,33
41232,33937,7260,26
41233,33938,7260,76
41234,33939,7260,39
41235,33939,7295,28
41236,33940,7295,106
41237,33940,7330,43
41238,33941,7261,99
41239,33941,7296,86
41240,33942,7296,29
41241,33942,7331,49
41242,33943,7331,66
41243,33944,7331,74
41244,33944,7366,33
41245,33945,7402,82
41246,33945,7437,93
41247,33946,7437,41
41248,33946,7472,94
41249,33947,7472,36
41250,33947,7507,37
41251,33948,7507,74
41252,33949,7298,51
41253,33949,7333,19
41254,33950,7333,65
41255,33951,7333,41
41256,33951,7368,62
41257,33952,7368,55
41258,33953,7544,74
41259,33953,7579,11
41260,33954,7579,79
41261,33955,7579,82
41262,33955,7614,50
41263,33956,7614,113
41264,33957,7580,25
41265,33957,7615,132
41266,33957,7650,74
41267,33958,7650,98
41268,33958,7685,36
41269,33959,7685,64
41270,33960,7685,7
41271,33960,7720,99
41272,33961,7406,15
41273,33961,7441,147
41274,33961,7476,55
41275,33962,7476,115
41276,33963,7476,4
41277,33963,7511,48
41278,33964,7511,77
41279,33964,7546,44
41280,33965,7792,77
41281,33966,7792,27
41282,33967,7792,69
41283,33967,7827,12
41284,33968,7827,96
41285,33969,7653,125
41286,33969,7688,55
41287,33970,7688,92
41288,33971,7688,52
41289,33972,7688,88
41290,33972,7723,18
41291,33973,6989,168
41292,33973,7024,6
41293,33974,7024,119
41294,33975,7024,67
41295,33975,7059,31
41296,33976,7059,222
41297,33977,7585,9
41298,33977,7620,132
41299,33978,7620,34
41300,33979,7620,5
41301,33979,7655,32
41302,33980,7655,104
41303,33980,7690,64
41304,33981,7376,88
41305,33982,7376,10
41306,33982,7411,59
41307,33983,7411,111
41308,33983,7446,23
41309,33984,7446,144
41310,33984,7481,57
41311,33985,7272,157
41312,33985,7307,5
41313,33986,7307,75
41314,33987,7307,89
41315,33988,7307,12
41316,33988,7342,128
41317,33989,7553,97
41318,33989,7588,122
41319,33990,7588,27
41320,33990,7623,27
41321,33991,7623,90
41322,33992,7623,56
41323,33992,7658,62
41324,33993,7659,43
41325,33993,7694,136
41326,33994,7694,48
41327,33994,7729,77
41328,33995,7729,96
41329,33995,7764,34
41330,33996,7764,155
41331,33996,7799,24
41332,33997,7240,77
41333,33997,7275,71
41334,33998,7275,77
41335,33999,7275,7
41336,33999,7310,83
41337,34000,7310,59
41338,34000,7345,119
41339,34001,7591,67
41340,34001,7626,23
41341,34002,7626,101
41342,34003,7626,81
41343,34003,7661,38
41344,34004,7661,108
41345,34004,7696,18
41346,34005,7312,59
41347,34005,7347,52
41348,34006,7347,77
41349,34007,7347,10
41350,34007,7382,114
41351,34008,7382,3
41352,34008,7417,109
41353,34008,7452,36
41354,34009,7593,44
41355,34009,7628,166
41356,34010,7628,8
41357,34010,7663,91
41358,34011,7663,60
41359,34011,7698,36
41360,34012,7698,159
41361,34012,7733,36
41362,34013,7034,139
41363,34014,7034,128
41364,34014,7069,6
41365,34015,7069,98
41366,34016,7069,61
41367,34017,7560,48
41368,34017,7595,174
41369,34017,7630,5
41370,34018,7630,61
41371,34019,7630,84
41372,34019,7665,2
41373,34020,7665,77
41374,34021,7246,15
41375,34021,7281,70
41376,34022,7281,47
41377,34022,7316,33
41378,34023,7316,115
41379,34024,7316,16
41380,34024,7351,130
41381,34024,7386,16
41382,34025,7107,176
41383,34025,7142,10
41384,34026,7142,71
41385,34027,7142,64
41386,34028,7142,69
41387,34028,7177,15
41388,34029,7598,114
41389,34030,7598,96
41390,34030,7633,19
41391,34031,7633,37
41392,34032,7633,91
41393,34032,7668,31
41394,34033,7529,98
41395,34034,7529,3
41396,34034,7564,54
41397,34035,7564,87
41398,34036,7564,34
41399,34036,7599,34
41400,34037,7355,93
41401,34037,7390,1
41402,34038,7390,126
41403,34038,7425,15
41404,34039,7425,54
41405,34040,7425,73
41406,34040,7460,13
41407,34041,7496,5
41408,34041,7531,147
41409,34041,7566,84
41410,34042,7566,44
41411,34042,7601,135
41412,34042,7636,17
41413,34043,7636,68
41414,34044,7636,77
41415,34044,7671,12
41416,34045,7882,164
41417,34045,7917,44
41418,34046,7917,38
41419,34047,7917,48
41420,34048,7917,82
41421,34049,7113,40
41422,34049,7148,46
41423,34050,7148,156
41424,34051,7148,67
41425,34052,7148,6
41426,34052,7183,110
41427,34052,7218,22
41428,34053,7604,140
41429,34054,7604,8
41430,34054,7639,170
41431,34055,7639,59
41432,34055,7674,64
41433,34056,7674,139
41434,34056,7709,48
41435,34057,7605,163
41436,34057,7640,80
41437,34058,7640,119
41438,34058,7675,78
41439,34059,7675,98
41440,34060,7675,11
41441,34060,7710,123
41442,34061,7641,81
41443,34061,7676,96
41444,34062,7676,38
41445,34063,7676,37
41446,34063,7711,43
41447,34064,7711,126
41448,34064,7746,9
41449,34065,7572,138
41450,34066,7572,11
41451,34066,7607,124
41452,34067,7607,15
41453,34067,7642,56
41454,34068,7642,96
41455,34068,7677,78
41456,34069,7678,176
41457,34070,7678,67
41458,34070,7713,83
41459,34071,7713,60
41460,34072,7713,81
41461,34072,7748,32
41462,34073,7469,89
41463,34073,7504,5
41464,34074,7504,125
41465,34075,7504,20
41466,34075,7539,60
41467,34076,7539,57
41468,34076,7574,38
41469,34077,7330,124
41470,34077,7365,27
41471,34078,7365,32
41472,34079,7365,42
41473,34079,7400,85
41474,34080,7400,70
41475,34080,7435,112
41476,34081,7366,127
41477,34081,7401,40
41478,34082,7401,97
41479,34082,7436,19
41480,34083,7436,113
41481,34084,7436,10
41482,34084,7471,124
41483,34085,7507,27
41484,34085,7542,95
41485,34086,7542,82
41486,34086,7577,11
41487,34087,7577,115
41488,34088,7577,26
41489,34088,7612,43
41490,34089,7368,16
41491,34089,7403,116
41492,34089,7438,48
41493,34090,7438,65
41494,34091,7438,34
41495,34092,7438,15
41496,34092,7473,105
41497,34093,7614,3
41498,34093,7649,125
41499,34093,7684,36
41500,34094,7684,56
41501,34094,7719,4
41502,34095,7719,100
41503,34096,7719,46
41504,34096,7754,129
41505,34096,7789,57
41506,34097,7720,69
41507,34098,7720,16
41508,34098,7755,143
41509,34099,7755,24
41510,34099,7790,38
41511,34100,7790,108
41512,34101,7546,84
41513,34102,7546,75
41514,34103,7546,2
41515,34103,7581,94
41516,34104,7581,53
41517,34104,7616,75
41518,34105,7827,94
41519,34105,7862,131
41520,34106,7862,51
41521,34106,7897,120
41522,34107,7897,81
41523,34108,7897,26
41524,34108,7932,101
41525,34109,7723,130
41526,34110,7723,85
41527,34110,7758,94
41528,34111,7758,70
41529,34111,7793,24
41530,34112,7793,166
41531,34112,7828,2
41532,34113,7059,98
41533,34113,7094,7
41534,34114,7094,139
41535,34115,7094,63
41536,34116,7094,52
41537,34116,7129,116
41538,34117,7690,102
41539,34118,7690,40
41540,34118,7725,48
41541,34119,7725,141
41542,34120,7725,47
41543,34121,7481,69
41544,34121,7516,87
41545,34122,7516,62
41546,34123,7516,8
41547,34123,7551,118
41548,34124,7551,71
41549,34124,7586,86
41550,34125,7342,71
41551,34125,7377,48
41552,34126,7377,77
41553,34127,7377,35
41554,34127,7412,76
41555,34128,7412,70
41556,34128,7447,38
41557,34129,7658,102
41558,34129,7693,6
41559,34130,7693,122
41560,34131,7693,31
41561,34131,7728,78
41562,34132,7728,114
41563,34132,7763,26
41564,34133,7799,122
41565,34134,7799,36
41566,34134,7834,23
41567,34135,7834,105
41568,34136,7834,61
41569,34137,7345,50
41570,34137,7380,143
41571,34138,7380,28
41572,34138,7415,71
41573,34139,7415,89
41574,34140,7415,34
41575,34140,7450,138
41576,34141,7696,96
41577,34142,7696,31
41578,34142,7731,16
41579,34143,7731,106
41580,34144,7731,43
41581,34144,7766,46
41582,34145,7452,113
41583,34145,7487,121
41584,34146,7487,32
41585,34146,7522,111
41586,34147,7522,50
41587,34148,7522,2
41588,34148,7557,36
41589,34149,7733,148
41590,34149,7768,154
41591,34150,7768,16
41592,34150,7803,62
41593,34151,7803,87
41594,34152,7803,50
41595,34152,7838,67
41596,34153,7069,124
41597,34154,7069,59
41598,34155,7069,83
41599,34156,7069,5
41600,34156,7104,153
41601,34157,7665,86
41602,34158,7665,3
41603,34158,7700,104
41604,34159,7700,31
41605,34159,7735,23
41606,34160,7735,155
41607,34161,7386,99
41608,34162,7386,32
41609,34163,7386,4
41610,34163,7421,51
41611,34164,7421,79
41612,34165,7177,86
41613,34166,7177,35
41614,34166,7212,29
41615,34167,7212,30
41616,34168,7212,57
41617,34168,7247,34
41618,34169,7668,60
41619,34170,7668,35
41620,34171,7668,21
41621,34171,7703,38
41622,34172,7703,59
41623,34172,7738,2
41624,34173,7599,81
41625,34174,7599,35
41626,34174,7634,14
41627,34175,7634,39
41628,34176,7634,91
41629,34177,7460,60
41630,34178,7460,41
41631,34179,7460,29
41632,34179,7495,3
41633,34180,7495,78
41634,34181,7671,70
41635,34182,7671,35
41636,34183,7671,59
41637,34183,7706,1
41638,34184,7706,68
41639,34185,7917,48
41640,34185,7952,64
41641,34186,7952,33
41642,34187,7952,62
41643,34188,7952,32
41644,34189,7218,50
41645,34190,7218,56
41646,34191,7218,20
41647,34192,7218,3
41648,34192,7253,19
41649,34193,7709,76
41650,34194,7709,47
41651,34194,7744,8
41652,34195,7744,23
41653,34196,7744,47
41654,34197,7710,17
41655,34197,7745,49
41656,34198,7745,87
41657,34199,7745,60
41658,34200,7745,25
41659,34200,7780,56
41660,34201,7746,89
41661,34202,7746,67
41662,34203,7746,40
41663,34204,7746,60
41664,34205,7677,76
41665,34205,7712,4
41666,34206,7712,64
41667,34207,7712,31
41668,34208,7712,54
41669,34208,7747,1
41670,34209,7748,45
41671,34210,7748,35
41672,34211,7748,41
41673,34212,7748,37
41674,34213,7574,91
41675,34214,7574,30
41676,34214,7609,20
41677,34215,7609,39
41678,34216,7609,56
41679,34217,7435,74
41680,34217,7470,43
41681,34218,7470,36
41682,34219,7470,29
41683,34219,7505,20
41684,34220,7505,90
41685,34221,7471,48
41686,34221,7506,9
41687,34222,7506,55
41688,34223,7506,45
41689,34224,7506,44
41690,34224,7541,30
41691,34225,7612,32
41692,34226,7612,68
41693,34227,7612,2
41694,34227,7647,40
41695,34228,7647,40
41696,34229,7473,43
41697,34229,7508,40
41698,34230,7508,22
41699,34231,7508,55
41700,34232,7508,32
41701,34232,7543,38
41702,34233,7789,61
41703,34234,7789,42
41704,34235,7789,49
41705,34236,7789,25
41706,34236,7824,47
41707,34237,7790,29
41708,34237,7825,29
41709,34238,7825,36
41710,34239,7825,63
41711,34240,7825,7
41712,34240,7860,50
41713,34241,7616,37
41714,34242,7616,36
41715,34242,7651,17
41716,34243,7651,17
41717,34244,7651,57
41718,34245,7932,79
41719,34246,7932,45
41720,34247,7932,60
41721,34248,7932,35
41722,34248,7967,26
41723,34249,7828,103
41724,34250,7828,31
41725,34251,7828,9
41726,34251,7863,59
41727,34252,7863,59
41728,34253,7129,40
41729,34254,7129,32
41730,34255,7129,59
41731,34256,7164,57
41732,34257,7725,70
41733,34257,7760,20
41734,34258,7760,50
41735,34259,7760,24
41736,34260,7760,69
41737,34260,7795,15
41738,34261,7586,73
41739,34261,7621,12
41740,34262,7621,77
41741,34263,7621,46
41742,34264,7621,41
41743,34264,7656,7
41744,34265,7447,59
41745,34266,7447,25
41746,34266,7482,42
41747,34267,7482,45
41748,34268,7482,59
41749,34269,7763,97
41750,34270,7763,57
41751,34270,7798,38
41752,34271,7798,29
41753,34272,7798,83
41754,34273,7834,32
41755,34273,7869,86
41756,34274,7869,93
41757,34275,7869,24
41758,34276,7869,15
41759,34276,7904,49
41760,34277,7450,14
41761,34277,7485,70
41762,34278,7485,31
41763,34279,7485,34
41764,34280,7485,27
41765,34281,7766,59
41766,34282,7766,45
41767,34283,7766,29
41768,34284,7766,71
41769,34285,7557,91
41770,34285,7592,25
41771,34286,7592,58
41772,34287,7592,46
41773,34288,7592,35
41774,34289,7838,64
41775,34290,7838,37
41776,34291,7838,19
41777,34291,7873,38
41778,34292,7873,97
41779,34293,7104,76
41780,34294,7104,72
41781,34295,7104,14
41782,34295,7139,52
41783,34296,7139,110
41784,34297,7735,19
41785,34297,7770,28
41786,34298,7770,65
41787,34299,7770,49
41788,34300,7770,39
41789,34301,7421,3
41790,34301,7456,56
41791,34302,7456,51
41792,34302,7491,34
41793,34303,7491,36
41794,34304,7491,43
41795,34305,7247,65
41796,34306,7247,64
41797,34307,7247,36
41798,34307,7282,16
41799,34308,7282,134
41800,34309,7738,84
41801,34310,7738,64
41802,34311,7738,17
41803,34311,7773,36
41804,34312,7773,16
41805,34313,7634,12
41806,34313,7669,66
41807,34314,7669,51
41808,34315,7669,55
41809,34315,7704,2
41810,34316,7704,49
41811,34317,7495,45
41812,34317,7530,17
41813,34318,7530,46
41814,34319,7530,83
41815,34320,7530,18
41816,34320,7565,24
41817,34321,7706,121
41818,34322,7706,26
41819,34322,7741,29
41820,34323,7741,56
41821,34324,7741,49
41822,34325,7952,89
41823,34326,7952,13
41824,34326,7987,25
41825,34327,7987,42
41826,34328,7987,69
41827,34329,7253,46
41828,34330,7253,34
41829,34331,7253,28
41830,34331,7288,28
41831,34332,7288,48
41832,34333,7744,53
41833,34334,7744,45
41834,34335,7744,1
41835,34335,7779,41
41836,34336,7779,57
41837,34337,7780,57
41838,34338,7780,37
41839,34339,7780,59
41840,34339,7815,5
41841,34340,7815,82
41842,34341,7746,7
41843,34341,7781,40
41844,34342,7781,31
41845,34343,7781,33
41846,34344,7781,73
41847,34345,7747,54
41848,34346,7747,40
41849,34347,7747,56
41850,34348,7747,76
41851,34349,7748,34
41852,34349,7783,25
41853,34350,7783,36
41854,34351,7783,62
41855,34352,7783,43
41856,34352,7818,9
41857,34353,7609,32
41858,34353,7644,85
41859,34354,7644,32
41860,34355,7644,37
41861,34355,7679,25
41862,34356,7679,96
41863,34357,7505,33
41864,34357,7540,37
41865,34358,7540,30
41866,34359,7540,39
41867,34360,7540,31
41868,34360,7575,46
41869,34361,7541,132
41870,34362,7541,37
41871,34362,7576,12
41872,34363,7576,58
41873,34364,7576,51
41874,34365,7647,91
41875,34366,7647,17
41876,34366,7682,50
41877,34367,7682,39
41878,34368,7682,23
41879,34368,7717,27
41880,34369,7543,106
41881,34370,7543,37
41882,34371,7543,11
41883,34371,7578,96
41884,34372,7578,31
41885,34372,7613,14
41886,34373,7824,57
41887,34374,7824,58
41888,34375,7824,6
41889,34375,7859,89
41890,34376,7859,79
41891,34377,7860,27
41892,34378,7860,50
41893,34379,7860,73
41894,34380,7860,18
41895,34380,7895,41
41896,34381,7651,32
41897,34382,7651,70
41898,34382,7686,7
41899,34383,7686,13
41900,34384,7686,60
41901,34385,7967,62
41902,34386,7967,69
41903,34387,7967,14
41904,34388,7967,106
41905,34389,7863,54
41906,34390,7863,42
41907,34390,7898,27
41908,34391,7898,32
41909,34392,7898,106
41910,34393,7164,98
41911,34394,7164,39
41912,34395,7164,50
41913,34396,7164,39
41914,34397,7795,74
41915,34398,7795,57
41916,34399,7795,49
41917,34400,7795,41
41918,34400,7830,15
41919,34401,7656,42
41920,34402,7656,23
41921,34403,7656,27
41922,34404,7656,54
41923,34405,7482,42
41924,34405,7517,44
41925,34406,7517,50
41926,34407,7517,71
41927,34408,7517,16
41928,34408,7552,14
41929,34409,7798,54
41930,34410,7798,56
41931,34411,7798,31
41932,34411,7833,27
41933,34412,7833,61
41934,34413,7904,73
41935,34414,7904,33
41936,34414,7939,43
41937,34415,7939,73
41938,34416,7939,136
41939,34417,7485,4
41940,34417,7520,57
41941,34418,7520,34
41942,34419,7520,40
41943,34419,7555,9
41944,34420,7555,60
41945,34421,7766,3
41946,34421,7801,166
41947,34422,7801,17
41948,34422,7836,31
41949,34423,7836,55
41950,34424,7836,52
41951,34425,7592,22
41952,34425,7627,43
41953,34426,7627,47
41954,34427,7627,38
41955,34428,7627,21
41956,34428,7662,77
41957,34429,7873,50
41958,34429,7908,62
41959,34430,7908,62
41960,34430,7943,12
41961,34431,7943,38
41962,34432,7943,40
41963,34433,7139,79
41964,34434,7139,54
41965,34435,7139,36
41966,34436,7139,8
41967,34436,7174,48
41968,34437,7770,23
41969,34437,7805,94
41970,34438,7805,52
41971,34439,7805,12
41972,34439,7840,27
41973,34440,7840,79
41974,34441,7491,7
41975,34441,7526,72
41976,34442,7526,29
41977,34443,7526,37
41978,34444,7526,36
41979,34444,7561,95
41980,34445,7282,49
41981,34445,7317,12
41982,34446,7317,57
41983,34447,7317,80
41984,34448,7317,42
41985,34448,7352,18
41986,34449,7773,104
41987,34450,7773,2
41988,34450,7808,64
41989,34451,7808,34
41990,34452,7808,85
41991,34452,7843,4
41992,34453,7704,93
41993,34454,7704,63
41994,34455,7704,25
41995,34455,7739,20
41996,34456,7739,95
41997,34457,7565,87
41998,34458,7565,36
41999,34459,7565,41
42000,34459,7600,45
42001,34460,7600,58
42002,34461,7741,97
42003,34462,7741,20
42004,34462,7776,53
42005,34463,7776,72
42006,34464,7776,68
42007,34464,7811,52
42008,34465,7987,100
42009,34465,8022,4
42010,34466,8022,57
42011,34467,8022,52
42012,34468,8022,43
42013,34469,7288,59
42014,34470,7288,23
42015,34470,7323,60
42016,34471,7323,41
42017,34472,7323,61
42018,34472,7358,22
42019,34473,7779,71
42020,34474,7779,18
42021,34474,7814,38
42022,34475,7814,56
42023,34476,7814,36
42024,34477,7815,50
42025,34477,7850,1
42026,34478,7850,87
42027,34479,7850,58
42028,34480,7850,78
42029,34481,7781,33
42030,34481,7816,7
42031,34482,7816,93
42032,34483,7816,57
42033,34484,7816,66
42034,34485,7747,1
42035,34485,7782,87
42036,34486,7782,58
42037,34487,7782,54
42038,34487,7817,7
42039,34488,7817,59
42040,34489,7818,142
42041,34490,7818,75
42042,34491,7818,31
42043,34492,7853,79
42044,34493,7679,43
42045,34493,7714,72
42046,34494,7714,59
42047,34495,7714,19
42048,34496,7714,45
42049,34496,7749,49
42050,34497,7575,71
42051,34498,7575,43
42052,34499,7575,20
42053,34499,7610,94
42054,34500,7610,75
42055,34501,7576,25
42056,34501,7611,50
42057,34502,7611,61
42058,34503,7611,54
42059,34504,7611,3
42060,34504,7646,42
42061,34505,7717,68
42062,34506,7717,64
42063,34507,7717,36
42064,34508,7717,36
42065,34508,7752,33
42066,34509,7613,130
42067,34510,7613,14
42068,34510,7648,25
42069,34511,7648,41
42070,34512,7648,66
42071,34513,7859,25
42072,34513,7894,83
42073,34514,7894,75
42074,34515,7894,43
42075,34516,7894,35
42076,34516,7929,124
42077,34517,7895,71
42078,34518,7895,53
42079,34519,7895,37
42080,34520,7895,51
42081,34520,7930,19
42082,34521,7686,63
42083,34521,7721,46
42084,34522,7721,37
42085,34523,7721,60
42086,34524,7721,21
42087,34524,7756,28
42088,34525,7967,15
42089,34525,8002,103
42090,34526,8002,53
42091,34527,8002,65
42092,34528,8002,21
42093,34528,8037,94
42094,34529,7898,35
42095,34529,7933,36
42096,34530,7933,47
42097,34531,7933,23
42098,34532,7933,66
42099,34533,7164,43
42100,34533,7199,35
42101,34534,7199,47
42102,34535,7199,46
42103,34535,7234,28
42104,34536,7234,66
42105,34536,7269,20
42106,34537,7830,107
42107,34538,7830,41
42108,34539,7830,48
42109,34540,7830,6
42110,34540,7865,126
42111,34541,7691,121
42112,34542,7691,69
42113,34542,7726,14
42114,34543,7726,47
42115,34544,7726,88
42116,34544,7761,7
42117,34545,7552,89
42118,34546,7552,43
42119,34547,7552,47
42120,34547,7587,19
42121,34548,7587,73
42122,34549,7833,120
42123,34549,7868,24
42124,34550,7868,48
42125,34551,7868,43
42126,34552,7868,81
42127,34552,7903,3
42128,34553,7939,78
42129,34554,7939,11
42130,34554,7974,72
42131,34555,7974,27
42132,34556,7974,26
42133,34557,7555,82
42134,34557,7590,8
42135,34558,7590,106
42136,34559,7590,42
42137,34560,7590,16
42138,34560,7625,23
42139,34561,7836,63
42140,34561,7871,20
42141,34562,7871,56
42142,34563,7871,53
42143,34564,7871,50
42144,34565,7662,64
42145,34566,7662,17
42146,34566,7697,19
42147,34567,7697,34
42148,34568,7697,89
42149,34569,7943,105
42150,34570,7943,29
42151,34570,7978,15
42152,34571,7978,47
42153,34572,7978,63
42154,34573,7174,47
42155,34574,7174,60
42156,34575,7174,47
42157,34575,7209,40
42158,34576,7209,85
42159,34577,7840,36
42160,34578,7840,41
42161,34578,7875,13
42162,34579,7875,28
42163,34580,7875,38
42164,34581,7561,79
42165,34581,7596,28
42166,34582,7596,119
42167,34583,7596,38
42168,34584,7596,23
42169,34584,7631,83
42170,34585,7352,72
42171,34586,7352,22
42172,34586,7387,30
42173,34587,7387,25
42174,34588,7387,61
42175,34589,7843,63
42176,34590,7843,76
42177,34591,7843,51
42178,34591,7878,68
42179,34592,7878,138
42180,34593,7739,76
42181,34594,7739,28
42182,34594,7774,133
42183,34595,7774,28
42184,34596,7774,24
42185,34596,7809,60
42186,34597,7600,44
42187,34597,7635,53
42188,34598,7635,58
42189,34599,7635,49
42190,34600,7635,58
42191,34600,7670,85
42192,34601,7811,47
42193,34602,7811,76
42194,34603,7811,2
42195,34603,7846,101
42196,34604,7846,94
42197,34605,8022,28
42198,34605,8057,40
42199,34606,8057,61
42200,34607,8057,30
42201,34608,8057,66
42202,34608,8092,14
42203,34609,7358,58
42204,34610,7358,40
42205,34611,7358,65
42206,34612,7358,1
42207,34612,7393,69
42208,34613,7814,41
42209,34613,7849,18
42210,34614,7849,56
42211,34615,7849,71
42212,34616,7849,60
42213,34617,7850,5
42214,34617,7885,108
42215,34618,7885,43
42216,34619,7885,53
42217,34620,7885,1
42218,34620,7920,65
42219,34621,7816,25
42220,34621,7851,34
42221,34622,7851,14
42222,34623,7851,31
42223,34624,7851,67
42224,34625,7817,144
42225,34626,7817,30
42226,34627,7817,15
42227,34627,7852,46
42228,34628,7852,113
42229,34629,7853,58
42230,34629,7888,5
42231,34630,7888,30
42232,34631,7888,15
42233,34632,7888,46
42234,34633,7749,121
42235,34634,7749,26
42236,34635,7749,86
42237,34636,7749,1
42238,34636,7784,81
42239,34637,7610,4
42240,34637,7645,93
42241,34638,7645,39
42242,34639,7645,15
42243,34640,7645,44
42244,34640,7680,27
42245,34641,7646,153
42246,34642,7646,2
42247,34642,7681,59
42248,34643,7681,58
42249,34644,7681,59
42250,34644,7716,4
42251,34645,7752,92
42252,34646,7752,25
42253,34647,7752,6
42254,34647,7787,35
42255,34648,7787,57
42256,34649,7648,61
42257,34649,7683,25
42258,34650,7683,37
42259,34651,7683,30
42260,34652,7683,38
42261,34652,7718,18
42262,34653,7929,47
42263,34654,7929,51
42264,34654,7964,38
42265,34655,7964,47
42266,34656,7964,49
42267,34657,7930,75
42268,34658,7930,103
42269,34659,7930,26
42270,34660,7930,63
42271,34660,7965,29
42272,34661,7756,80
42273,34662,7756,71
42274,34663,7756,67
42275,34663,7791,20
42276,34664,7791,61
42277,34665,8037,123
42278,34666,8037,76
42279,34666,8072,15
42280,34667,8072,52
42281,34668,8072,99
42282,34669,7933,112
42283,34669,7968,19
42284,34670,7968,113
42285,34671,7968,19
42286,34672,7968,57
42287,34672,8003,95
42288,34673,7269,74
42289,34674,7269,22
42290,34674,7304,41
42291,34675,7304,55
42292,34676,7304,93
42293,34676,7339,1
42294,34677,7865,78
42295,34678,7865,7
42296,34678,7900,67
42297,34679,7900,119
42298,34680,7900,64
42299,34680,7935,28
42300,34681,7761,62
42301,34682,7761,61
42302,34683,7761,35
42303,34684,7761,61
42304,34684,7796,26
42305,34685,7587,70
42306,34685,7622,37
42307,34686,7622,24
42308,34687,7622,77
42309,34688,7622,30
42310,34689,7903,83
42311,34690,7903,40
42312,34691,7903,78
42313,34692,7903,68
42314,34693,7974,136
42315,34694,7974,63
42316,34694,8009,13
42317,34695,8009,60
42318,34696,8009,128
42319,34697,7625,76
42320,34698,7625,68
42321,34699,7625,10
42322,34699,7660,87
42323,34700,7660,67
42324,34701,7871,30
42325,34701,7906,38
42326,34702,7906,39
42327,34703,7906,42
42328,34704,7906,71
42329,34705,7697,56
42330,34706,7697,11
42331,34706,7732,91
42332,34707,7732,22
42333,34708,7732,54
42334,34708,7767,20
42335,34709,7978,72
42336,34709,8013,62
42337,34710,8013,103
42338,34711,8013,81
42339,34712,8013,39
42340,34713,7209,42
42341,34713,7244,97
42342,34713,7279,47
42343,34714,7279,46
42344,34715,7279,16
42345,34715,7314,40
42346,34716,7314,60
42347,34717,7875,97
42348,34718,7875,28
42349,34718,7910,57
42350,34719,7910,22
42351,34720,7910,69
42352,34721,7631,52
42353,34722,7631,66
42354,34722,7666,33
42355,34723,7666,109
42356,34724,7666,76
42357,34724,7701,8
42358,34725,7387,59
42359,34726,7387,2
42360,34726,7422,101
42361,34727,7422,18
42362,34727,7457,79
42363,34728,7457,72
42364,34728,7492,3
42365,34729,7878,69
42366,34729,7913,32
42367,34730,7913,71
42368,34731,7913,67
42369,34732,7913,104
42370,34732,7948,4
42371,34733,7809,121
42372,34734,7809,1
42373,34734,7844,92
42374,34735,7844,118
42375,34735,7879,2
42376,34736,7879,70
42377,34737,7670,88
42378,34738,7670,51
42379,34738,7705,48
42380,34739,7705,95
42381,34740,7705,6
42382,34740,7740,117
42383,34741,7846,15
42384,34741,7881,98
42385,34742,7881,107
42386,34743,7881,24
42387,34743,7916,96
42388,34744,7916,68
42389,34745,8092,179
42390,34746,8092,43
42391,34747,8092,48
42392,34748,8092,3
42393,34748,8127,68
42394,34749,7393,73
42395,34750,7393,7
42396,34750,7428,103
42397,34751,7428,44
42398,34751,7463,31
42399,34752,7463,97
42400,34753,7849,41
42401,34753,7884,48
42402,34754,7884,99
42403,34755,7884,57
42404,34756,7884,19
42405,34757,7920,96
42406,34758,7920,71
42407,34758,7955,17
42408,34759,7955,127
42409,34760,7955,26
42410,34760,7990,36
42411,34761,7851,103
42412,34761,7886,24
42413,34762,7886,48
42414,34763,7886,59
42415,34764,7886,79
42416,34765,7852,50
42417,34765,7887,47
42418,34766,7887,86
42419,34767,7887,74
42420,34768,7887,76
42421,34768,7922,49
42422,34769,7888,86
42423,34769,7923,64
42424,34770,7923,57
42425,34771,7923,48
42426,34772,7923,59
42427,34772,7958,34
42428,34773,7784,106
42429,34773,7819,46
42430,34774,7819,107
42431,34775,7819,59
42432,34775,7854,7
42433,34776,7854,63
42434,34777,7680,125
42435,34778,7680,38
42436,34779,7680,14
42437,34779,7715,93
42438,34780,7715,51
42439,34781,7716,111
42440,34782,7716,77
42441,34783,7716,22
42442,34784,7716,17
42443,34784,7751,174
42444,34785,7787,76
42445,34785,7822,116
42446,34786,7822,76
42447,34787,7822,5
42448,34787,7857,43
42449,34788,7857,67
42450,34789,7718,87
42451,34790,7718,110
42452,34790,7753,10
42453,34791,7753,32
42454,34792,7753,89
42455,34793,7964,78
42456,34793,7999,36
42457,34794,7999,71
42458,34795,7999,115
42459,34795,8034,6
42460,34796,8034,111
42461,34797,7965,107
42462,34798,7965,53
42463,34799,7965,75
42464,34799,8000,19
42465,34800,8000,129
42466,34801,7791,45
42467,34802,7791,55
42468,34803,7791,43
42469,34804,7791,15
42470,34804,7826,41
42471,34805,8072,94
42472,34805,8107,39
42473,34806,8107,114
42474,34807,8107,71
42475,34808,8107,61
42476,34808,8142,93
42477,34809,8003,108
42478,34809,8038,32
42479,34810,8038,91
42480,34811,8038,71
42481,34812,8038,23
42482,34812,8073,28
42483,34813,7339,72
42484,34814,7339,50
42485,34815,7339,21
42486,34816,7339,15
42487,34816,7374,103
42488,34817,7935,85
42489,34818,7935,54
42490,34819,7935,41
42491,34819,7970,29
42492,34820,7970,107
42493,34821,7796,159
42494,34822,7796,36
42495,34822,7831,106
42496,34823,7866,67
42497,34824,7866,117
42498,34825,7622,78
42499,34825,7657,39
42500,34826,7657,89
42501,34827,7657,49
42502,34827,7692,16
42503,34828,7692,84
42504,34829,7903,14
42505,34829,7938,114
42506,34830,7938,60
42507,34831,7938,7
42508,34831,7973,82
42509,34832,7973,121
42510,34833,8009,29
42511,34833,8044,82
42512,34834,8044,124
42513,34835,8044,52
42514,34836,8044,6
42515,34836,8079,146
42516,34837,7660,108
42517,34837,7695,7
42518,34838,7695,90
42519,34839,7695,72
42520,34839,7730,2
42521,34840,7730,52
42522,34841,7906,8
42523,34841,7941,136
42524,34842,7941,89
42525,34842,7976,27
42526,34843,7976,49
42527,34844,7976,113
42528,34845,7767,112
42529,34846,7767,91
42530,34846,7802,8
42531,34847,7802,72
42532,34848,7802,77
42533,34849,8013,33
42534,34849,8048,80
42535,34850,8048,46
42536,34851,8048,89
42537,34852,8048,30
42538,34852,8083,75
42539,34853,7314,41
42540,34853,7349,57
42541,34854,7349,91
42542,34854,7384,9
42543,34855,7384,67
42544,34856,7384,61
42545,34856,7419,14
42546,34857,7910,170
42547,34857,7945,18
42548,34858,7945,74
42549,34859,7945,47
42550,34860,7945,154
42551,34861,7701,71
42552,34862,7701,80
42553,34863,7701,59
42554,34863,7736,44
42555,34864,7736,104
42556,34865,7492,136
42557,34866,7492,30
42558,34866,7527,38
42559,34867,7527,55
42560,34868,7527,74
42561,34868,7562,89
42562,34869,7948,141
42563,34870,7948,86
42564,34871,7948,29
42565,34871,7983,23
42566,34872,7983,94
42567,34873,7879,153
42568,34874,7879,12
42569,34874,7914,97
42570,34875,7914,87
42571,34876,7914,101
42572,34876,7949,12
42573,34877,7740,71
42574,34877,7775,117
42575,34878,7775,98
42576,34879,7775,40
42577,34880,7775,40
42578,34880,7810,82
42579,34881,7916,142
42580,34882,7916,47
42581,34882,7951,54
42582,34883,7951,69
42583,34884,7951,68
42584,34884,7986,17
42585,34885,8127,125
42586,34886,8127,98
42587,34886,8162,80
42588,34887,8162,110
42589,34888,8162,77
42590,34888,8197,69
42591,34889,7463,77
42592,34889,7498,35
42593,34890,7498,91
42594,34891,7498,71
42595,34891,7533,79
42596,34892,7533,74
42597,34892,7568,15
42598,34893,7884,16
42599,34893,7919,41
42600,34894,7919,138
42601,34895,7919,125
42602,34896,7919,11
42603,34896,7954,77
42604,34897,7990,153
42605,34898,7990,105
42606,34899,7990,46
42607,34899,8025,7
42608,34900,8025,70
42609,34901,7886,8
42610,34901,7921,120
42611,34902,7921,132
42612,34903,7921,8
42613,34903,7956,56
42614,34904,7956,159
42615,34905,7922,128
42616,34906,7922,90
42617,34906,7957,39
42618,34907,7957,66
42619,34908,7957,134
42620,34909,7958,109
42621,34910,7958,48
42622,34910,7993,22
42623,34911,7993,59
42624,34912,7993,93
42625,34913,7854,76
42626,34913,7889,41
42627,34914,7889,121
42628,34915,7889,71
42629,34915,7924,66
42630,34916,7924,121
42631,34917,7715,36
42632,34917,7750,102
42633,34918,7750,67
42634,34919,7750,27
42635,34919,7785,71
42636,34920,7785,93
42637,34920,7820,1
42638,34921,7751,47
42639,34921,7786,70
42640,34922,7786,84
42641,34922,7821,5
42642,34923,7821,64
42643,34924,7821,112
42644,34925,7857,51
42645,34925,7892,156
42646,34926,7892,80
42647,34926,7927,16
42648,34927,7927,84
42649,34928,7927,174
42650,34929,7753,50
42651,34929,7788,80
42652,34930,7788,70
42653,34930,7823,41
42654,34931,7823,99
42655,34932,7823,72
42656,34932,7858,58
42657,34933,8034,79
42658,34933,8069,157
42659,34934,8069,119
42660,34935,8069,25
42661,34935,8104,109
42662,34936,8104,161
42663,34936,8139,35
42664,34937,8000,100
42665,34937,8035,131
42666,34938,8035,84
42667,34938,8070,21
42668,34939,8070,124
42669,34940,8070,169
42670,34941,7826,117
42671,34941,7861,28
42672,34942,7861,152
42673,34943,7861,13
42674,34943,7896,132
42675,34944,7896,89
42676,34944,7931,46
42677,34945,8142,106
42678,34946,8142,107
42679,34946,8177,23
42680,34947,8177,68
42681,34948,8177,104
42682,34949,8073,106
42683,34950,8073,67
42684,34951,8073,81
42685,34951,8108,6
42686,34952,8108,136
42687,34953,7374,41
42688,34953,7409,130
42689,34954,7409,8
42690,34954,7444,76
42691,34955,7444,58
42692,34956,7444,37
42693,34956,7479,50
42694,34957,7970,111
42695,34958,7970,34
42696,34958,8005,53
42697,34959,8005,73
42698,34960,8005,149
42699,34960,8040,28
42700,34961,7866,53
42701,34961,7901,65
42702,34962,7901,147
42703,34963,7901,13
42704,34963,7936,17
42705,34964,7936,193
42706,34965,7692,57
42707,34965,7727,93
42708,34966,7727,92
42709,34967,7727,24
42710,34967,7762,70
42711,34968,7762,91
42712,34968,7797,53
42713,34969,7973,23
42714,34969,8008,157
42715,34970,8008,75
42716,34970,8043,2
42717,34971,8043,83
42718,34972,8043,65
42719,34973,8079,155
42720,34973,8114,53
42721,34974,8114,197
42722,34975,8114,69
42723,34975,8149,8
42724,34976,8149,102
42725,34977,7730,126
42726,34977,7765,49
42727,34978,7765,69
42728,34978,7800,17
42729,34979,7800,66
42730,34980,7800,129
42731,34980,7835,25
42732,34981,7976,140
42733,34981,8011,125
42734,34982,8011,110
42735,34983,8046,105
42736,34984,8046,84
42737,34985,7802,78
42738,34985,7837,54
42739,34986,7837,70
42740,34987,7837,29
42741,34987,7872,71
42742,34988,7872,61
42743,34989,8083,84
42744,34990,8083,149
42745,34991,8083,1
42746,34991,8118,80
42747,34992,8118,133
42748,34993,7419,111
42749,34993,7454,12
42750,34994,7454,96
42751,34995,7454,66
42752,34995,7489,25
42753,34996,7489,157
42754,34996,7524,10
42755,34997,7945,41
42756,34997,7980,82
42757,34998,7980,73
42758,34999,7980,127
42759,35000,7980,73
42760,35000,8015,28
42761,35001,7736,6
42762,35001,7771,39
42763,35002,7771,43
42764,35003,7771,28
42765,35004,7771,75
42766,35005,7562,75
42767,35005,7597,32
42768,35006,7597,80
42769,35007,7597,25
42770,35008,7597,22
42771,35008,7632,23
42772,35009,7983,63
42773,35010,7983,26
42774,35010,8018,33
42775,35011,8018,26
42776,35012,8018,68
42777,35013,7949,65
42778,35014,7949,101
42779,35015,7949,20
42780,35015,7984,18
42781,35016,7984,63
42782,35017,7810,151
42783,35017,7845,4
42784,35018,7845,45
42785,35019,7845,54
42786,35020,7845,57
42787,35021,7986,74
42788,35022,7986,21
42789,35023,7986,35
42790,35024,7986,49
42791,35025,8197,59
42792,35026,8197,43
42793,35027,8197,41
42794,35028,8197,22
42795,35029,7568,111
42796,35030,7568,39
42797,35030,7603,34
42798,35031,7603,41
42799,35032,7603,34
42800,35033,7954,57
42801,35034,7954,64
42802,35035,7954,40
42803,35036,7954,24
42804,35036,7989,10
42805,35037,8025,88
42806,35038,8025,33
42807,35038,8060,11
42808,35039,8060,76
42809,35040,8060,60
42810,35041,7956,20
42811,35042,7956,23
42812,35042,7991,91
42813,35043,7991,32
42814,35044,7991,83
42815,35044,8026,23
42816,35045,7957,18
42817,35045,7992,50
42818,35046,7992,44
42819,35047,7992,54
42820,35048,7992,43
42821,35048,8027,50
42822,35049,7993,92
42823,35049,8028,9
42824,35050,8028,62
42825,35051,8028,52
42826,35052,8028,45
42827,35053,7924,26
42828,35053,7959,86
42829,35054,7959,44
42830,35055,7959,26
42831,35056,7959,8
42832,35056,7994,41
42833,35057,7820,55
42834,35058,7820,76
42835,35059,7820,21
42836,35059,7855,8
42837,35060,7855,35
42838,35061,7821,21
42839,35061,7856,33
42840,35062,7856,52
42841,35063,7856,21
42842,35064,7856,75
42843,35065,7927,29
42844,35065,7962,67
42845,35066,7962,31
42846,35067,7962,20
42847,35068,7962,67
42848,35069,7858,85
42849,35069,7893,10
42850,35070,7893,28
42851,35071,7893,34
42852,35072,7893,87
42853,35073,8139,96
42854,35074,8139,34
42855,35075,8139,45
42856,35076,8139,47
42857,35077,8070,61
42858,35078,8070,36
42859,35078,8105,84
42860,35079,8105,24
42861,35080,8105,83
42862,35081,7931,31
42863,35082,7931,93
42864,35083,7931,49
42865,35084,7931,44
42866,35085,8177,97
42867,35086,8177,18
42868,35086,8212,24
42869,35087,8212,11
42870,35088,8212,33
42871,35089,8108,79
42872,35090,8108,34
42873,35091,8108,17
42874,35091,8143,75
42875,35092,8143,59
42876,35093,7479,102
42877,35094,7479,44
42878,35095,7479,3
42879,35095,7514,31
42880,35096,7514,50
42881,35097,8040,75
42882,35098,8040,62
42883,35099,8040,19
42884,35100,8040,25
42885,35100,8075,42
42886,35101,7936,16
42887,35101,7971,73
42888,35102,7971,43
42889,35103,7971,26
42890,35104,7971,68
42891,35105,7797,70
42892,35106,7797,65
42893,35107,7797,16
42894,35107,7832,45
42895,35108,7832,33
42896,35109,8043,25
42897,35109,8078,65
42898,35110,8078,67
42899,35111,8078,80
42900,35112,8078,35
42901,35113,8149,125
42902,35114,8149,30
42903,35114,8184,107
42904,35115,8184,34
42905,35116,8184,119
42906,35117,7835,77
42907,35118,7835,66
42908,35118,7870,7
42909,35119,7870,79
42910,35120,7870,78
42911,35121,8046,33
42912,35122,8046,38
42913,35123,8046,14
42914,35123,8081,77
42915,35124,8081,30
42916,35125,7872,57
42917,35125,7907,8
42918,35126,7907,45
42919,35127,7907,37
42920,35128,7907,41
42921,35129,8118,75
42922,35129,8153,19
42923,35130,8153,69
42924,35131,8153,34
42925,35132,8153,56
42926,35133,7524,80
42927,35134,7524,38
42928,35135,7524,30
42929,35136,7524,1
42930,35136,7559,98
42931,35137,8015,102
42932,35138,8015,65
42933,35139,8015,43
42934,35140,8015,42
42935,35140,8050,63
42936,35141,7771,40
42937,35142,7771,16
42938,35142,7806,31
42939,35143,7806,22
42940,35144,7806,25
42941,35145,7632,40
42942,35146,7632,39
42943,35147,7632,22
42944,35147,7667,1
42945,35148,7667,31
42946,35149,8018,16
42947,35150,8018,7
42948,35151,8018,19
42949,35152,8018,39
42950,35153,7984,24
42951,35154,7984,26
42952,35155,7984,22
42953,35156,7984,47
42954,35157,7845,35
42955,35158,7845,13
42956,35159,7845,27
42957,35159,7880,2
42958,35160,7880,52
42959,35161,7986,20
42960,35161,8021,2
42961,35162,8021,37
42962,35163,8021,26
42963,35164,8021,24
42964,35165,8197,41
42965,35166,8197,39
42966,35167,8197,21
42967,35168,8197,20
42968,35169,7603,41
42969,35170,7603,26
42970,35170,7638,23
42971,35171,7638,17
42972,35172,7638,30
42973,35173,7989,36
42974,35174,7989,57
42975,35175,7989,24
42976,35176,7989,45
42977,35177,8060,17
42978,35178,8060,40
42979,35179,8060,31
42980,35180,8060,48
42981,35180,8095,28
42982,35181,8026,54
42983,35182,8026,26
42984,35183,8026,24
42985,35184,8026,17
42986,35185,8027,55
42987,35186,8027,10
42988,35187,8027,17
42989,35188,8027,52
42990,35189,8028,37
42991,35190,8028,16
42992,35191,8063,16
42993,35192,8063,51
42994,35193,7994,20
42995,35194,7994,29
42996,35195,7994,21
42997,35196,7994,44
42998,35197,7855,48
42999,35198,7855,22
43000,35199,7855,23
43001,35200,7855,28
43002,35201,7856,8
43003,35201,7891,40
43004,35202,7891,33
43005,35203,7891,16
43006,35204,7891,22
43007,35205,7962,26
43008,35206,7962,31
43009,35207,7962,17
43010,35208,7962,29
43011,35209,7893,17
43012,35209,7928,13
43013,35210,7928,6
43014,35211,7928,27
43015,35212,7928,23
43016,35213,8139,22
43017,35213,8174,31
43018,35214,8174,17
43019,35215,8174,18
43020,35216,8174,48
43021,35217,8105,49
43022,35218,8105,54
43023,35219,8105,57
43024,35220,8105,11
43025,35220,8140,22
43026,35221,7931,2
43027,35221,7966,29
43028,35222,7966,55
43029,35223,7966,10
43030,35224,7966,32
43031,35225,8212,38
43032,35226,8212,12
43033,35227,8212,22
43034,35228,8212,33
43035,35229,8143,49
43036,35230,8143,17
43037,35230,8178,21
43038,35231,8178,33
43039,35232,8178,18
43040,35233,7514,16
43041,35233,7549,24
43042,35234,7549,33
43043,35235,7549,24
43044,35236,7549,40
43045,35237,8075,31
43046,35238,8075,29
43047,35239,8075,26
43048,35240,8075,35
43049,35241,7971,39
43050,35242,7971,9
43051,35242,8006,30
43052,35243,8006,9
43053,35244,8006,45
43054,35245,7832,29
43055,35246,7832,40
43056,35247,7832,16
43057,35248,7832,6
43058,35248,7867,21
43059,35249,8078,52
43060,35249,8113,7
43061,35250,8113,32
43062,35251,8113,25
43063,35252,8113,35
43064,35253,8219,58
43065,35254,8219,47
43066,35255,8219,21
43067,35256,8219,33
43068,35257,7870,29
43069,35258,7870,9
43070,35258,7905,16
43071,35259,7905,17
43072,35260,7905,48
43073,35261,8081,40
43074,35262,8081,18
43075,35263,8081,13
43076,35264,8081,33
43077,35265,7907,47
43078,35266,7907,57
43079,35266,7942,1
43080,35267,7942,24
43081,35268,7942,18
43082,35269,8153,23
43083,35270,8153,34
43084,35271,8153,6
43085,35271,8188,20
43086,35272,8188,32
43087,35273,7559,48
43088,35274,7559,24
43089,35275,7559,19
43090,35276,7559,11
43091,35276,7594,13
43092,35277,8050,50
43093,35278,8050,20
43094,35279,8050,33
43095,35280,8050,10
43096,35281,7806,25
43097,35282,7806,52
43098,35283,7806,7
43099,35283,7841,20
43100,35284,7841,51
43101,35285,7667,72
43102,35286,7667,24
43103,35287,7667,15
43104,35288,7667,20
43105,35288,7702,47
43106,35289,8018,23
43107,35289,8053,24
43108,35290,8053,25
43109,35291,8053,15
43110,35292,8053,46
43111,35293,7984,7
43112,35293,8019,16
43113,35294,8019,25
43114,35295,8019,25
43115,35296,8019,52
43116,35297,7880,42
43117,35298,7880,16
43118,35299,7880,26
43119,35300,7880,15
43120,35301,8021,31
43121,35302,8021,20
43122,35303,8021,31
43123,35304,8021,31
43124,35305,8197,3
43125,35305,8232,35
43126,35306,8232,29
43127,35307,8232,23
43128,35308,8232,51
43129,35309,7638,49
43130,35310,7638,23
43131,35311,7638,21
43132,35312,7638,25
43133,35313,7989,53
43134,35314,7989,15
43135,35314,8024,12
43136,35315,8024,15
43137,35316,8024,27
43138,35317,8095,23
43139,35318,8095,35
43140,35319,8095,28
43141,35320,8095,22
43142,35321,8026,33
43143,35322,8026,20
43144,35323,8026,23
43145,35324,8026,41
43146,35324,8061,4
43147,35325,8027,43
43148,35326,8027,11
43149,35326,8062,15
43150,35327,8062,24
43151,35328,8062,41
43152,35329,8063,30
43153,35330,8063,47
43154,35331,8063,34
43155,35332,8063,17
43156,35333,7994,5
43157,35333,8029,26
43158,35334,8029,25
43159,35335,8029,29
43160,35336,8029,33
43161,35337,7855,28
43162,35338,7855,27
43163,35339,7855,17
43164,35340,7855,10
43165,35340,7890,39
43166,35341,7891,27
43167,35342,7891,12
43168,35343,7891,10
43169,35343,7926,13
43170,35344,7926,47
43171,35345,7962,8
43172,35345,7997,50
43173,35346,7997,33
43174,35347,7997,11
43175,35348,7997,26
43176,35349,7928,30
43177,35350,7928,27
43178,35351,7928,18
43179,35352,7928,42
43180,35353,8174,70
43181,35354,8174,29
43182,35355,8174,13
43183,35356,8174,31
43184,35357,8140,22
43185,35358,8140,30
43186,35359,8140,14
43187,35360,8140,27
43188,35361,7966,10
43189,35361,8001,37
43190,35362,8001,16
43191,35363,8001,18
43192,35364,8001,18
43193,35365,8212,74
43194,35366,8212,23
43195,35367,8212,39
43196,35368,8212,8
43197,35368,8247,44
43198,35369,8178,51
43199,35370,8178,22
43200,35371,8178,51
43201,35372,8178,55
43202,35373,7549,47
43203,35374,7549,11
43204,35375,7549,11
43205,35376,7549,22
43206,35377,8075,45
43207,35378,8075,20
43208,35379,8075,21
43209,35380,8075,7
43210,35381,8006,31
43211,35382,8006,52
43212,35383,8006,25
43213,35384,8006,17
43214,35385,7867,42
43215,35386,7867,33
43216,35387,7867,15
43217,35388,7867,32
43218,35389,8113,31
43219,35390,8113,15
43220,35391,8113,27
43221,35392,8113,22
43222,35393,8219,38
43223,35394,8219,21
43224,35395,8219,24
43225,35395,8254,6
43226,35396,8254,30
43227,35397,7905,35
43228,35398,7905,53
43229,35399,7905,23
43230,35400,7905,55
43231,35401,8081,1
43232,35401,8116,29
43233,35402,8116,30
43234,35403,8116,20
43235,35404,8116,27
43236,35405,7942,54
43237,35406,7942,29
43238,35407,7942,19
43239,35408,7942,52
43240,35409,8188,50
43241,35410,8188,7
43242,35411,8188,36
43243,35412,8188,26
43244,35413,7594,35
43245,35414,7594,22
43246,35415,7594,25
43247,35416,7594,63
43248,35417,8050,31
43249,35418,8050,13
43250,35418,8085,14
43251,35419,8085,17
43252,35420,8085,67
43253,35421,7841,30
43254,35422,7841,33
43255,35423,7841,18
43256,35424,7841,29
43257,35425,7702,47
43258,35426,7702,39
43259,35427,7702,16
43260,35428,7702,60
43261,35429,8053,35
43262,35430,8053,14
43263,35431,8053,21
43264,35432,8053,12
43265,35433,8019,16
43266,35434,8019,30
43267,35435,8019,17
43268,35436,8019,35
43269,35437,7880,63
43270,35438,7880,26
43271,35439,7880,4
43272,35439,7915,29
43273,35440,7915,43
43274,35441,8021,4
43275,35441,8056,40
43276,35442,8056,23
43277,35443,8056,17
43278,35444,8056,30
43279,35445,8232,35
43280,35446,8232,58
43281,35447,8232,12
43282,35448,8232,21
43283,35449,7638,26
43284,35449,7673,27
43285,35450,7673,31
43286,35451,7673,38
43287,35452,7673,26
43288,35453,8024,57
43289,35454,8024,48
43290,35455,8024,35
43291,35456,8059,41
43292,35457,8095,28
43293,35458,8095,9
43294,35458,8130,39
43295,35459,8130,19
43296,35460,8130,63
43297,35461,8061,70
43298,35462,8061,17
43299,35463,8061,21
43300,35464,8061,41
43301,35465,8062,52
43302,35466,8062,26
43303,35467,8062,12
43304,35468,8062,61
43305,35469,8063,30
43306,35470,8063,12
43307,35471,8063,19
43308,35472,8063,30
43309,35473,8029,64
43310,35474,8029,22
43311,35475,8029,42
43312,35476,8029,26
43313,35476,8064,4
43314,35477,7890,46
43315,35478,7890,30
43316,35479,7890,23
43317,35480,7890,18
43318,35481,7926,36
43319,35482,7926,46
43320,35483,7926,17
43321,35484,7926,33
43322,35485,7997,46
43323,35486,7997,42
43324,35487,7997,15
43325,35488,7997,25
43326,35489,7928,30
43327,35490,7928,11
43328,35490,7963,18
43329,35491,7963,14
43330,35492,7963,48
43331,35493,8174,52
43332,35494,8174,30
43333,35494,8209,16
43334,35495,8209,6
43335,35496,8209,39
43336,35497,8140,72
43337,35498,8140,10
43338,35498,8175,23
43339,35499,8175,17
43340,35500,8175,69
43341,35501,8001,43
43342,35502,8001,28
43343,35503,8001,26
43344,35504,8001,89
43345,35505,8247,51
43346,35506,8247,24
43347,35507,8247,9
43348,35508,8247,69
43349,35509,8178,51
43350,35510,8178,4
43351,35510,8213,49
43352,35511,8213,16
43353,35512,8213,44
43354,35513,7549,22
43355,35513,7584,11
43356,35514,7584,19
43357,35515,7584,23
43358,35516,7584,23
43359,35517,8075,39
43360,35518,8075,9
43361,35518,8110,7
43362,35519,8110,37
43363,35520,8110,28
43364,35521,8006,41
43365,35521,8041,11
43366,35522,8041,57
43367,35523,8041,23
43368,35524,8041,35
43369,35525,7867,14
43370,35525,7902,29
43371,35526,7902,23
43372,35527,7902,23
43373,35528,7902,42
43374,35529,8113,43
43375,35530,8113,48
43376,35531,8113,11
43377,35531,8148,24
43378,35532,8148,55
43379,35533,8254,38
43380,35534,8254,28
43381,35535,8254,33
43382,35536,8254,43
43383,35537,7905,9
43384,35537,7940,54
43385,35538,7940,56
43386,35539,7940,9
43387,35540,7940,18
43388,35541,8116,54
43389,35542,8116,41
43390,35543,8116,46
43391,35544,8116,9
43392,35544,8151,17
43393,35545,7942,23
43394,35546,7942,3
43395,35546,7977,51
43396,35547,7977,28
43397,35548,7977,53
43398,35549,8188,52
43399,35550,8188,46
43400,35551,8188,29
43401,35552,8188,22
43402,35553,7594,23
43403,35553,7629,21
43404,35554,7629,21
43405,35555,7629,43
43406,35556,7629,26
43407,35557,8085,86
43408,35558,8085,31
43409,35559,8085,29
43410,35560,8085,11
43411,35561,7841,64
43412,35562,7841,17
43413,35562,7876,10
43414,35563,7876,29
43415,35564,7876,38
43416,35565,7702,56
43417,35566,7702,12
43418,35566,7737,16
43419,35567,7737,26
43420,35568,7737,80
43421,35569,8053,47
43422,35570,8053,4
43423,35570,8088,29
43424,35571,8088,27
43425,35572,8088,59
43426,35573,8019,7
43427,35573,8054,70
43428,35574,8054,55
43429,35575,8054,13
43430,35576,8054,29
43431,35577,7915,49
43432,35578,7915,36
43433,35579,7915,24
43434,35580,7915,32
43435,35581,8056,58
43436,35582,8056,39
43437,35583,8056,46
43438,35584,8056,65
43439,35584,8091,12
43440,35585,8232,59
43441,35586,8232,5
43442,35586,8267,35
43443,35587,8267,40
43444,35588,8267,35
43445,35589,7673,15
43446,35589,7708,26
43447,35590,7708,51
43448,35591,7708,21
43449,35592,7708,35
43450,35593,8059,25
43451,35594,8059,21
43452,35595,8059,41
43453,35596,8059,40
43454,35597,8130,50
43455,35598,8130,42
43456,35599,8130,41
43457,35600,8130,39
43458,35601,8061,60
43459,35602,8061,26
43460,35602,8096,32
43461,35603,8096,21
43462,35604,8096,51
43463,35605,8062,34
43464,35605,8097,31
43465,35606,8097,35
43466,35607,8097,17
43467,35608,8097,21
43468,35609,8063,27
43469,35609,8098,35
43470,35610,8098,20
43471,35611,8098,27
43472,35612,8098,36
43473,35613,8064,53
43474,35614,8064,44
43475,35615,8064,29
43476,35616,8064,27
43477,35617,7890,24
43478,35617,7925,18
43479,35618,7925,18
43480,35619,7925,26
43481,35620,7925,34
43482,35621,7926,52
43483,35622,7926,56
43484,35623,7926,11
43485,35623,7961,13
43486,35624,7961,25
43487,35625,7997,40
43488,35626,7997,7
43489,35626,8032,46
43490,35627,8032,18
43491,35628,8032,38
43492,35629,7963,52
43493,35630,7963,35
43494,35630,7998,29
43495,35631,7998,43
43496,35632,7998,41
43497,35633,8209,51
43498,35634,8209,51
43499,35635,8209,20
43500,35636,8209,38
43501,35637,8175,56
43502,35638,8175,21
43503,35639,8175,25
43504,35640,8175,40
43505,35641,8001,4
43506,35641,8036,28
43507,35642,8036,42
43508,35643,8036,20
43509,35644,8036,25
43510,35645,8247,22
43511,35645,8282,84
43512,35646,8282,18
43513,35647,8282,64
43514,35648,8282,42
43515,35649,8213,32
43516,35650,8213,22
43517,35651,8213,24
43518,35652,8213,71
43519,35653,7584,57
43520,35654,7584,38
43521,35654,7619,7
43522,35655,7619,22
43523,35656,7619,49
43524,35657,8110,35
43525,35658,8110,50
43526,35659,8110,40
43527,35660,8110,62
43528,35661,8041,56
43529,35661,8076,33
43530,35662,8076,36
43531,35663,8076,54
43532,35664,8076,56
43533,35665,7902,24
43534,35666,7902,56
43535,35667,7902,29
43536,35668,7902,24
43537,35668,7937,2
43538,35669,8148,62
43539,35670,8148,22
43540,35671,8148,17
43541,35672,8148,15
43542,35673,8254,50
43543,35674,8254,56
43544,35675,8254,44
43545,35676,8254,36
43546,35677,7940,45
43547,35678,7940,30
43548,35678,7975,20
43549,35679,7975,40
43550,35680,7975,28
43551,35681,8151,42
43552,35682,8151,38
43553,35683,8151,11
43554,35684,8151,20
43555,35685,7977,53
43556,35686,7977,51
43557,35687,7977,33
43558,35687,8012,22
43559,35688,8012,43
43560,35689,8188,41
43561,35690,8188,4
43562,35690,8223,47
43563,35691,8223,35
43564,35692,8223,37
43565,35693,7629,56
43566,35694,7629,19
43567,35695,7629,29
43568,35695,7664,2
43569,35696,7664,58
43570,35697,8085,40
43571,35698,8085,33
43572,35699,8085,36
43573,35700,8085,31
43574,35701,7876,88
43575,35702,7876,20
43576,35703,7876,72
43577,35704,7876,47
43578,35704,7911,11
43579,35705,7737,51
43580,35706,7737,2
43581,35706,7772,19
43582,35707,7772,26
43583,35708,7772,44
43584,35709,8088,83
43585,35710,8088,61
43586,35711,8088,45
43587,35711,8123,14
43588,35712,8123,78
43589,35713,8054,101
43590,35714,8054,27
43591,35715,8054,46
43592,35716,8054,29
43593,35717,7915,61
43594,35717,7950,8
43595,35718,7950,39
43596,35719,7950,80
43597,35720,7950,32
43598,35721,8091,48
43599,35722,8091,21
43600,35723,8091,37
43601,35724,8091,73
43602,35725,8267,68
43603,35726,8267,32
43604,35727,8267,23
43605,35727,8302,11
43606,35728,8302,46
43607,35729,7708,37
43608,35730,7708,17
43609,35730,7743,39
43610,35731,7743,23
43611,35732,7743,48
43612,35733,8059,56
43613,35734,8059,38
43614,35735,8059,26
43615,35736,8059,35
43616,35737,8130,43
43617,35737,8165,53
43618,35738,8165,67
43619,35739,8165,37
43620,35740,8165,94
43621,35741,8096,49
43622,35742,8096,44
43623,35743,8096,30
43624,35744,8096,11
43625,35744,8131,22
43626,35745,8097,74
43627,35746,8097,33
43628,35747,8097,55
43629,35748,8097,38
43630,35749,8098,60
43631,35750,8098,37
43632,35751,8098,22
43633,35752,8098,94
43634,35753,8064,69
43635,35754,8064,42
43636,35755,8064,45
43637,35756,8064,65
43638,35756,8099,8
43639,35757,7925,33
43640,35758,7925,60
43641,35759,7925,13
43642,35760,7925,32
43643,35760,7960,18
43644,35761,7961,48
43645,35762,7961,36
43646,35763,7961,23
43647,35764,7961,61
43648,35765,8032,48
43649,35766,8032,28
43650,35767,8032,21
43651,35768,8032,42
43652,35769,7998,62
43653,35770,7998,28
43654,35770,8033,14
43655,35771,8033,78
43656,35772,8033,84
43657,35773,8209,74
43658,35773,8244,51
43659,35774,8244,63
43660,35775,8244,20
43661,35776,8244,37
43662,35777,8175,4
43663,35777,8210,24
43664,35778,8210,75
43665,35779,8210,70
43666,35780,8210,75
43667,35781,8036,64
43668,35782,8036,37
43669,35783,8036,26
43670,35783,8071,8
43671,35784,8071,47
43672,35785,8282,65
43673,35785,8317,64
43674,35786,8317,35
43675,35787,8317,27
43676,35788,8317,41
43677,35788,8352,47
43678,35789,8213,42
43679,35789,8248,23
43680,35790,8248,32
43681,35791,8248,47
43682,35792,8248,39
43683,35793,7619,46
43684,35793,7654,37
43685,35794,7654,29
43686,35795,7654,29
43687,35796,7654,31
43688,35796,7689,32
43689,35797,8110,50
43690,35797,8145,3
43691,35798,8145,50
43692,35799,8145,34
43693,35800,8145,79
43694,35801,8076,78
43695,35802,8076,49
43696,35803,8076,34
43697,35804,8076,41
43698,35805,7937,68
43699,35806,7937,27
43700,35807,7937,36
43701,35808,7937,47
43702,35809,8148,93
43703,35809,8183,13
43704,35810,8183,51
43705,35811,8183,36
43706,35812,8183,36
43707,35813,8254,22
43708,35813,8289,32
43709,35814,8289,56
43710,35815,8289,30
43711,35816,8289,46
43712,35817,7975,47
43713,35818,7975,34
43714,35819,7975,62
43715,35820,7975,24
43716,35821,8151,68
43717,35822,8151,54
43718,35823,8151,38
43719,35824,8151,43
43720,35824,8186,5
43721,35825,8012,68
43722,35826,8012,22
43723,35827,8012,46
43724,35827,8047,24
43725,35828,8047,44
43726,35829,8223,36
43727,35830,8223,90
43728,35831,8223,20
43729,35832,8223,72
43730,35833,7664,63
43731,35834,7664,51
43732,35835,7664,20
43733,35836,7664,9
43734,35836,7699,25
43735,35837,8085,44
43736,35838,8085,4
43737,35838,8120,14
43738,35839,8120,24
43739,35840,8120,71
43740,35841,7911,65
43741,35842,7911,65
43742,35843,7911,18
43743,35844,7911,26
43744,35845,7772,57
43745,35846,7772,48
43746,35847,7772,49
43747,35848,7772,17
43748,35848,7807,30
43749,35849,8123,52
43750,35850,8123,92
43751,35851,8123,30
43752,35851,8158,70
43753,35852,8158,97
43754,35853,8054,21
43755,35853,8089,107
43756,35854,8089,58
43757,35855,8089,55
43758,35856,8089,43
43759,35857,7950,32
43760,35858,7950,61
43761,35859,7950,16
43762,35859,7985,16
43763,35860,7985,71
43764,35861,8091,39
43765,35861,8126,8
43766,35862,8126,61
43767,35863,8126,108
43768,35864,8126,56
43769,35865,8302,94
43770,35866,8302,86
43771,35867,8302,49
43772,35867,8337,7
43773,35868,8337,79
43774,35869,7743,75
43775,35870,7743,17
43776,35870,7778,14
43777,35871,7778,78
43778,35872,7778,56
43779,35873,8059,106
43780,35873,8094,31
43781,35874,8094,47
43782,35875,8094,45
43783,35876,8094,38
43784,35877,8165,55
43785,35877,8200,25
43786,35878,8200,44
43787,35879,8200,32
43788,35880,8200,84
43789,35881,8131,62
43790,35882,8131,64
43791,35883,8131,52
43792,35884,8131,62
43793,35885,8097,65
43794,35885,8132,24
43795,35886,8132,52
43796,35887,8132,50
43797,35888,8132,49
43798,35889,8098,46
43799,35889,8133,76
43800,35890,8133,34
43801,35891,8133,51
43802,35892,8133,49
43803,35893,8099,91
43804,35894,8099,68
43805,35895,8099,48
43806,35896,8099,52
43807,35897,7960,87
43808,35898,7960,64
43809,35899,7960,43
43810,35900,7960,119
43811,35901,7961,41
43812,35901,7996,27
43813,35902,7996,55
43814,35903,7996,58
43815,35904,7996,89
43816,35905,8032,33
43817,35905,8067,52
43818,35906,8067,73
43819,35907,8067,71
43820,35908,8067,91
43821,35909,8033,76
43822,35910,8033,6
43823,35910,8068,38
43824,35911,8068,17
43825,35912,8068,70
43826,35913,8244,107
43827,35913,8279,10
43828,35914,8279,79
43829,35915,8279,29
43830,35916,8279,124
43831,35917,8210,91
43832,35918,8210,6
43833,35918,8245,12
43834,35919,8245,48
43835,35920,8245,57
43836,35921,8071,52
43837,35922,8071,51
43838,35923,8071,37
43839,35924,8071,50
43840,35925,8352,113
43841,35926,8352,28
43842,35926,8387,34
43843,35927,8387,38
43844,35928,8387,30
43845,35929,8248,68
43846,35930,8248,65
43847,35931,8248,39
43848,35931,8283,52
43849,35932,8283,112
43850,35933,7689,136
43851,35934,7689,8
43852,35934,7724,27
43853,35935,7724,34
43854,35936,7724,44
43855,35937,8145,71
43856,35938,8145,38
43857,35939,8145,49
43858,35940,8145,3
43859,35940,8180,112
43860,35941,8076,57
43861,35942,8076,21
43862,35942,8111,13
43863,35943,8111,47
43864,35944,8111,95
43865,35945,7937,68
43866,35946,7937,64
43867,35946,7972,37
43868,35947,7972,15
43869,35948,7972,52
43870,35949,8183,53
43871,35950,8183,117
43872,35951,8183,50
43873,35951,8218,15
43874,35952,8218,22
43875,35953,8289,78
43876,35953,8324,3
43877,35954,8324,44
43878,35955,8324,49
43879,35956,8324,83
43880,35957,7975,49
43881,35958,7975,34
43882,35958,8010,25
43883,35959,8010,18
43884,35960,8010,74
43885,35961,8186,78
43886,35962,8186,63
43887,35963,8186,67
43888,35964,8186,82
43889,35965,8047,47
43890,35966,8047,54
43891,35967,8047,30
43892,35968,8047,55
43893,35969,8223,17
43894,35969,8258,28
43895,35970,8258,67
43896,35971,8258,41
43897,35972,8258,101
43898,35973,7699,48
43899,35974,7699,21
43900,35975,7699,30
43901,35975,7734,19
43902,35976,7734,56
43903,35977,8120,100
43904,35978,8120,56
43905,35978,8155,43
43906,35979,8155,28
43907,35980,8155,103
43908,35981,7911,55
43909,35982,7911,40
43910,35982,7946,5
43911,35983,7946,34
43912,35984,7946,57
43913,35985,7807,72
43914,35986,7807,33
43915,35987,7807,39
43916,35988,7807,56
43917,35988,7842,29
43918,35989,8158,39
43919,35990,8158,72
43920,35991,8158,55
43921,35992,8158,41
43922,35993,8089,51
43923,35994,8089,43
43924,35995,8089,23
43925,35995,8124,17
43926,35996,8124,69
43927,35997,7985,43
43928,35998,7985,42
43929,35998,8020,23
43930,35999,8020,35
43931,36000,8020,72
43932,36001,8126,49
43933,36001,8161,46
43934,36002,8161,78
43935,36003,8161,36
43936,36004,8161,66
43937,36005,8337,160
43938,36006,8337,67
43939,36006,8372,9
43940,36007,8372,51
43941,36008,8372,57
43942,36009,7778,9
43943,36009,7813,122
43944,36009,7848,9
43945,36010,7848,60
43946,36011,7848,29
43947,36012,7848,72
43948,36013,8094,83
43949,36014,8094,50
43950,36015,8094,25
43951,36016,8094,35
43952,36016,8129,8
43953,36017,8200,85
43954,36018,8200,20
43955,36018,8235,41
43956,36019,8235,37
43957,36020,8235,80
43958,36021,8131,74
43959,36021,8166,23
43960,36022,8166,61
43961,36023,8166,42
43962,36024,8166,57
43963,36025,8132,51
43964,36026,8132,34
43965,36027,8132,22
43966,36028,8132,85
43967,36029,8133,68
43968,36030,8133,37
43969,36030,8168,34
43970,36031,8168,32
43971,36032,8168,51
43972,36033,8099,66
43973,36033,8134,12
43974,36034,8134,56
43975,36035,8134,51
43976,36036,8134,59
43977,36037,7960,39
43978,36037,7995,2
43979,36038,7995,40
43980,36039,7995,55
43981,36040,7995,28
43982,36041,7996,5
43983,36041,8031,53
43984,36042,8031,43
43985,36043,8031,67
43986,36044,8031,72
43987,36044,8066,60
43988,36045,8067,50
43989,36045,8102,104
43990,36046,8102,61
43991,36047,8102,27
43992,36048,8102,76
43993,36049,8068,82
43994,36050,8068,50
43995,36051,8068,27
43996,36051,8103,8
43997,36052,8103,47
43998,36053,8279,3
43999,36053,8314,23
44000,36054,8314,35
44001,36055,8314,29
44002,36056,8314,43
44003,36057,8245,76
44004,36058,8245,54
44005,36059,8245,59
44006,36059,8280,4
44007,36060,8280,36
44008,36061,8071,52
44009,36062,8071,21
44010,36062,8106,19
44011,36063,8106,59
44012,36064,8106,63
44013,36065,8387,64
44014,36066,8387,85
44015,36067,8387,51
44016,36068,8387,38
44017,36069,8283,39
44018,36070,8283,44
44019,36071,8283,32
44020,36071,8318,7
44021,36072,8318,69
44022,36073,7724,51
44023,36074,7724,38
44024,36074,7759,3
44025,36075,7759,52
44026,36076,7759,61
44027,36077,8180,113
44028,36078,8180,30
44029,36078,8215,21
44030,36079,8215,62
44031,36080,8215,118
44032,36081,8111,67
44033,36082,8111,28
44034,36082,8146,44
44035,36083,8146,74
44036,36084,8146,44
44037,36085,7972,80
44038,36086,7972,47
44039,36086,8007,64
44040,36087,8007,74
44041,36088,8007,80
44042,36089,8218,76
44043,36090,8218,32
44044,36091,8218,39
44045,36092,8218,29
44046,36093,8324,63
44047,36094,8324,53
44048,36095,8324,38
44049,36095,8359,5
44050,36096,8359,82
44051,36097,8010,46
44052,36097,8045,47
44053,36098,8045,40
44054,36099,8045,55
44055,36100,8045,53
44056,36101,8186,16
44057,36101,8221,118
44058,36102,8221,63
44059,36103,8221,54
44060,36104,8221,16
44061,36104,8256,39
44062,36105,8047,38
44063,36105,8082,19
44064,36106,8082,74
44065,36107,8082,38
44066,36108,8082,82
44067,36109,8258,66
44068,36110,8258,54
44069,36110,8293,10
44070,36111,8293,18
44071,36112,8293,46
44072,36113,7734,67
44073,36114,7734,67
44074,36115,7734,8
44075,36115,7769,28
44076,36116,7769,51
44077,36117,8155,28
44078,36117,8190,34
44079,36118,8190,70
44080,36119,8190,47
44081,36120,8190,59
44082,36121,7946,47
44083,36122,7946,14
44084,36123,7946,26
44085,36124,7946,26
44086,36125,7842,29
44087,36126,7842,40
44088,36127,7842,15
44089,36128,7842,28
44090,36129,8158,35
44091,36129,8193,23
44092,36130,8193,44
44093,36131,8193,13
44094,36132,8193,45
44095,36133,8124,50
44096,36134,8124,38
44097,36135,8124,26
44098,36136,8124,17
44099,36137,8020,36
44100,36138,8020,31
44101,36139,8020,38
44102,36140,8020,12
44103,36140,8055,15
44104,36141,8161,32
44105,36142,8161,10
44106,36142,8196,18
44107,36143,8196,27
44108,36144,8196,31
44109,36145,8372,37
44110,36146,8372,24
44111,36147,8372,16
44112,36148,8372,2
44113,36148,8407,21
44114,36149,7848,5
44115,36149,7883,15
44116,36150,7883,20
44117,36151,7883,20
44118,36152,7883,18
44119,36153,8129,32
44120,36154,8129,28
44121,36155,8129,27
44122,36156,8129,49
44123,36157,8235,53
44124,36158,8235,22
44125,36159,8235,15
44126,36160,8235,11
44127,36160,8270,32
44128,36161,8166,54
44129,36162,8166,24
44130,36163,8166,12
44131,36164,8166,5
44132,36164,8201,26
44133,36165,8132,23
44134,36166,8132,31
44135,36167,8132,13
44136,36168,8132,18
44137,36168,8167,6
44138,36169,8168,87
44139,36170,8168,33
44140,36171,8168,13
44141,36171,8203,1
44142,36172,8203,44
44143,36173,8134,42
44144,36174,8134,25
44145,36175,8134,26
44146,36176,8134,17
44147,36176,8169,9
44148,36177,7995,39
44149,36178,7995,39
44150,36179,7995,14
44151,36179,8030,24
44152,36180,8030,52
44153,36181,8066,33
44154,36182,8066,50
44155,36183,8066,25
44156,36184,8066,44
44157,36185,8102,1
44158,36185,8137,37
44159,36186,8137,28
44160,36187,8137,28
44161,36188,8137,36
44162,36189,8103,23
44163,36190,8103,10
44164,36191,8103,65
44165,36192,8103,59
44166,36193,8314,38
44167,36194,8314,28
44168,36195,8314,48
44169,36196,8314,43
44170,36197,8280,25
44171,36198,8280,19
44172,36199,8280,15
44173,36200,8280,29
44174,36201,8106,56
44175,36202,8106,38
44176,36203,8106,21
44177,36204,8106,15
44178,36205,8387,20
44179,36205,8422,22
44180,36206,8422,36
44181,36207,8422,24
44182,36208,8422,19
44183,36209,8318,34
44184,36210,8318,33
44185,36211,8318,25
44186,36212,8318,40
44187,36213,7759,39
44188,36214,7759,26
44189,36215,7759,4
44190,36215,7794,17
44191,36216,7794,20
44192,36217,8215,20
44193,36218,8215,27
44194,36219,8215,7
44195,36219,8250,14
44196,36220,8250,40
44197,36221,8146,59
44198,36222,8146,6
44199,36223,8146,28
44200,36224,8146,23
44201,36225,8007,17
44202,36225,8042,21
44203,36226,8042,48
44204,36227,8042,19
44205,36228,8042,13
44206,36229,8218,32
44207,36229,8253,24
44208,36230,8253,22
44209,36231,8253,36
44210,36232,8253,26
44211,36233,8359,36
44212,36234,8359,29
44213,36235,8359,28
44214,36236,8359,27
44215,36237,8045,16
44216,36237,8080,19
44217,36238,8080,52
44218,36239,8080,19
44219,36240,8080,42
44220,36241,8256,46
44221,36242,8256,40
44222,36243,8256,26
44223,36244,8256,36
44224,36245,8082,64
44225,36246,8082,29
44226,36247,8082,17
44227,36248,8082,41
44228,36249,8293,31
44229,36250,8293,29
44230,36251,8293,31
44231,36252,8293,23
44232,36253,7769,61
44233,36254,7769,15
44234,36254,7804,12
44235,36255,7804,32
44236,36256,7804,49
44237,36257,8190,27
44238,36258,8190,34
44239,36259,8190,17
44240,36259,8225,15
44241,36260,8225,43
44242,36261,7946,12
44243,36261,7981,30
44244,36262,7981,18
44245,36263,7981,14
44246,36264,7981,23
44247,36265,7842,39
44248,36266,7842,11
44249,36267,7842,20
44250,36268,7842,2
44251,36268,7877,29
44252,36269,8193,36
44253,36270,8193,29
44254,36271,8193,14
44255,36272,8193,29
44256,36272,8228,26
44257,36273,8124,43
44258,36274,8124,29
44259,36275,8124,48
44260,36276,8124,25
44261,36276,8159,28
44262,36277,8055,27
44263,36278,8055,22
44264,36279,8055,34
44265,36280,8055,42
44266,36281,8196,36
44267,36282,8196,31
44268,36283,8196,35
44269,36284,8196,27
44270,36285,8407,31
44271,36286,8407,16
44272,36287,8407,22
44273,36288,8407,18
44274,36289,7883,52
44275,36290,7883,34
44276,36291,7883,20
44277,36292,7883,8
44278,36292,7918,39
44279,36293,8129,26
44280,36294,8129,56
44281,36295,8129,22
44282,36296,8129,51
44283,36297,8270,18
44284,36298,8270,35
44285,36299,8270,6
44286,36300,8270,48
44287,36301,8201,28
44288,36302,8201,23
44289,36303,8201,19
44290,36304,8201,40
44291,36305,8167,21
44292,36306,8167,26
44293,36307,8167,20
44294,36308,8167,30
44295,36309,8203,30
44296,36310,8203,28
44297,36311,8203,31
44298,36312,8203,48
44299,36313,8169,43
44300,36314,8169,41
44301,36315,8169,8
44302,36316,8169,27
44303,36317,8030,56
44304,36318,8030,52
44305,36319,8030,43
44306,36320,8030,24
44307,36320,8065,1
44308,36321,8066,44
44309,36322,8066,45
44310,36323,8066,34
44311,36324,8066,24
44312,36324,8101,8
44313,36325,8137,89
44314,36326,8137,12
44315,36326,8172,20
44316,36327,8172,30
44317,36328,8172,50
44318,36329,8103,35
44319,36330,8103,28
44320,36331,8103,5
44321,36331,8138,27
44322,36332,8138,50
44323,36333,8314,10
44324,36333,8349,36
44325,36334,8349,43
44326,36335,8349,28
44327,36336,8349,61
44328,36337,8280,28
44329,36338,8280,22
44330,36339,8280,24
44331,36340,8280,28
44332,36341,8106,33
44333,36341,8141,11
44334,36342,8141,26
44335,36343,8141,13
44336,36344,8141,35
44337,36345,8422,24
44338,36345,8457,11
44339,36346,8457,14
44340,36347,8457,24
44341,36348,8457,45
44342,36349,8318,10
44343,36349,8353,22
44344,36350,8353,40
44345,36351,8353,20
44346,36352,8353,32
44347,36353,7794,36
44348,36354,7794,39
44349,36355,7794,42
44350,36355,7829,3
44351,36356,7829,17
44352,36357,8250,45
44353,36358,8250,26
44354,36359,8250,17
44355,36360,8250,37
44356,36361,8146,16
44357,36361,8181,13
44358,36362,8181,40
44359,36363,8181,18
44360,36364,8181,51
44361,36365,8042,24
44362,36366,8042,41
44363,36367,8042,40
44364,36368,8042,22
44365,36368,8077,38
44366,36369,8253,52
44367,36370,8253,36
44368,36371,8253,14
44369,36372,8253,26
44370,36372,8288,13
44371,36373,8359,34
44372,36374,8359,13
44373,36374,8394,18
44374,36375,8394,24
44375,36376,8394,52
44376,36377,8080,29
44377,36378,8080,42
44378,36379,8080,23
44379,36380,8080,26
44380,36381,8256,39
44381,36381,8291,9
44382,36382,8291,49
44383,36383,8291,37
44384,36384,8291,39
44385,36385,8082,37
44386,36386,8117,23
44387,36387,8117,18
44388,36388,8117,25
44389,36389,8293,11
44390,36389,8328,23
44391,36390,8328,27
44392,36391,8328,33
44393,36392,8328,23
44394,36393,7804,34
44395,36394,7804,15
44396,36394,7839,20
44397,36395,7839,20
44398,36396,7839,34
44399,36397,8225,50
44400,36398,8225,29
44401,36399,8225,49
44402,36400,8225,27
44403,36401,7981,48
44404,36402,7981,35
44405,36403,7981,25
44406,36403,8016,9
44407,36404,8016,32
44408,36405,7877,63
44409,36406,7877,20
44410,36407,7877,31
44411,36408,7877,33
44412,36409,8228,65
44413,36410,8228,31
44414,36411,8228,44
44415,36412,8228,48
44416,36413,8159,63
44417,36414,8159,33
44418,36415,8159,10
44419,36416,8159,36
44420,36417,8055,59
44421,36418,8055,29
44422,36419,8055,49
44423,36420,8055,7
44424,36420,8090,35
44425,36421,8196,89
44426,36422,8196,32
44427,36422,8231,12
44428,36423,8231,38
44429,36424,8231,21
44430,36425,8407,25
44431,36425,8442,10
44432,36426,8442,40
44433,36427,8442,17
44434,36428,8442,52
44435,36429,7918,47
44436,36430,7918,29
44437,36431,7918,24
44438,36432,7918,28
44439,36432,7953,11
44440,36433,8129,23
44441,36433,8164,51
44442,36434,8164,40
44443,36435,8164,14
44444,36436,8164,36
44445,36437,8270,40
44446,36438,8270,15
44447,36439,8270,33
44448,36439,8305,4
44449,36440,8305,56
44450,36441,8201,36
44451,36442,8201,28
44452,36443,8201,14
44453,36444,8201,42
44454,36445,8167,32
44455,36446,8167,57
44456,36447,8167,34
44457,36448,8167,26
44458,36448,8202,36
44459,36449,8203,96
44460,36450,8203,31
44461,36451,8203,31
44462,36452,8203,24
44463,36452,8238,8
44464,36453,8169,47
44465,36454,8169,48
44466,36455,8169,22
44467,36456,8169,30
44468,36457,8065,39
44469,36458,8065,22
44470,36459,8065,30
44471,36460,8065,27
44472,36461,8101,91
44473,36462,8101,36
44474,36463,8101,16
44475,36464,8101,63
44476,36465,8172,81
44477,36466,8172,28
44478,36467,8172,10
44479,36468,8172,23
44480,36468,8207,21
44481,36469,8138,64
44482,36470,8138,62
44483,36471,8138,43
44484,36472,8138,40
44485,36472,8173,12
44486,36473,8349,62
44487,36474,8349,19
44488,36474,8384,27
44489,36475,8384,26
44490,36476,8384,40
44491,36477,8280,25
44492,36477,8315,22
44493,36478,8315,13
44494,36479,8315,35
44495,36480,8315,49
44496,36481,8141,45
44497,36482,8141,32
44498,36483,8141,41
44499,36484,8141,17
44500,36485,8457,46
44501,36486,8457,41
44502,36487,8457,11
44503,36487,8492,25
44504,36488,8492,49
44505,36489,8353,50
44506,36490,8353,14
44507,36491,8353,15
44508,36492,8353,16
44509,36493,7829,38
44510,36494,7829,37
44511,36495,7829,43
44512,36496,7829,19
44513,36497,8250,69
44514,36498,8250,28
44515,36499,8250,14
44516,36500,8250,32
44517,36501,8181,46
44518,36502,8181,20
44519,36503,8181,25
44520,36504,8181,47
44521,36505,8077,55
44522,36506,8077,27
44523,36507,8077,13
44524,36508,8077,22
44525,36509,8288,58
44526,36510,8288,28
44527,36511,8288,17
44528,36512,8288,29
44529,36513,8394,57
44530,36514,8394,67
44531,36515,8394,15
44532,36516,8394,19
44533,36517,8080,43
44534,36518,8080,26
44535,36519,8080,23
44536,36520,8080,28
44537,36520,8115,32
44538,36521,8291,26
44539,36522,8291,21
44540,36523,8291,28
44541,36524,8291,20
44542,36525,8117,68
44543,36526,8117,41
44544,36527,8117,34
44545,36528,8117,37
44546,36529,8328,55
44547,36530,8328,27
44548,36531,8328,21
44549,36532,8328,29
44550,36533,7839,67
44551,36534,7839,26
44552,36534,7874,8
44553,36535,7874,23
44554,36536,7874,22
44555,36537,8225,33
44556,36537,8260,6
44557,36538,8260,19
44558,36539,8260,24
44559,36540,8260,43
44560,36541,8016,73
44561,36542,8016,33
44562,36543,8016,22
44563,36544,8016,37
44564,36545,7877,74
44565,36545,7912,30
44566,36546,7912,29
44567,36547,7912,21
44568,36548,7912,41
44569,36549,8228,50
44570,36549,8263,52
44571,36550,8263,49
44572,36551,8263,23
44573,36552,8263,39
44574,36553,8159,20
44575,36554,8159,51
44576,36555,8159,35
44577,36556,8159,50
44578,36557,8090,69
44579,36558,8090,35
44580,36559,8090,32
44581,36560,8090,37
44582,36561,8231,42
44583,36562,8231,38
44584,36563,8231,25
44585,36564,8231,28
44586,36565,8442,21
44587,36565,8477,33
44588,36566,8477,26
44589,36567,8477,26
44590,36568,8477,36
44591,36569,7953,62
44592,36570,7953,54
44593,36571,7953,30
44594,36572,7953,39
44595,36572,7988,15
44596,36573,8164,49
44597,36574,8164,26
44598,36575,8164,20
44599,36576,8164,26
44600,36576,8199,27
44601,36577,8305,26
44602,36578,8305,48
44603,36579,8305,52
44604,36580,8305,76
44605,36580,8340,11
44606,36581,8201,26
44607,36581,8236,27
44608,36582,8236,29
44609,36583,8236,42
44610,36584,8236,25
44611,36585,8202,69
44612,36586,8202,29
44613,36587,8202,18
44614,36588,8202,57
44615,36589,8238,69
44616,36590,8238,32
44617,36591,8238,63
44618,36592,8238,37
44619,36593,8169,57
44620,36594,8169,27
44621,36594,8204,9
44622,36595,8204,17
44623,36596,8204,27
44624,36597,8065,51
44625,36598,8065,37
44626,36599,8065,15
44627,36600,8065,41
44628,36601,8101,30
44629,36601,8136,8
44630,36602,8136,53
44631,36603,8136,26
44632,36604,8136,27
44633,36605,8207,55
44634,36606,8207,36
44635,36607,8207,27
44636,36608,8207,59
44637,36609,8173,57
44638,36610,8173,44
44639,36611,8173,21
44640,36612,8173,59
44641,36613,8384,42
44642,36614,8384,49
44643,36615,8384,23
44644,36616,8384,23
44645,36617,8315,56
44646,36618,8315,57
44647,36619,8315,19
44648,36620,8315,21
44649,36621,8141,33
44650,36622,8141,29
44651,36623,8141,13
44652,36623,8176,2
44653,36624,8176,39
44654,36625,8492,8
44655,36625,8527,91
44656,36626,8527,23
44657,36627,8527,25
44658,36627,8562,2
44659,36628,8562,60
44660,36629,8353,35
44661,36630,8353,15
44662,36631,8353,38
44663,36632,8353,4
44664,36632,8388,39
44665,36633,7829,29
44666,36634,7829,31
44667,36635,7829,11
44668,36636,7829,34
44669,36636,7864,17
44670,36637,8250,10
44671,36637,8285,28
44672,36638,8285,24
44673,36639,8285,40
44674,36640,8285,40
44675,36641,8181,40
44676,36642,8181,18
44677,36642,8216,2
44678,36643,8216,43
44679,36644,8216,32
44680,36645,8077,59
44681,36646,8077,30
44682,36647,8077,38
44683,36648,8077,21
44684,36648,8112,34
44685,36649,8288,28
44686,36650,8288,24
44687,36651,8288,50
44688,36652,8288,16
44689,36652,8323,46
44690,36653,8394,48
44691,36654,8394,58
44692,36654,8429,7
44693,36655,8429,22
44694,36656,8429,31
44695,36657,8115,22
44696,36658,8115,39
44697,36659,8115,28
44698,36660,8115,47
44699,36661,8291,4
44700,36661,8326,38
44701,36662,8326,48
44702,36663,8326,27
44703,36664,8326,45
44704,36665,8117,44
44705,36666,8117,43
44706,36667,8117,11
44707,36668,8117,7
44708,36668,8152,40
44709,36669,8328,57
44710,36670,8328,39
44711,36670,8363,17
44712,36671,8363,24
44713,36672,8363,70
44714,36673,7874,51
44715,36674,7874,20
44716,36675,7874,24
44717,36676,7874,15
44718,36676,7909,29
44719,36677,8260,61
44720,36678,8260,45
44721,36679,8260,34
44722,36680,8260,44
44723,36681,8016,60
44724,36681,8051,96
44725,36682,8051,59
44726,36683,8051,43
44727,36684,8051,36
44728,36684,8086,31
44729,36685,7912,108
44730,36685,7947,51
44731,36686,7947,80
44732,36687,7947,68
44733,36688,7947,19
44734,36688,7982,44
44735,36689,8263,64
44736,36690,8263,85
44737,36691,8263,10
44738,36691,8298,35
44739,36692,8298,54
44740,36693,8159,66
44741,36694,8159,38
44742,36694,8194,61
44743,36695,8194,34
44744,36696,8194,53
44745,36697,8090,92
44746,36697,8125,17
44747,36698,8125,132
44748,36699,8125,82
44749,36700,8125,66
44750,36701,8231,61
44751,36702,8231,64
44752,36703,8231,17
44753,36703,8266,58
44754,36704,8266,98
44755,36705,8477,29
44756,36705,8512,138
44757,36705,8547,27
44758,36706,8547,68
44759,36707,8547,33
44760,36708,8547,26
44761,36708,8582,40
44762,36709,7988,103
44763,36710,7988,40
44764,36711,7988,32
44765,36711,8023,23
44766,36712,8023,69
44767,36713,8199,106
44768,36714,8199,40
44769,36715,8199,43
44770,36716,8199,53
44771,36717,8340,46
44772,36718,8340,95
44773,36719,8340,64
44774,36720,8340,62
44775,36720,8375,44
44776,36721,8236,82
44777,36721,8271,3
44778,36722,8271,43
44779,36723,8271,41
44780,36724,8271,76
44781,36725,8202,98
44782,36726,8202,91
44783,36726,8237,7
44784,36727,8237,63
44785,36728,8237,49
44786,36729,8238,14
44787,36729,8273,52
44788,36730,8273,46
44789,36731,8273,41
44790,36732,8273,40
44791,36733,8204,103
44792,36734,8204,73
44793,36735,8204,22
44794,36736,8204,65
44795,36736,8239,49
44796,36737,8065,37
44797,36738,8065,29
44798,36738,8100,67
44799,36739,8100,56
44800,36740,8100,159
44801,36741,8136,177
44802,36741,8171,6
44803,36742,8171,40
44804,36743,8171,42
44805,36744,8171,94
44806,36745,8207,81
44807,36745,8242,18
44808,36746,8242,68
44809,36747,8242,64
44810,36748,8242,129
44811,36749,8173,103
44812,36750,8173,36
44813,36751,8173,27
44814,36751,8208,39
44815,36752,8208,98
44816,36753,8384,52
44817,36754,8384,9
44818,36754,8419,87
44819,36755,8419,63
44820,36756,8419,6
44821,36756,8454,45
44822,36757,8315,56
44823,36757,8350,22
44824,36758,8350,82
44825,36759,8350,72
44826,36760,8350,18
44827,36760,8385,32
44828,36761,8176,77
44829,36762,8176,64
44830,36763,8176,68
44831,36764,8176,42
44832,36765,8562,116
44833,36766,8562,7
44834,36766,8597,47
44835,36767,8597,33
44836,36768,8597,77
44837,36769,8388,118
44838,36770,8388,72
44839,36771,8388,7
44840,36771,8423,88
44841,36772,8423,86
44842,36772,8458,16
44843,36773,7864,99
44844,36774,7864,68
44845,36775,7864,2
44846,36775,7899,35
44847,36776,7899,80
44848,36777,8285,69
44849,36778,8285,27
44850,36778,8320,29
44851,36779,8320,55
44852,36780,8320,60
44853,36781,8216,112
44854,36782,8216,55
44855,36783,8216,3
44856,36783,8251,89
44857,36784,8251,28
44858,36785,8112,39
44859,36786,8112,103
44860,36787,8112,38
44861,36788,8112,61
44862,36789,8323,65
44863,36790,8323,65
44864,36791,8323,64
44865,36791,8358,21
44866,36792,8358,38
44867,36793,8429,48
44868,36793,8464,132
44869,36793,8499,15
44870,36794,8499,75
44871,36795,8499,49
44872,36795,8534,32
44873,36796,8534,45
44874,36797,8115,131
44875,36798,8115,46
44876,36799,8115,33
44877,36799,8150,11
44878,36800,8150,32
44879,36801,8326,79
44880,36801,8361,49
44881,36802,8361,111
44882,36803,8361,36
44883,36804,8361,121
44884,36805,8152,58
44885,36806,8152,73
44886,36807,8152,78
44887,36808,8152,57
44888,36809,8363,68
44889,36810,8363,42
44890,36811,8363,36
44891,36812,8363,31
44892,36812,8398,72
44893,36813,7909,76
44894,36814,7909,68
44895,36815,7909,113
44896,36816,7944,91
44897,36817,8260,5
44898,36817,8295,97
44899,36818,8295,77
44900,36819,8295,48
44901,36819,8330,37
44902,36820,8330,62
44903,36821,8086,140
44904,36822,8086,86
44905,36822,8121,23
44906,36823,8121,53
44907,36824,8121,77
44908,36825,7982,122
44909,36826,7982,29
44910,36826,8017,45
44911,36827,8017,78
44912,36828,8017,54
44913,36828,8052,64
44914,36829,8298,111
44915,36830,8298,39
44916,36830,8333,17
44917,36831,8333,47
44918,36832,8333,211
44919,36833,8194,136
44920,36834,8194,59
44921,36834,8229,9
44922,36835,8229,69
44923,36836,8229,104
44924,36837,8125,55
44925,36837,8160,10
44926,36838,8160,70
44927,36839,8160,171
44928,36840,8160,97
44929,36841,8266,139
44930,36842,8266,12
44931,36842,8301,98
44932,36843,8301,81
44933,36844,8301,174
44934,36844,8336,21
44935,36845,8582,77
44936,36845,8617,129
44937,36846,8617,27
44938,36846,8652,130
44939,36846,8687,1
44940,36847,8687,44
44941,36848,8687,90
44942,36849,8023,157
44943,36850,8023,3
44944,36850,8058,67
44945,36851,8058,73
44946,36852,8058,102
44947,36853,8199,29
44948,36853,8234,64
44949,36854,8234,108
44950,36855,8234,99
44951,36855,8269,3
44952,36856,8269,117
44953,36857,8375,88
44954,36858,8375,103
44955,36859,8375,80
44956,36860,8375,11
44957,36860,8410,110
44958,36861,8271,52
44959,36861,8306,98
44960,36862,8306,173
44961,36862,8341,8
44962,36863,8341,62
44963,36864,8341,47
44964,36865,8237,69
44965,36866,8237,84
44966,36867,8237,49
44967,36868,8237,11
44968,36868,8272,74
44969,36869,8273,166
44970,36870,8273,18
44971,36870,8308,46
44972,36871,8308,108
44973,36872,8308,99
44974,36873,8239,39
44975,36874,8239,87
44976,36875,8239,62
44977,36876,8239,20
44978,36876,8274,65
44979,36877,8100,107
44980,36877,8135,24
44981,36878,8135,103
44982,36879,8135,99
44983,36880,8135,73
44984,36881,8171,88
44985,36882,8171,75
44986,36882,8206,17
44987,36883,8206,46
44988,36884,8206,96
44989,36885,8242,29
44990,36886,8242,10
44991,36886,8277,85
44992,36887,8277,47
44993,36888,8277,197
44994,36889,8208,140
44995,36890,8208,15
44996,36890,8243,52
44997,36891,8243,39
44998,36892,8243,62
44999,36893,8454,89
45000,36894,8454,33
45001,36894,8489,51
45002,36895,8489,53
45003,36896,8489,63
45004,36896,8524,76
45005,36897,8385,117
45006,36898,8385,133
45007,36899,8385,41
45008,36899,8420,63
45009,36900,8420,60
45010,36900,8455,14
45011,36901,8176,3
45012,36901,8211,116
45013,36902,8211,109
45014,36903,8211,7
45015,36903,8246,85
45016,36904,8246,190
45017,36905,8597,55
45018,36905,8632,35
45019,36906,8632,72
45020,36907,8632,67
45021,36907,8667,19
45022,36908,8667,122
45023,36909,8458,76
45024,36910,8458,40
45025,36910,8493,17
45026,36911,8493,89
45027,36912,8493,26
45028,36912,8528,145
45029,36913,7899,68
45030,36913,7934,106
45031,36914,7934,73
45032,36915,7934,2
45033,36915,7969,87
45034,36916,7969,31
45035,36916,8004,85
45036,36917,8320,83
45037,36918,8320,99
45038,36918,8355,22
45039,36919,8355,19
45040,36920,8355,43
45041,36921,8251,56
45042,36922,8251,62
45043,36923,8251,1
45044,36923,8286,91
45045,36924,8286,169
45046,36925,8112,18
45047,36925,8147,241
45048,36926,8147,51
45049,36926,8182,26
45050,36927,8182,100
45051,36928,8182,155
45052,36929,8358,116
45053,36930,8358,95
45054,36931,8358,64
45055,36932,8358,11
45056,36932,8393,60
45057,36933,8534,90
45058,36933,8569,53
45059,36934,8569,21
45060,36934,8604,111
45061,36934,8639,6
45062,36935,8639,51
45063,36936,8639,43
45064,36936,8674,88
45065,36937,8150,82
45066,36938,8150,120
45067,36939,8150,29
45068,36940,8150,31
45069,36940,8185,23
45070,36941,8361,31
45071,36941,8396,166
45072,36942,8396,64
45073,36943,8396,41
45074,36943,8431,24
45075,36944,8431,106
45076,36944,8466,8
45077,36945,8152,49
45078,36945,8187,36
45079,36946,8187,37
45080,36947,8187,37
45081,36948,8187,152
45082,36949,8398,163
45083,36949,8433,23
45084,36950,8433,24
45085,36951,8433,94
45086,36951,8468,17
45087,36952,8468,120
45088,36953,7944,112
45089,36953,7979,13
45090,36954,7979,57
45091,36955,7979,113
45092,36956,7979,87
45093,36956,8014,23
45094,36957,8330,125
45095,36958,8330,56
45096,36958,8365,22
45097,36959,8365,70
45098,36960,8365,121
45099,36961,8121,116
45100,36962,8121,18
45101,36962,8156,69
45102,36963,8156,72
45103,36964,8156,92
45104,36965,8052,60
45105,36966,8052,57
45106,36967,8052,46
45107,36967,8087,17
45108,36968,8087,65
45109,36969,8333,3
45110,36969,8368,84
45111,36970,8368,180
45112,36971,8368,48
45113,36971,8403,1
45114,36972,8403,113
45115,36973,8229,96
45116,36974,8229,29
45117,36974,8264,19
45118,36975,8264,73
45119,36976,8264,80
45120,36977,8160,1
45121,36977,8195,100
45122,36978,8195,67
45123,36979,8195,75
45124,36980,8195,34
45125,36980,8230,73
45126,36981,8336,183
45127,36982,8336,104
45128,36982,8371,26
45129,36983,8371,144
45130,36984,8371,99
45131,36985,8687,7
45132,36985,8722,150
45133,36985,8757,16
45134,36986,8757,88
45135,36987,8757,33
45136,36987,8792,46
45137,36988,8792,155
45138,36988,8827,20
45139,36989,8058,4
45140,36989,8093,103
45141,36990,8093,127
45142,36991,8093,14
45143,36991,8128,34
45144,36992,8128,67
45145,36993,8269,78
45146,36994,8269,36
45147,36994,8304,71
45148,36995,8304,20
45149,36996,8304,59
45150,36997,8410,28
45151,36997,8445,86
45152,36998,8445,73
45153,36999,8445,17
45154,36999,8480,43
45155,37000,8480,101
45156,37000,8515,38
45157,37001,8341,152
45158,37002,8341,87
45159,37002,8376,6
45160,37003,8376,56
45161,37004,8376,249
45162,37005,8272,135
45163,37006,8272,65
45164,37006,8307,80
45165,37007,8307,47
45166,37008,8307,164
45167,37009,8308,9
45168,37009,8343,135
45169,37010,8343,45
45170,37011,8343,59
45171,37011,8378,1
45172,37012,8378,72
45173,37013,8274,140
45174,37014,8274,30
45175,37014,8309,43
45176,37015,8309,56
45177,37016,8309,75
45178,37017,8135,86
45179,37017,8170,18
45180,37018,8170,108
45181,37019,8170,48
45182,37020,8170,85
45183,37021,8206,96
45184,37022,8206,119
45185,37023,8206,20
45186,37023,8241,36
45187,37024,8241,52
45188,37025,8277,70
45189,37025,8312,42
45190,37026,8312,42
45191,37027,8312,36
45192,37028,8312,79
45193,37029,8243,163
45194,37029,8278,2
45195,37030,8278,90
45196,37031,8278,36
45197,37032,8278,99
45198,37033,8524,36
45199,37033,8559,77
45200,37034,8559,45
45201,37034,8594,42
45202,37035,8594,86
45203,37036,8594,22
45204,37036,8629,109
45205,37037,8455,109
45206,37037,8490,21
45207,37038,8490,67
45208,37039,8490,26
45209,37039,8525,53
45210,37040,8525,101
45211,37040,8560,24
45212,37041,8246,9
45213,37041,8281,88
45214,37042,8281,74
45215,37043,8281,66
45216,37044,8281,49
45217,37044,8316,42
45218,37045,8702,55
45219,37046,8702,59
45220,37046,8737,104
45221,37047,8737,47
45222,37048,8737,10
45223,37048,8772,127
45224,37049,8528,13
45225,37049,8563,102
45226,37050,8563,12
45227,37050,8598,47
45228,37051,8598,41
45229,37052,8598,49
45230,37052,8633,59
45231,37053,8004,137
45232,37054,8004,7
45233,37054,8039,114
45234,37055,8039,74
45235,37056,8074,124
45236,37057,8355,99
45237,37058,8355,42
45238,37059,8355,56
45239,37060,8355,65
45240,37060,8390,69
45241,37061,8286,83
45242,37061,8321,106
45243,37062,8321,107
45244,37063,8321,57
45245,37064,8321,63
45246,37064,8356,78
45247,37065,8182,100
45248,37065,8217,22
45249,37066,8217,118
45250,37067,8217,83
45251,37068,8217,35
45252,37068,8252,77
45253,37069,8393,134
45254,37070,8393,80
45255,37071,8393,15
45256,37071,8428,58
45257,37072,8428,43
45258,37073,8674,69
45259,37073,8709,118
45260,37073,8744,3
45261,37074,8744,103
45262,37075,8744,42
45263,37075,8779,53
45264,37076,8779,82
45265,37076,8814,6
45266,37077,8185,72
45267,37078,8185,57
45268,37079,8185,54
45269,37080,8185,84
45270,37081,8466,94
45271,37082,8466,99
45272,37082,8501,12
45273,37083,8501,52
45274,37084,8501,73
45275,37084,8536,34
45276,37085,8187,29
45277,37085,8222,23
45278,37086,8222,88
45279,37087,8222,79
45280,37088,8222,84
45281,37089,8468,51
45282,37089,8503,29
45283,37090,8503,44
45284,37091,8503,41
45285,37092,8503,12
45286,37092,8538,78
45287,37093,8014,126
45288,37094,8014,70
45289,37094,8049,28
45290,37095,8049,91
45291,37096,8049,70
45292,37097,8365,122
45293,37097,8400,4
45294,37098,8400,79
45295,37099,8400,62
45296,37100,8400,136
45297,37101,8156,80
45298,37101,8191,44
45299,37102,8191,51
45300,37103,8191,20
45301,37104,8191,51
45302,37105,8087,39
45303,37106,8087,38
45304,37107,8087,47
45305,37108,8087,73
45306,37108,8122,12
45307,37109,8403,37
45308,37109,8438,33
45309,37110,8438,25
45310,37111,8438,27
45311,37112,8438,13
45312,37112,8473,57
45313,37113,8264,72
45314,37114,8264,58
45315,37115,8264,33
45316,37115,8299,23
45317,37116,8299,38
45318,37117,8230,93
45319,37118,8230,42
45320,37119,8230,27
45321,37120,8230,43
45322,37121,8371,56
45323,37121,8406,11
45324,37122,8406,9
45325,37123,8406,51
45326,37124,8406,30
45327,37125,8827,92
45328,37126,8827,37
45329,37127,8827,16
45330,37127,8862,21
45331,37128,8862,46
45332,37129,8128,101
45333,37130,8128,41
45334,37131,8128,16
45335,37131,8163,6
45336,37132,8163,59
45337,37133,8304,75
45338,37134,8304,59
45339,37135,8339,55
45340,37136,8339,53
45341,37137,8515,53
45342,37138,8515,16
45343,37138,8550,18
45344,37139,8550,22
45345,37140,8550,52
45346,37141,8376,26
45347,37141,8411,49
45348,37142,8411,48
45349,37143,8411,48
45350,37144,8411,19
45351,37144,8446,52
45352,37145,8307,28
45353,37145,8342,44
45354,37146,8342,53
45355,37147,8342,84
45356,37148,8342,48
45357,37149,8378,58
45358,37150,8378,58
45359,37151,8378,14
45360,37152,8378,61
45361,37153,8309,35
45362,37154,8309,24
45363,37155,8309,16
45364,37156,8309,42
45365,37156,8344,22
45366,37157,8170,39
45367,37158,8170,48
45368,37158,8205,8
45369,37159,8205,44
45370,37160,8205,46
45371,37161,8241,62
45372,37162,8241,28
45373,37163,8241,33
45374,37164,8241,45
45375,37164,8276,8
45376,37165,8312,65
45377,37166,8312,30
45378,37167,8312,41
45379,37168,8312,2
45380,37168,8347,25
45381,37169,8278,2
45382,37169,8313,77
45383,37170,8313,29
45384,37171,8313,28
45385,37172,8313,37
45386,37173,8629,44
45387,37174,8629,2
45388,37174,8664,46
45389,37175,8664,55
45390,37176,8664,36
45391,37177,8560,72
45392,37178,8560,30
45393,37178,8595,15
45394,37179,8595,72
45395,37180,8595,40
45396,37181,8316,72
45397,37182,8316,31
45398,37183,8316,65
45399,37184,8316,23
45400,37184,8351,39
45401,37185,8772,24
45402,37185,8807,73
45403,37186,8807,37
45404,37186,8842,10
45405,37187,8842,28
45406,37188,8842,37
45407,37189,8633,64
45408,37190,8633,12
45409,37191,8633,24
45410,37192,8633,25
45411,37192,8668,41
45412,37193,8074,89
45413,37194,8074,21
45414,37195,8074,30
45415,37196,8074,24
45416,37196,8109,12
45417,37197,8390,63
45418,37198,8390,24
45419,37199,8390,34
45420,37199,8425,3
45421,37200,8425,76
45422,37201,8356,70
45423,37202,8356,58
45424,37203,8356,27
45425,37204,8356,49
45426,37205,8252,34
45427,37206,8252,56
45428,37207,8252,50
45429,37208,8252,65
45430,37208,8287,11
45431,37209,8428,65
45432,37210,8428,20
45433,37210,8463,7
45434,37211,8463,22
45435,37212,8463,52
45436,37213,8814,80
45437,37214,8814,88
45438,37215,8814,9
45439,37215,8849,41
45440,37216,8849,23
45441,37217,8185,37
45442,37217,8220,81
45443,37218,8220,17
45444,37219,8220,24
45445,37220,8220,84
45446,37221,8536,54
45447,37222,8536,76
45448,37222,8571,27
45449,37223,8571,33
45450,37224,8571,35
45451,37225,8222,51
45452,37225,8257,27
45453,37226,8257,36
45454,37227,8257,30
45455,37228,8257,68
45456,37229,8538,68
45457,37229,8573,11
45458,37230,8573,67
45459,37231,8573,66
45460,37231,8608,10
45461,37232,8608,65
45462,37233,8049,20
45463,37233,8084,42
45464,37234,8084,42
45465,37235,8084,51
45466,37236,8084,47
45467,37237,8400,33
45468,37237,8435,22
45469,37238,8435,69
45470,37239,8435,43
45471,37239,8470,5
45472,37240,8470,69
45473,37241,8191,55
45474,37242,8191,36
45475,37243,8191,22
45476,37243,8226,10
45477,37244,8226,28
45478,37245,8122,114
45479,37246,8122,51
45480,37247,8122,64
45481,37248,8122,77
45482,37248,8157,2
45483,37249,8473,57
45484,37250,8473,19
45485,37250,8508,42
45486,37251,8508,25
45487,37252,8508,65
45488,37252,8543,3
45489,37253,8299,75
45490,37254,8299,45
45491,37255,8299,33
45492,37256,8299,71
45493,37257,8230,3
45494,37257,8265,54
45495,37258,8265,56
45496,37259,8265,40
45497,37260,8265,45
45498,37261,8406,51
45499,37262,8406,2
45500,37262,8441,81
45501,37263,8441,69
45502,37264,8441,21
45503,37265,8862,48
45504,37266,8862,33
45505,37266,8897,36
45506,37267,8897,34
45507,37268,8897,33
45508,37269,8163,48
45509,37270,8163,43
45510,37271,8163,56
45511,37272,8163,12
45512,37273,8339,88
45513,37273,8374,16
45514,37274,8374,56
45515,37275,8374,26
45516,37276,8374,51
45517,37277,8550,21
45518,37277,8585,35
45519,37278,8585,40
45520,37279,8585,29
45521,37280,8585,40
45522,37280,8620,26
45523,37281,8446,104
45524,37282,8446,12
45525,37282,8481,14
45526,37283,8481,43
45527,37284,8481,53
45528,37285,8342,29
45529,37285,8377,41
45530,37286,8377,56
45531,37287,8377,20
45532,37288,8377,100
45533,37289,8378,61
45534,37289,8413,13
45535,37290,8413,50
45536,37291,8413,64
45537,37292,8413,16
45538,37292,8448,33
45539,37293,8344,38
45540,37294,8344,42
45541,37295,8344,34
45542,37296,8344,43
45543,37297,8205,116
45544,37298,8205,37
45545,37299,8205,52
45546,37300,8205,8
45547,37300,8240,89
45548,37301,8276,79
45549,37302,8276,68
45550,37303,8276,51
45551,37304,8276,36
45552,37305,8347,71
45553,37306,8347,53
45554,37307,8347,37
45555,37308,8347,49
45556,37309,8313,45
45557,37310,8313,41
45558,37311,8313,17
45559,37311,8348,23
45560,37312,8348,46
45561,37313,8664,23
45562,37313,8699,24
45563,37314,8699,49
45564,37315,8699,9
45565,37316,8699,35
45566,37317,8595,23
45567,37318,8595,26
45568,37318,8630,30
45569,37319,8630,15
45570,37320,8630,49
45571,37321,8351,92
45572,37322,8351,31
45573,37323,8351,19
45574,37324,8351,60
45575,37325,8842,46
45576,37326,8842,38
45577,37327,8842,42
45578,37328,8842,6
45579,37328,8877,24
45580,37329,8668,54
45581,37330,8668,38
45582,37330,8703,25
45583,37331,8703,20
45584,37332,8703,31
45585,37333,8109,46
45586,37334,8109,19
45587,37335,8109,36
45588,37336,8109,40
45589,37337,8425,95
45590,37337,8460,31
45591,37338,8460,31
45592,37339,8460,29
45593,37340,8460,56
45594,37341,8356,38
45595,37341,8391,39
45596,37342,8391,50
45597,37343,8391,34
45598,37344,8391,35
45599,37345,8287,72
45600,37346,8287,39
45601,37347,8287,29
45602,37348,8287,50
45603,37349,8463,47
45604,37350,8463,39
45605,37350,8498,8
45606,37351,8498,43
45607,37352,8498,32
45608,37353,8849,38
45609,37354,8849,18
45610,37355,8849,33
45611,37355,8884,9
45612,37356,8884,56
45613,37357,8220,50
45614,37357,8255,7
45615,37358,8255,38
45616,37359,8255,68
45617,37360,8255,45
45618,37361,8571,61
45619,37361,8606,71
45620,37362,8606,32
45621,37363,8606,38
45622,37364,8606,23
45623,37364,8641,39
45624,37365,8257,64
45625,37366,8257,21
45626,37367,8257,21
45627,37368,8257,61
45628,37369,8608,40
45629,37370,8608,30
45630,37371,8608,2
45631,37371,8643,40
45632,37372,8643,39
45633,37373,8084,61
45634,37374,8084,42
45635,37374,8119,11
45636,37375,8119,16
45637,37376,8119,31
45638,37377,8470,57
45639,37378,8470,27
45640,37378,8505,14
45641,37379,8505,43
45642,37380,8505,80
45643,37381,8226,58
45644,37382,8226,65
45645,37383,8226,12
45646,37384,8226,65
45647,37385,8157,63
45648,37386,8157,41
45649,37387,8157,32
45650,37388,8157,79
45651,37389,8543,26
45652,37390,8543,62
45653,37391,8543,40
45654,37391,8578,10
45655,37392,8578,74
45656,37393,8299,87
45657,37394,8299,5
45658,37394,8334,25
45659,37395,8334,51
45660,37396,8334,41
45661,37397,8265,53
45662,37398,8265,34
45663,37399,8265,15
45664,37399,8300,20
45665,37400,8300,88
45666,37401,8441,12
45667,37401,8476,43
45668,37402,8476,55
45669,37403,8476,18
45670,37403,8511,8
45671,37404,8511,76
45672,37405,8897,35
45673,37406,8897,66
45674,37407,8897,28
45675,37407,8932,2
45676,37408,8932,47
45677,37409,8163,1
45678,37409,8198,37
45679,37410,8198,68
45680,37411,8198,42
45681,37412,8198,23
45682,37413,8374,56
45683,37413,8409,90
45684,37414,8409,33
45685,37414,8444,39
45686,37415,8444,46
45687,37416,8444,44
45688,37417,8620,85
45689,37418,8620,32
45690,37418,8655,34
45691,37419,8655,67
45692,37420,8655,46
45693,37420,8690,17
45694,37421,8481,21
45695,37421,8516,66
45696,37422,8516,76
45697,37423,8516,10
45698,37423,8551,43
45699,37424,8551,99
45700,37424,8586,14
45701,37425,8377,30
45702,37425,8412,41
45703,37426,8412,74
45704,37427,8412,42
45705,37428,8412,12
45706,37428,8447,68
45707,37429,8448,33
45708,37430,8448,42
45709,37430,8483,41
45710,37431,8483,47
45711,37432,8483,37
45712,37433,8344,90
45713,37433,8379,3
45714,37434,8379,96
45715,37435,8379,53
45716,37436,8379,48
45717,37437,8240,62
45718,37438,8240,45
45719,37439,8240,28
45720,37439,8275,15
45721,37440,8275,89
45722,37441,8276,56
45723,37442,8276,29
45724,37443,8276,7
45725,37443,8311,27
45726,37444,8311,115
45727,37445,8347,26
45728,37445,8382,4
45729,37446,8382,34
45730,37447,8382,49
45731,37448,8382,36
45732,37449,8348,66
45733,37450,8348,23
45734,37451,8348,34
45735,37452,8348,51
45736,37453,8699,58
45737,37453,8734,89
45738,37454,8734,61
45739,37455,8734,29
45740,37455,8769,23
45741,37456,8769,45
45742,37457,8630,12
45743,37457,8665,55
45744,37458,8665,33
45745,37459,8665,29
45746,37460,8665,19
45747,37460,8700,53
45748,37461,8351,61
45749,37462,8351,14
45750,37462,8386,67
45751,37463,8386,39
45752,37464,8386,26
45753,37465,8877,90
45754,37466,8877,31
45755,37466,8912,37
45756,37467,8912,44
45757,37468,8912,33
45758,37469,8703,75
45759,37470,8703,24
45760,37470,8738,18
45761,37471,8738,50
45762,37472,8738,41
45763,37473,8109,77
45764,37474,8109,75
45765,37475,8109,35
45766,37475,8144,4
45767,37476,8144,43
45768,37477,8495,96
45769,37477,8530,18
45770,37478,8530,59
45771,37479,8530,32
45772,37480,8530,30
45773,37480,8565,16
45774,37481,8391,109
45775,37482,8391,20
45776,37482,8426,70
45777,37483,8426,26
45778,37484,8426,36
45779,37484,8461,17
45780,37485,8287,83
45781,37486,8287,12
45782,37487,8287,45
45783,37488,8287,1
45784,37488,8322,46
45785,37489,8498,53
45786,37490,8498,1
45787,37490,8533,56
45788,37491,8533,15
45789,37492,8533,26
45790,37492,8568,9
45791,37493,8884,96
45792,37494,8884,17
45793,37494,8919,17
45794,37495,8919,44
45795,37496,8919,63
45796,37497,8255,51
45797,37498,8255,36
45798,37499,8255,85
45799,37499,8290,21
45800,37500,8290,30
45801,37501,8641,46
45802,37502,8641,38
45803,37503,8641,21
45804,37504,8641,24
45805,37504,8676,57
45806,37505,8257,1
45807,37505,8292,103
45808,37506,8292,66
45809,37507,8292,48
45810,37508,8292,94
45811,37509,8643,25
45812,37509,8678,64
45813,37510,8678,49
45814,37511,8678,29
45815,37511,8713,1
45816,37512,8713,44
45817,37513,8119,65
45818,37514,8119,44
45819,37515,8119,44
45820,37516,8119,57
45821,37517,8505,33
45822,37517,8540,21
45823,37518,8540,50
45824,37519,8540,53
45825,37520,8540,28
45826,37520,8575,38
45827,37521,8226,47
45828,37521,8261,82
45829,37522,8261,26
45830,37523,8261,55
45831,37524,8261,73
45832,37524,8296,18
45833,37525,8157,72
45834,37526,8157,23
45835,37526,8192,90
45836,37527,8192,86
45837,37528,8192,65
45838,37529,8578,31
45839,37529,8613,124
45840,37530,8613,38
45841,37530,8648,59
45842,37531,8648,35
45843,37532,8648,55
45844,37532,8683,10
45845,37533,8334,87
45846,37534,8334,84
45847,37535,8334,40
45848,37536,8334,57
45849,37537,8300,76
45850,37537,8335,8
45851,37538,8335,102
45852,37539,8335,56
45853,37540,8335,40
45854,37541,8511,35
45855,37541,8546,13
45856,37542,8546,52
45857,37543,8546,50
45858,37544,8546,19
45859,37544,8581,35
45860,37545,8932,61
45861,37546,8932,63
45862,37546,8967,45
45863,37547,8967,63
45864,37548,8967,35
45865,37548,9002,76
45866,37549,8198,66
45867,37549,8233,18
45868,37550,8233,51
45869,37551,8233,52
45870,37552,8233,79
45871,37553,8444,33
45872,37553,8479,68
45873,37554,8479,29
45874,37555,8479,33
45875,37556,8479,63
45876,37556,8514,28
45877,37557,8690,65
45878,37558,8690,46
45879,37559,8690,37
45880,37560,8690,28
45881,37560,8725,27
45882,37561,8586,113
45883,37562,8586,29
45884,37562,8621,32
45885,37563,8621,38
45886,37564,8621,51
45887,37564,8656,5
45888,37565,8447,55
45889,37566,8447,6
45890,37566,8482,53
45891,37567,8482,38
45892,37567,8517,16
45893,37568,8517,157
45894,37568,8552,8
45895,37569,8483,3
45896,37569,8518,68
45897,37570,8518,40
45898,37571,8518,29
45899,37571,8553,3
45900,37572,8553,48
45901,37573,8379,82
45902,37573,8414,27
45903,37574,8414,73
45904,37575,8414,22
45905,37575,8449,20
45906,37576,8449,53
45907,37577,8275,85
45908,37578,8275,32
45909,37579,8275,74
45910,37580,8275,27
45911,37580,8310,82
45912,37581,8311,33
45913,37582,8311,46
45914,37583,8311,93
45915,37584,8311,28
45916,37585,8382,58
45917,37586,8382,43
45918,37587,8382,2
45919,37587,8417,33
45920,37588,8417,49
45921,37589,8348,31
45922,37589,8383,53
45923,37590,8383,34
45924,37591,8383,49
45925,37592,8383,51
45926,37593,8769,60
45927,37593,8804,20
45928,37594,8804,91
45929,37595,8804,11
45930,37596,8804,45
45931,37596,8839,26
45932,37597,8700,62
45933,37597,8735,22
45934,37598,8735,30
45935,37599,8735,19
45936,37600,8735,54
45937,37601,8386,82
45938,37602,8386,42
45939,37603,8386,43
45940,37604,8386,4
45941,37604,8421,67
45942,37605,8912,79
45943,37605,8947,24
45944,37606,8947,60
45945,37607,8947,54
45946,37608,8947,5
45947,37608,8982,33
45948,37609,8738,49
45949,37609,8773,56
45950,37610,8773,34
45951,37611,8773,51
45952,37612,8773,12
45953,37612,8808,61
45954,37613,8144,77
45955,37614,8144,76
45956,37615,8144,32
45957,37616,8144,55
45958,37617,8565,77
45959,37618,8565,69
45960,37618,8600,18
45961,37619,8600,33
45962,37620,8600,60
45963,37620,8635,18
45964,37621,8461,74
45965,37622,8461,32
45966,37622,8496,39
45967,37623,8496,29
45968,37624,8496,48
45969,37625,8322,86
45970,37626,8322,74
45971,37627,8322,33
45972,37628,8322,63
45973,37628,8357,37
45974,37629,8568,118
45975,37630,8568,20
45976,37630,8603,32
45977,37631,8603,36
45978,37632,8603,25
45979,37633,8919,6
45980,37633,8954,98
45981,37634,8954,77
45982,37635,8954,41
45983,37635,8989,28
45984,37636,8989,29
45985,37637,8290,92
45986,37638,8290,72
45987,37639,8290,2
45988,37639,8325,29
45989,37640,8325,95
45990,37641,8676,86
45991,37642,8676,9
45992,37642,8711,26
45993,37643,8711,34
45994,37644,8711,102
45995,37645,8292,18
45996,37645,8327,52
45997,37646,8327,45
45998,37647,8327,43
45999,37648,8327,99
46000,37649,8713,147
46001,37650,8713,8
46002,37650,8748,49
46003,37651,8748,31
46004,37652,8748,47
46005,37653,8119,23
46006,37653,8154,47
46007,37654,8154,28
46008,37655,8154,33
46009,37656,8154,76
46010,37657,8575,84
46011,37657,8610,12
46012,37658,8610,66
46013,37659,8610,49
46014,37660,8610,41
46015,37660,8645,27
46016,37661,8296,75
46017,37662,8296,69
46018,37663,8296,44
46019,37663,8331,29
46020,37664,8331,101
46021,37665,8192,90
46022,37666,8192,30
46023,37667,8192,52
46024,37667,8227,37
46025,37668,8227,75
46026,37669,8683,106
46027,37670,8683,27
46028,37670,8718,13
46029,37671,8718,46
46030,37672,8718,70
46031,37672,8753,29
46032,37673,8334,6
46033,37673,8369,56
46034,37674,8369,61
46035,37675,8369,78
46036,37676,8369,63
46037,37676,8404,14
46038,37677,8335,132
46039,37678,8335,8
46040,37678,8370,76
46041,37679,8370,25
46042,37680,8370,68
46043,37681,8581,86
46044,37682,8581,13
46045,37682,8616,78
46046,37683,8616,58
46047,37683,8651,33
46048,37684,8651,77
46049,37685,9002,77
46050,37686,9002,21
46051,37686,9037,30
46052,37687,9037,47
46053,37688,9037,72
46054,37689,8233,133
46055,37689,8268,28
46056,37690,8268,53
46057,37691,8268,61
46058,37692,8268,120
46059,37693,8514,98
46060,37694,8514,4
46061,37694,8549,92
46062,37695,8549,50
46063,37695,8584,9
46064,37696,8584,53
46065,37697,8725,89
46066,37698,8725,66
46067,37699,8725,15
46068,37699,8760,32
46069,37700,8760,97
46070,37701,8656,15
46071,37702,8656,96
46072,37702,8691,11
46073,37703,8691,36
46074,37704,8691,86
46075,37704,8726,27
46076,37705,8552,54
46077,37706,8552,25
46078,37707,8552,67
46079,37707,8587,2
46080,37708,8587,107
46081,37709,8553,54
46082,37710,8553,51
46083,37711,8553,23
46084,37711,8588,33
46085,37712,8588,61
46086,37713,8449,90
46087,37713,8484,8
46088,37714,8484,37
46089,37715,8484,67
46090,37716,8484,41
46091,37716,8519,21
46092,37717,8310,114
46093,37718,8310,57
46094,37718,8345,22
46095,37719,8345,105
46096,37720,8345,45
46097,37721,8311,39
46098,37721,8346,62
46099,37722,8346,110
46100,37723,8346,33
46101,37724,8346,88
46102,37725,8417,81
46103,37725,8452,37
46104,37726,8452,37
46105,37727,8452,53
46106,37728,8452,76
46107,37728,8487,25
46108,37729,8383,93
46109,37730,8383,70
46110,37730,8418,30
46111,37731,8418,42
46112,37732,8418,53
46113,37733,8839,105
46114,37734,8839,34
46115,37734,8874,78
46116,37735,8874,82
46117,37736,8874,17
46118,37736,8909,46
46119,37737,8735,6
46120,37737,8770,104
46121,37738,8770,37
46122,37738,8805,29
46123,37739,8805,57
46124,37740,8805,77
46125,37740,8840,105
46126,37741,8421,61
46127,37742,8421,26
46128,37742,8456,65
46129,37743,8456,47
46130,37744,8456,56
46131,37745,8982,125
46132,37745,9017,1
46133,37746,9017,42
46134,37747,9017,61
46135,37748,9017,88
46136,37748,9052,20
46137,37749,8808,53
46138,37750,8808,51
46139,37751,8808,31
46140,37751,8843,27
46141,37752,8843,50
46142,37753,8144,134
46143,37754,8144,12
46144,37754,8179,28
46145,37755,8179,31
46146,37756,8179,129
46147,37757,8635,92
46148,37758,8635,42
46149,37758,8670,72
46150,37759,8670,29
46151,37760,8670,82
46152,37761,8496,38
46153,37761,8531,149
46154,37762,8531,44
46155,37763,8531,8
46156,37763,8566,74
46157,37764,8566,133
46158,37765,8357,75
46159,37766,8357,97
46160,37767,8357,68
46161,37768,8357,52
46162,37768,8392,9
46163,37769,8603,14
46164,37769,8638,71
46165,37770,8638,47
46166,37770,8673,54
46167,37771,8673,56
46168,37772,8673,48
46169,37773,8989,67
46170,37773,9024,58
46171,37774,9024,44
46172,37775,9024,57
46173,37776,9024,45
46174,37776,9059,20
46175,37777,8325,56
46176,37778,8325,63
46177,37779,8325,15
46178,37779,8360,72
46179,37780,8360,105
46180,37781,8711,27
46181,37781,8746,102
46182,37782,8746,30
46183,37782,8781,40
46184,37783,8781,53
46185,37784,8781,65
46186,37785,8327,65
46187,37786,8327,21
46188,37786,8362,31
46189,37787,8362,73
46190,37788,8362,78
46191,37789,8748,16
46192,37789,8783,104
46193,37790,8783,93
46194,37791,8783,17
46195,37791,8818,31
46196,37792,8818,131
46197,37793,8154,107
46198,37794,8154,18
46199,37794,8189,77
46200,37795,8189,63
46201,37796,8189,101
46202,37797,8645,121
46203,37797,8680,28
46204,37798,8680,61
46205,37799,8680,75
46206,37800,8680,16
46207,37800,8715,61
46208,37801,8331,73
46209,37802,8331,84
46210,37803,8331,30
46211,37803,8366,61
46212,37804,8366,88
46213,37805,8227,82
46214,37805,8262,44
46215,37806,8262,101
46216,37807,8262,64
46217,37808,8262,90
46218,37809,8753,89
46219,37810,8753,91
46220,37810,8788,10
46221,37811,8788,60
46222,37812,8788,90
46223,37813,8404,84
46224,37814,8404,64
46225,37814,8439,43
46226,37815,8439,63
46227,37816,8439,38
46228,37816,8474,15
46229,37817,8370,75
46230,37817,8405,77
46231,37818,8405,58
46232,37818,8440,54
46233,37819,8440,36
46234,37820,8440,35
46235,37820,8475,106
46236,37821,8651,21
46237,37821,8686,142
46238,37822,8686,46
46239,37822,8721,68
46240,37823,8721,47
46241,37824,8721,72
46242,37824,8756,100
46243,37825,9037,21
46244,37825,9072,69
46245,37826,9072,100
46246,37827,9072,39
46247,37827,9107,41
46248,37828,9107,69
46249,37829,8268,36
46250,37829,8303,70
46251,37830,8303,111
46252,37831,8303,85
46253,37831,8338,3
46254,37832,8338,114
46255,37833,8584,58
46256,37833,8619,112
46257,37834,8619,38
46258,37834,8654,48
46259,37835,8654,64
46260,37836,8654,21
46261,37836,8689,84
46262,37837,8760,14
46263,37837,8795,112
46264,37838,8795,57
46265,37839,8795,17
46266,37839,8830,55
46267,37840,8830,86
46268,37840,8865,2
46269,37841,8726,82
46270,37842,8726,2
46271,37842,8761,75
46272,37843,8761,54
46273,37844,8761,42
46274,37844,8796,104
46275,37845,8587,4
46276,37845,8622,133
46277,37845,8657,20
46278,37846,8657,73
46279,37847,8657,33
46280,37847,8692,5
46281,37848,8692,134
46282,37848,8727,14
46283,37849,8588,95
46284,37849,8623,14
46285,37850,8623,90
46286,37850,8658,55
46287,37851,8658,38
46288,37852,8658,61
46289,37852,8693,33
46290,37853,8519,56
46291,37854,8519,62
46292,37855,8519,26
46293,37855,8554,57
46294,37856,8554,65
46295,37857,8345,101
46296,37857,8380,26
46297,37858,8380,41
46298,37859,8380,101
46299,37860,8380,103
46300,37861,8346,5
46301,37861,8381,110
46302,37862,8381,82
46303,37863,8381,51
46304,37863,8416,7
46305,37864,8416,96
46306,37864,8451,83
46307,37865,8487,79
46308,37865,8522,123
46309,37865,8557,9
46310,37866,8557,45
46311,37867,8557,41
46312,37868,8557,41
46313,37868,8592,68
46314,37869,8418,25
46315,37869,8453,126
46316,37870,8453,26
46317,37870,8488,14
46318,37871,8488,61
46319,37872,8488,40
46320,37873,8909,70
46321,37874,8909,44
46322,37874,8944,12
46323,37875,8944,63
46324,37876,8944,34
46325,37876,8979,8
46326,37877,8840,71
46327,37877,8875,107
46328,37878,8875,36
46329,37878,8910,61
46330,37879,8910,42
46331,37880,8910,109
46332,37880,8945,27
46333,37881,8456,15
46334,37881,8491,50
46335,37882,8491,32
46336,37883,8491,28
46337,37883,8526,57
46338,37884,8526,76
46339,37884,8561,11
46340,37885,9052,113
46341,37886,9052,55
46342,37886,9087,92
46343,37887,9087,42
46344,37888,9087,62
46345,37888,9122,72
46346,37889,8843,93
46347,37889,8878,34
46348,37890,8878,53
46349,37891,8878,98
46350,37891,8913,37
46351,37892,8913,136
46352,37893,8179,16
46353,37893,8214,109
46354,37894,8214,122
46355,37894,8249,66
46356,37895,8249,46
46357,37896,8249,89
46358,37897,8670,6
46359,37897,8705,131
46360,37897,8740,48
46361,37898,8740,108
46362,37899,8740,23
46363,37899,8775,71
46364,37900,8775,112
46365,37900,8810,47
46366,37901,8566,25
46367,37901,8601,98
46368,37902,8601,16
46369,37902,8636,48
46370,37903,8636,72
46371,37904,8636,73
46372,37904,8671,35
46373,37905,8392,129
46374,37906,8392,105
46375,37907,8392,41
46376,37907,8427,7
46377,37908,8427,116
46378,37909,8673,16
46379,37909,8708,145
46380,37910,8708,15
46381,37910,8743,118
46382,37911,8743,38
46383,37911,8778,45
46384,37912,8778,70
46385,37913,9059,126
46386,37914,9059,39
46387,37915,9094,72
46388,37916,9094,71
46389,37917,8360,101
46390,37917,8395,13
46391,37918,8395,103
46392,37919,8395,78
46393,37920,8395,102
46394,37921,8781,13
46395,37921,8816,95
46396,37922,8816,62
46397,37922,8851,21
46398,37923,8851,61
46399,37924,8851,82
46400,37924,8886,13
46401,37925,8362,99
46402,37926,8362,19
46403,37926,8397,151
46404,37927,8397,53
46405,37928,8397,21
46406,37928,8432,107
46407,37928,8467,8
46408,37929,8818,20
46409,37929,8853,58
46410,37930,8853,93
46411,37931,8853,16
46412,37931,8888,61
46413,37932,8888,39
46414,37932,8923,93
46415,37933,8189,57
46416,37933,8224,132
46417,37934,8224,46
46418,37935,8224,54
46419,37936,8224,121
46420,37936,8259,38
46421,37937,8715,56
46422,37937,8750,116
46423,37938,8750,24
46424,37938,8785,40
46425,37939,8785,105
46426,37940,8785,63
46427,37940,8820,49
46428,37941,8366,89
46429,37942,8366,25
46430,37942,8401,74
46431,37943,8401,30
46432,37943,8436,59
46433,37944,8436,105
46434,37945,8262,29
46435,37945,8297,80
46436,37946,8297,168
46437,37947,8297,32
46438,37947,8332,36
46439,37948,8332,24
46440,37949,8788,30
46441,37949,8823,56
46442,37950,8823,59
46443,37951,8823,44
46444,37951,8858,40
46445,37952,8858,112
46446,37952,8893,33
46447,37953,8474,145
46448,37953,8509,18
46449,37954,8509,58
46450,37955,8509,58
46451,37955,8544,5
46452,37956,8544,55
46453,37957,8475,28
46454,37957,8510,107
46455,37957,8545,24
46456,37958,8545,63
46457,37959,8545,35
46458,37960,8545,40
46459,37960,8580,61
46460,37961,8756,35
46461,37961,8791,89
46462,37962,8791,73
46463,37962,8826,21
46464,37963,8826,53
46465,37964,8826,92
46466,37965,9107,82
46467,37965,9142,17
46468,37966,9142,94
46469,37967,9142,107
46470,37968,9142,34
46471,37968,9177,83
46472,37969,8338,98
46473,37970,8338,32
46474,37970,8373,26
46475,37971,8373,78
46476,37972,8373,76
46477,37973,8689,56
46478,37974,8689,8
46479,37974,8724,56
46480,37975,8724,59
46481,37976,8724,55
46482,37976,8759,20
46483,37977,8865,173
46484,37978,8865,4
46485,37978,8900,26
46486,37979,8900,67
46487,37980,8900,78
46488,37981,8796,72
46489,37981,8831,48
46490,37982,8831,79
46491,37983,8831,21
46492,37983,8866,61
46493,37984,8866,99
46494,37984,8901,32
46495,37985,8727,111
46496,37985,8762,4
46497,37986,8762,66
46498,37987,8762,93
46499,37987,8797,3
46500,37988,8797,117
46501,37989,8693,86
46502,37990,8693,14
46503,37990,8728,121
46504,37991,8728,61
46505,37992,8728,12
46506,37992,8763,38
46507,37993,8554,31
46508,37993,8589,61
46509,37994,8589,58
46510,37995,8589,69
46511,37996,8589,7
46512,37996,8624,94
46513,37997,8380,80
46514,37997,8415,26
46515,37998,8415,83
46516,37999,8415,29
46517,37999,8450,1
46518,38000,8450,50
46519,38001,8451,51
46520,38001,8486,35
46521,38002,8486,85
46522,38003,8486,55
46523,38003,8521,22
46524,38004,8521,50
46525,38005,8592,85
46526,38006,8592,19
46527,38006,8627,80
46528,38007,8627,41
46529,38008,8627,36
46530,38008,8662,79
46531,38009,8488,115
46532,38009,8523,26
46533,38010,8523,64
46534,38011,8523,18
46535,38011,8558,40
46536,38012,8558,90
46537,38013,8979,67
46538,38014,8979,88
46539,38014,9014,42
46540,38015,9014,58
46541,38016,9014,42
46542,38016,9049,140
46543,38017,8945,104
46544,38018,8945,58
46545,38018,8980,86
46546,38019,8980,71
46547,38020,8980,40
46548,38020,9015,57
46549,38021,8561,142
46550,38021,8596,10
46551,38022,8596,85
46552,38023,8596,19
46553,38024,8596,15
46554,38024,8631,72
46555,38025,9122,89
46556,38026,9122,73
46557,38027,9122,14
46558,38027,9157,49
46559,38028,9157,145
46560,38028,9192,18
46561,38029,8913,20
46562,38029,8948,116
46563,38030,8948,73
46564,38030,8983,12
46565,38031,8983,50
46566,38032,8983,30
46567,38033,8249,101
46568,38034,8249,30
46569,38034,8284,108
46570,38035,8284,49
46571,38036,8284,79
46572,38037,8810,131
46573,38038,8845,114
46574,38039,8845,63
46575,38039,8880,14
46576,38040,8880,129
46577,38041,8671,67
46578,38042,8671,30
46579,38042,8706,127
46580,38043,8706,75
46581,38043,8741,21
46582,38044,8741,63
46583,38045,8427,9
46584,38045,8462,109
46585,38045,8497,12
46586,38046,8497,47
46587,38047,8497,87
46588,38048,8497,44
46589,38048,8532,16
46590,38049,8778,54
46591,38049,8813,113
46592,38050,8813,59
46593,38050,8848,25
46594,38051,8848,63
46595,38052,8848,55
46596,38053,9094,49
46597,38054,9094,21
46598,38054,9129,18
46599,38055,9129,31
46600,38056,9129,138
46601,38057,8395,4
46602,38057,8430,77
46603,38058,8430,30
46604,38058,8465,37
46605,38059,8465,63
46606,38060,8465,35
46607,38060,8500,58
46608,38061,8886,50
46609,38062,8886,98
46610,38063,8886,35
46611,38063,8921,66
46612,38064,8921,81
46613,38065,8467,141
46614,38065,8502,5
46615,38066,8502,127
46616,38067,8502,46
46617,38067,8537,1
46618,38068,8537,85
46619,38068,8572,51
46620,38069,8923,89
46621,38069,8958,30
46622,38070,8958,100
46623,38071,8958,10
46624,38071,8993,81
46625,38072,8993,51
46626,38073,8259,106
46627,38074,8259,106
46628,38075,8259,38
46629,38075,8294,10
46630,38076,8294,112
46631,38077,8820,75
46632,38078,8820,60
46633,38078,8855,75
46634,38079,8855,85
46635,38080,8855,41
46636,38080,8890,42
46637,38081,8436,3
46638,38081,8471,65
46639,38082,8471,37
46640,38083,8471,45
46641,38084,8471,9
46642,38084,8506,34
46643,38085,8332,30
46644,38086,8332,39
46645,38087,8332,18
46646,38088,8332,54
46647,38089,8893,84
46648,38090,8893,55
46649,38090,8928,6
46650,38091,8928,28
46651,38092,8928,62
46652,38093,8544,38
46653,38093,8579,13
46654,38094,8579,71
46655,38095,8579,29
46656,38096,8579,26
46657,38096,8614,18
46658,38097,8580,80
46659,38098,8580,12
46660,38098,8615,52
46661,38099,8615,40
46662,38100,8615,18
46663,38101,8826,20
46664,38101,8861,44
46665,38102,8861,19
46666,38103,8861,32
46667,38104,8861,35
46668,38105,9177,38
46669,38106,9177,24
46670,38107,9177,66
46671,38108,9177,29
46672,38109,8373,57
46673,38110,8373,36
46674,38111,8373,1
46675,38112,8373,28
46676,38113,8759,78
46677,38114,8759,29
46678,38115,8759,33
46679,38116,8759,32
46680,38116,8794,4
46681,38117,8900,51
46682,38117,8935,58
46683,38118,8935,48
46684,38119,8935,45
46685,38120,8935,73
46686,38120,8970,23
46687,38121,8901,37
46688,38122,8901,53
46689,38123,8901,20
46690,38124,8901,50
46691,38124,8936,5
46692,38125,8797,46
46693,38125,8832,2
46694,38126,8832,29
46695,38127,8832,57
46696,38128,8832,52
46697,38129,8763,65
46698,38130,8763,28
46699,38130,8798,14
46700,38131,8798,25
46701,38132,8798,51
46702,38133,8624,29
46703,38133,8659,14
46704,38134,8659,74
46705,38135,8659,44
46706,38136,8659,46
46707,38136,8694,19
46708,38137,8450,62
46709,38138,8450,15
46710,38139,8450,16
46711,38139,8485,4
46712,38140,8485,82
46713,38141,8521,68
46714,38141,8556,50
46715,38142,8556,26
46716,38143,8556,21
46717,38144,8556,29
46718,38145,8662,49
46719,38146,8662,24
46720,38147,8662,14
46721,38147,8697,16
46722,38148,8697,41
46723,38149,8558,47
46724,38149,8593,71
46725,38150,8593,37
46726,38151,8593,29
46727,38151,8628,20
46728,38152,8628,56
46729,38153,9049,35
46730,38153,9084,63
46731,38154,9084,61
46732,38155,9084,24
46733,38156,9084,27
46734,38157,9015,61
46735,38158,9015,37
46736,38159,9015,23
46737,38160,9015,35
46738,38160,9050,8
46739,38161,8631,71
46740,38162,8631,10
46741,38162,8666,60
46742,38163,8666,34
46743,38164,8666,46
46744,38165,9192,63
46745,38166,9192,34
46746,38167,9192,29
46747,38168,9192,15
46748,38169,8983,61
46749,38170,8983,35
46750,38171,8983,26
46751,38172,8983,3
46752,38172,9018,20
46753,38173,8284,40
46754,38174,8284,4
46755,38174,8319,43
46756,38175,8319,29
46757,38176,8319,80
46758,38177,8880,6
46759,38177,8915,47
46760,38178,8915,36
46761,38179,8915,31
46762,38180,8915,27
46763,38180,8950,27
46764,38181,8741,79
46765,38182,8741,22
46766,38183,8741,28
46767,38183,8776,26
46768,38184,8776,57
46769,38185,8532,97
46770,38186,8532,36
46771,38186,8567,13
46772,38187,8567,48
46773,38188,8567,22
46774,38189,8848,19
46775,38189,8883,34
46776,38190,8883,18
46777,38191,8883,30
46778,38192,8883,35
46779,38193,9129,38
46780,38193,9164,29
46781,38194,9164,29
46782,38195,9164,79
46783,38196,9164,32
46784,38197,8500,22
46785,38198,8500,59
46786,38199,8500,6
46787,38199,8535,74
46788,38200,8535,79
46789,38201,8921,15
46790,38201,8956,35
46791,38202,8956,41
46792,38203,8956,27
46793,38204,8956,29
46794,38205,8572,22
46795,38206,8572,24
46796,38207,8572,60
46797,38208,8607,28
46798,38209,8993,44
46799,38210,8993,23
46800,38210,9028,24
46801,38211,9028,19
46802,38212,9028,43
46803,38213,8294,26
46804,38214,8294,57
46805,38215,8329,19
46806,38216,8329,69
46807,38217,8890,28
46808,38218,8890,40
46809,38219,8890,22
46810,38219,8925,10
46811,38220,8925,71
46812,38221,8506,37
46813,38222,8506,70
46814,38223,8506,40
46815,38224,8506,22
46816,38224,8541,24
46817,38225,8332,19
46818,38225,8367,64
46819,38226,8367,35
46820,38227,8367,25
46821,38228,8367,60
46822,38229,8928,19
46823,38229,8963,60
46824,38230,8963,36
46825,38231,8963,45
46826,38232,8963,47
46827,38232,8998,24
46828,38233,8614,80
46829,38234,8614,3
46830,38234,8649,33
46831,38235,8649,36
46832,38236,8649,36
46833,38237,8615,27
46834,38238,8615,25
46835,38238,8650,13
46836,38239,8650,17
46837,38240,8650,34
46838,38241,8861,50
46839,38242,8861,13
46840,38242,8896,51
46841,38243,8896,38
46842,38244,8896,35
46843,38245,9177,21
46844,38245,9212,9
46845,38246,9212,32
46846,38247,9212,37
46847,38248,9212,54
46848,38249,8373,3
46849,38249,8408,58
46850,38250,8408,39
46851,38251,8408,35
46852,38251,8443,6
46853,38252,8443,50
46854,38253,8794,38
46855,38254,8794,73
46856,38254,8829,15
46857,38255,8829,26
46858,38256,8829,66
46859,38257,8970,83
46860,38258,8970,39
46861,38258,9005,39
46862,38259,9005,17
46863,38260,9005,33
46864,38261,8936,49
46865,38262,8936,42
46866,38263,8936,53
46867,38264,8936,49
46868,38264,8971,28
46869,38265,8832,28
46870,38266,8832,15
46871,38266,8867,19
46872,38267,8867,55
46873,38268,8867,34
46874,38268,8902,25
46875,38269,8798,38
46876,38270,8798,40
46877,38271,8798,23
46878,38271,8833,13
46879,38272,8833,63
46880,38273,8694,41
46881,38274,8694,53
46882,38275,8694,19
46883,38276,8694,11
46884,38276,8729,50
46885,38277,8485,55
46886,38278,8485,34
46887,38278,8520,4
46888,38279,8520,16
46889,38280,8520,44
46890,38281,8591,51
46891,38282,8591,59
46892,38283,8591,29
46893,38283,8626,2
46894,38284,8626,72
46895,38285,8697,66
46896,38285,8732,12
46897,38286,8732,26
46898,38287,8732,39
46899,38288,8732,47
46900,38289,8628,94
46901,38290,8628,5
46902,38290,8663,23
46903,38291,8663,46
46904,38292,8663,34
46905,38293,9084,2
46906,38293,9119,46
46907,38294,9119,39
46908,38295,9119,21
46909,38296,9119,34
46910,38297,9050,38
46911,38298,9050,44
46912,38299,9050,22
46913,38300,9050,41
46914,38301,8666,45
46915,38301,8701,2
46916,38302,8701,31
46917,38303,8701,24
46918,38304,8701,56
46919,38305,9192,62
46920,38306,9192,19
46921,38306,9227,8
46922,38307,9227,32
46923,38308,9227,63
46924,38309,9018,38
46925,38310,9018,17
46926,38311,9018,50
46927,38312,9018,36
46928,38312,9053,89
46929,38313,8319,125
46930,38314,8319,25
46931,38315,8319,28
46932,38316,8319,26
46933,38316,8354,20
46934,38317,8950,60
46935,38318,8950,63
46936,38319,8950,31
46937,38320,8950,37
46938,38321,8776,60
46939,38321,8811,21
46940,38322,8811,28
46941,38323,8811,14
46942,38324,8811,40
46943,38325,8567,62
46944,38326,8567,23
46945,38326,8602,3
46946,38327,8602,49
46947,38328,8602,49
46948,38329,8883,31
46949,38329,8918,61
46950,38330,8918,84
46951,38330,8953,10
46952,38331,8953,27
46953,38332,8953,40
46954,38333,9164,39
46955,38333,9199,15
46956,38334,9199,45
46957,38335,9199,39
46958,38336,9199,35
46959,38336,9234,12
46960,38337,8535,9
46961,38337,8570,30
46962,38338,8570,33
46963,38339,8570,40
46964,38340,8570,32
46965,38341,8956,35
46966,38341,8991,18
46967,38342,8991,52
46968,38343,8991,12
46969,38344,8991,43
46970,38345,8607,62
46971,38346,8607,36
46972,38347,8607,18
46973,38347,8642,8
46974,38348,8642,86
46975,38348,8677,12
46976,38349,9028,41
46977,38350,9028,38
46978,38351,9028,5
46979,38351,9063,23
46980,38352,9063,73
46981,38353,8329,64
46982,38354,8329,25
46983,38355,8329,27
46984,38356,8329,17
46985,38356,8364,33
46986,38357,8925,33
46987,38357,8960,30
46988,38358,8960,63
46989,38359,8960,36
46990,38360,8960,72
46991,38361,8541,37
46992,38362,8541,44
46993,38363,8541,13
46994,38364,8541,35
46995,38364,8576,32
46996,38365,8367,46
46997,38366,8367,71
46998,38367,8367,29
46999,38367,8402,48
47000,38368,8402,27
47001,38369,8998,59
47002,38370,8998,42
47003,38371,8998,42
47004,38372,8998,13
47005,38372,9033,32
47006,38373,8649,42
47007,38373,8684,32
47008,38374,8684,59
47009,38375,8684,24
47010,38376,8684,31
47011,38376,8719,29
47012,38377,8650,39
47013,38378,8650,15
47014,38378,8685,28
47015,38379,8685,47
47016,38380,8685,40
47017,38381,8896,24
47018,38381,8931,20
47019,38382,8931,34
47020,38383,8931,75
47021,38384,8931,24
47022,38384,8966,11
47023,38385,9212,85
47024,38386,9212,52
47025,38386,9247,7
47026,38387,9247,61
47027,38388,9247,115
47028,38389,8443,96
47029,38390,8443,15
47030,38390,8478,42
47031,38391,8478,40
47032,38392,8478,41
47033,38393,8829,71
47034,38393,8864,9
47035,38394,8864,69
47036,38395,8864,86
47037,38396,8864,15
47038,38396,8899,16
47039,38397,9005,53
47040,38398,9005,58
47041,38399,9005,50
47042,38399,9040,13
47043,38400,9040,88
47044,38401,8971,106
47045,38402,8971,16
47046,38402,9006,26
47047,38403,9006,55
47048,38404,9006,33
47049,38405,8902,51
47050,38406,8902,56
47051,38407,8902,26
47052,38408,8902,17
47053,38409,8833,77
47054,38410,8833,99
47055,38411,8868,55
47056,38412,8868,30
47057,38413,8729,82
47058,38413,8764,18
47059,38414,8764,19
47060,38415,8764,26
47061,38416,8764,36
47062,38417,8520,57
47063,38418,8520,32
47064,38419,8520,25
47065,38420,8520,3
47066,38420,8555,67
47067,38421,8626,87
47068,38421,8661,17
47069,38422,8661,38
47070,38423,8661,38
47071,38424,8661,31
47072,38424,8696,10
47073,38425,8732,56
47074,38426,8732,1
47075,38426,8767,38
47076,38427,8767,39
47077,38428,8767,39
47078,38429,8663,47
47079,38429,8698,10
47080,38430,8698,44
47081,38431,8698,16
47082,38432,8698,56
47083,38432,8733,27
47084,38433,9119,33
47085,38433,9154,33
47086,38434,9154,62
47087,38435,9154,59
47088,38436,9154,12
47089,38436,9189,36
47090,38437,9050,29
47091,38437,9085,44
47092,38438,9085,17
47093,38439,9085,44
47094,38440,9085,57
47095,38440,9120,27
47096,38441,8701,50
47097,38441,8736,40
47098,38442,8736,63
47099,38443,8736,38
47100,38444,8736,9
47101,38444,8771,56
47102,38445,9227,114
47103,38446,9227,73
47104,38447,9227,5
47105,38447,9262,47
47106,38448,9262,52
47107,38449,9053,32
47108,38450,9053,32
47109,38450,9088,55
47110,38451,9088,53
47111,38452,9088,84
47112,38453,8354,51
47113,38454,8354,64
47114,38455,8354,47
47115,38456,8354,54
47116,38457,8950,22
47117,38457,8985,34
47118,38458,8985,62
47119,38459,8985,37
47120,38460,8985,65
47121,38460,9020,17
47122,38461,8811,18
47123,38462,8811,58
47124,38463,8811,45
47125,38464,8811,39
47126,38465,8602,55
47127,38466,8602,22
47128,38467,8602,35
47129,38467,8637,23
47130,38468,8637,44
47131,38469,8953,90
47132,38470,8953,17
47133,38470,8988,46
47134,38471,8988,76
47135,38472,8988,118
47136,38472,9023,4
47137,38473,9234,79
47138,38474,9234,61
47139,38475,9234,44
47140,38476,9234,38
47141,38477,8570,13
47142,38477,8605,90
47143,38478,8605,33
47144,38479,8605,28
47145,38480,8605,21
47146,38480,8640,47
47147,38481,8991,38
47148,38481,9026,13
47149,38482,9026,45
47150,38483,9026,61
47151,38484,9026,39
47152,38485,8677,45
47153,38486,8677,53
47154,38486,8712,5
47155,38487,8712,62
47156,38488,8712,88
47157,38489,9063,55
47158,38490,9063,5
47159,38490,9098,23
47160,38491,9098,47
47161,38492,9098,48
47162,38493,8364,110
47163,38494,8364,37
47164,38495,8364,65
47165,38496,8364,19
47166,38496,8399,37
47167,38497,8960,43
47168,38498,8960,6
47169,38498,8995,65
47170,38499,8995,37
47171,38500,8995,50
47172,38501,8576,119
47173,38502,8576,4
47174,38502,8611,42
47175,38503,8611,56
47176,38504,8611,58
47177,38504,8646,20
47178,38505,8402,67
47179,38506,8402,21
47180,38506,8437,26
47181,38507,8437,75
47182,38508,8437,22
47183,38508,8472,40
47184,38509,9033,103
47185,38510,9033,28
47186,38510,9068,53
47187,38511,9068,33
47188,38512,9068,89
47189,38513,8719,111
47190,38513,8754,40
47191,38514,8754,36
47192,38515,8754,30
47193,38516,8754,38
47194,38516,8789,19
47195,38517,8685,57
47196,38517,8720,21
47197,38518,8720,42
47198,38519,8720,28
47199,38520,8720,57
47200,38520,8755,47
47201,38521,8966,114
47202,38522,8966,24
47203,38523,8966,10
47204,38523,9001,64
47205,38524,9001,55
47206,38525,9247,39
47207,38525,9282,56
47208,38526,9282,67
47209,38527,9282,25
47210,38528,9282,56
47211,38529,8478,22
47212,38529,8513,15
47213,38530,8513,54
47214,38531,8513,62
47215,38532,8513,9
47216,38532,8548,24
47217,38533,8899,64
47218,38534,8899,63
47219,38535,8899,43
47220,38536,8899,36
47221,38536,8934,31
47222,38537,9040,66
47223,38538,9040,20
47224,38538,9075,32
47225,38539,9075,43
47226,38540,9075,71
47227,38541,9006,22
47228,38542,9006,43
47229,38542,9041,3
47230,38543,9041,22
47231,38544,9041,44
47232,38545,8902,5
47233,38545,8937,54
47234,38546,8937,68
47235,38547,8937,45
47236,38548,8937,22
47237,38548,8972,18
47238,38549,8868,38
47239,38549,8903,22
47240,38550,8903,60
47241,38551,8903,42
47242,38552,8903,27
47243,38552,8938,32
47244,38553,8764,54
47245,38554,8764,37
47246,38554,8799,47
47247,38555,8799,31
47248,38556,8799,50
47249,38556,8834,18
47250,38557,8555,58
47251,38557,8590,24
47252,38558,8590,59
47253,38559,8590,21
47254,38559,8625,49
47255,38560,8625,59
47256,38561,8696,59
47257,38562,8696,45
47258,38563,8696,16
47259,38563,8731,9
47260,38564,8731,44
47261,38565,8767,54
47262,38565,8802,15
47263,38566,8802,31
47264,38567,8802,69
47265,38568,8802,37
47266,38568,8837,21
47267,38569,8733,77
47268,38570,8733,25
47269,38570,8768,56
47270,38571,8768,45
47271,38572,8768,55
47272,38573,9189,150
47273,38574,9189,38
47274,38575,9189,39
47275,38575,9224,47
47276,38576,9224,64
47277,38577,9120,75
47278,38578,9120,45
47279,38579,9120,90
47280,38580,9120,32
47281,38580,9155,36
47282,38581,8771,44
47283,38582,8771,49
47284,38583,8771,30
47285,38584,8771,30
47286,38584,8806,26
47287,38585,9262,93
47288,38586,9262,22
47289,38586,9297,33
47290,38587,9297,24
47291,38588,9297,138
47292,38589,9088,16
47293,38589,9123,68
47294,38590,9123,86
47295,38591,9123,40
47296,38592,9123,23
47297,38592,9158,25
47298,38593,8354,3
47299,38593,8389,41
47300,38594,8389,67
47301,38595,8389,29
47302,38596,8389,57
47303,38597,9020,119
47304,38598,9020,56
47305,38598,9055,43
47306,38599,9055,54
47307,38600,9055,85
47308,38601,8811,7
47309,38601,8846,67
47310,38602,8846,16
47311,38602,8881,52
47312,38603,8881,51
47313,38603,8916,13
47314,38604,8916,67
47315,38605,8637,76
47316,38606,8637,34
47317,38606,8672,61
47318,38607,8672,56
47319,38608,8672,48
47320,38609,9023,102
47321,38610,9023,62
47322,38611,9023,29
47323,38611,9058,9
47324,38612,9058,31
47325,38613,9234,26
47326,38613,9269,29
47327,38614,9269,35
47328,38615,9269,88
47329,38616,9269,78
47330,38616,9304,10
47331,38617,8640,77
47332,38618,8640,40
47333,38618,8675,78
47334,38619,8675,47
47335,38620,8675,5
47336,38620,8710,70
47337,38621,9026,57
47338,38621,9061,25
47339,38622,9061,35
47340,38623,9061,44
47341,38624,9061,29
47342,38624,9096,61
47343,38625,8712,19
47344,38625,8747,82
47345,38626,8747,55
47346,38627,8747,18
47347,38627,8782,74
47348,38628,8782,43
47349,38628,8817,38
47350,38629,9098,23
47351,38629,9133,35
47352,38630,9133,38
47353,38631,9133,22
47354,38632,9133,84
47355,38633,8399,31
47356,38634,8399,39
47357,38635,8399,60
47358,38636,8399,38
47359,38637,8995,80
47360,38637,9030,28
47361,38638,9030,65
47362,38639,9030,63
47363,38640,9030,51
47364,38640,9065,9
47365,38641,8646,43
47366,38642,8646,96
47367,38642,8681,14
47368,38643,8681,44
47369,38644,8681,74
47370,38645,8472,95
47371,38646,8472,47
47372,38647,8472,7
47373,38647,8507,73
47374,38648,8507,89
47375,38649,9068,7
47376,38649,9103,107
47377,38650,9103,71
47378,38651,9103,40
47379,38652,9103,56
47380,38652,9138,7
47381,38653,8789,99
47382,38654,8789,27
47383,38654,8824,42
47384,38655,8824,41
47385,38656,8824,67
47386,38657,8755,127
47387,38658,8755,18
47388,38658,8790,50
47389,38659,8790,75
47390,38660,8790,51
47391,38660,8825,48
47392,38661,9001,45
47393,38661,9036,63
47394,38662,9036,114
47395,38663,9036,6
47396,38663,9071,28
47397,38664,9071,144
47398,38665,9282,97
47399,38666,9282,26
47400,38666,9317,84
47401,38667,9317,56
47402,38668,9317,71
47403,38669,8548,65
47404,38670,8548,31
47405,38671,8548,10
47406,38671,8583,19
47407,38672,8583,49
47408,38673,8934,103
47409,38674,8934,42
47410,38675,8934,11
47411,38675,8969,32
47412,38676,8969,41
47413,38677,9075,27
47414,38677,9110,96
47415,38678,9110,32
47416,38679,9110,66
47417,38680,9110,18
47418,38680,9145,72
47419,38681,9041,127
47420,38682,9041,10
47421,38682,9076,54
47422,38683,9076,31
47423,38684,9076,60
47424,38685,8972,136
47425,38685,9007,27
47426,38686,9007,89
47427,38687,9007,34
47428,38688,9007,59
47429,38688,9042,5
47430,38689,8938,111
47431,38690,8938,31
47432,38691,8938,11
47433,38691,8973,27
47434,38692,8973,115
47435,38693,8834,159
47436,38694,8834,7
47437,38694,8869,58
47438,38695,8869,86
47439,38696,8869,46
47440,38696,8904,32
47441,38697,8625,26
47442,38697,8660,98
47443,38698,8660,59
47444,38698,8695,71
47445,38699,8695,65
47446,38700,8695,85
47447,38700,8730,39
47448,38701,8731,49
47449,38701,8766,137
47450,38702,8766,14
47451,38702,8801,36
47452,38703,8801,63
47453,38704,8801,90
47454,38705,8837,72
47455,38705,8872,6
47456,38706,8872,85
47457,38707,8872,47
47458,38707,8907,48
47459,38708,8907,63
47460,38709,8768,34
47461,38709,8803,20
47462,38710,8803,71
47463,38711,8803,40
47464,38711,8838,30
47465,38712,8838,151
47466,38713,9224,86
47467,38714,9224,28
47468,38714,9259,51
47469,38715,9259,53
47470,38716,9259,87
47471,38717,9155,65
47472,38718,9155,45
47473,38719,9155,45
47474,38720,9155,50
47475,38720,9190,10
47476,38721,8806,54
47477,38722,8806,60
47478,38722,8841,2
47479,38723,8841,48
47480,38724,8841,90
47481,38724,8876,88
47482,38725,9297,48
47483,38726,9297,33
47484,38727,9297,4
47485,38727,9332,44
47486,38728,9332,81
47487,38729,9158,71
47488,38730,9158,67
47489,38731,9158,37
47490,38732,9158,3
47491,38732,9193,81
47492,38733,8389,98
47493,38733,8424,34
47494,38734,8424,57
47495,38735,8424,60
47496,38736,8424,51
47497,38736,8459,40
47498,38737,9055,8
47499,38737,9090,114
47500,38738,9090,56
47501,38739,9090,18
47502,38739,9125,22
47503,38740,9125,67
47504,38741,8916,24
47505,38741,8951,96
47506,38742,8951,47
47507,38743,8951,52
47508,38744,8951,30
47509,38744,8986,34
47510,38745,8672,14
47511,38745,8707,93
47512,38746,8707,58
47513,38747,8707,2
47514,38747,8742,31
47515,38748,8742,67
47516,38749,9058,93
47517,38750,9058,53
47518,38751,9058,15
47519,38751,9093,20
47520,38752,9093,26
47521,38753,9304,83
47522,38754,9304,108
47523,38755,9304,60
47524,38756,9304,26
47525,38756,9339,39
47526,38757,8710,86
47527,38758,8710,19
47528,38758,8745,71
47529,38759,8745,22
47530,38760,8745,19
47531,38760,8780,49
47532,38761,9096,94
47533,38762,9096,43
47534,38762,9131,63
47535,38763,9131,75
47536,38764,9131,52
47537,38765,8817,100
47538,38765,8852,1
47539,38766,8852,40
47540,38767,8852,49
47541,38768,8852,81
47542,38769,9133,103
47543,38769,9168,2
47544,38770,9168,21
47545,38771,9168,52
47546,38772,9168,72
47547,38773,8399,19
47548,38773,8434,52
47549,38774,8434,39
47550,38775,8434,85
47551,38776,8469,66
47552,38777,9065,155
47553,38778,9065,31
47554,38779,9065,16
47555,38779,9100,62
47556,38780,9100,38
47557,38781,8681,22
47558,38781,8716,84
47559,38782,8716,11
47560,38782,8751,61
47561,38783,8751,76
47562,38784,8751,31
47563,38784,8786,83
47564,38785,8507,29
47565,38785,8542,135
47566,38785,8577,34
47567,38786,8577,65
47568,38787,8577,46
47569,38787,8612,4
47570,38788,8612,103
47571,38788,8647,35
47572,38789,9138,108
47573,38790,9138,33
47574,38791,9138,60
47575,38792,9138,118
47576,38792,9173,38
47577,38793,8824,3
47578,38793,8859,122
47579,38794,8859,35
47580,38794,8894,52
47581,38795,8894,92
47582,38796,8894,5
47583,38796,8929,44
47584,38797,8825,82
47585,38797,8860,20
47586,38798,8860,83
47587,38799,8860,56
47588,38799,8895,32
47589,38800,8895,97
47590,38801,9071,62
47591,38801,9106,95
47592,38802,9106,60
47593,38803,9106,65
47594,38804,9106,17
47595,38804,9141,135
47596,38805,9317,106
47597,38806,9317,8
47598,38806,9352,61
47599,38807,9352,58
47600,38808,9352,64
47601,38809,8583,103
47602,38809,8618,37
47603,38810,8618,95
47604,38811,8618,49
47605,38811,8653,50
47606,38812,8653,89
47607,38813,8969,55
47608,38813,9004,5
47609,38814,9004,122
47610,38815,9004,59
47611,38816,9004,26
47612,38816,9039,129
47613,38817,9145,93
47614,38818,9145,91
47615,38818,9180,13
47616,38819,9180,74
47617,38820,9180,66
47618,38821,9076,62
47619,38821,9111,70
47620,38822,9111,97
47621,38823,9111,63
47622,38824,9111,40
47623,38824,9146,57
47624,38825,9042,114
47625,38826,9042,48
47626,38827,9042,26
47627,38827,9077,28
47628,38828,9077,101
47629,38829,8973,56
47630,38829,9008,55
47631,38830,9008,105
47632,38830,9043,38
47633,38831,9043,29
47634,38832,9043,114
47635,38833,8904,98
47636,38834,8904,45
47637,38834,8939,56
47638,38835,8939,66
47639,38836,8939,88
47640,38836,8974,21
47641,38837,8730,133
47642,38837,8765,61
47643,38838,8765,91
47644,38839,8765,51
47645,38840,8800,146
47646,38841,8836,101
47647,38842,8836,41
47648,38842,8871,42
47649,38843,8871,41
47650,38844,8871,64
47651,38844,8906,48
47652,38845,8907,49
47653,38845,8942,22
47654,38846,8942,75
47655,38847,8942,105
47656,38847,8977,23
47657,38848,8977,91
47658,38849,8838,1
47659,38849,8873,106
47660,38850,8873,49
47661,38850,8908,52
47662,38851,8908,46
47663,38852,8908,105
47664,38852,8943,51
47665,38853,9259,23
47666,38853,9294,148
47667,38854,9294,81
47668,38854,9329,21
47669,38855,9329,79
47670,38856,9329,138
47671,38857,9190,72
47672,38858,9190,112
47673,38859,9190,25
47674,38859,9225,66
47675,38860,9225,91
47676,38861,8876,71
47677,38861,8911,86
47678,38862,8911,68
47679,38862,8946,15
47680,38863,8946,33
47681,38864,8946,103
47682,38864,8981,30
47683,38865,9332,164
47684,38865,9367,29
47685,38866,9367,76
47686,38867,9367,52
47687,38868,9367,63
47688,38869,9193,59
47689,38870,9193,71
47690,38870,9228,6
47691,38871,9228,57
47692,38872,9228,133
47693,38873,8459,67
47694,38873,8494,2
47695,38874,8494,87
47696,38875,8494,5
47697,38875,8529,56
47698,38876,8529,49
47699,38877,9125,89
47700,38878,9125,115
47701,38878,9160,1
47702,38879,9160,87
47703,38880,9160,105
47704,38881,8986,98
47705,38882,8986,69
47706,38883,8986,9
47707,38883,9021,67
47708,38884,9021,115
47709,38885,8742,5
47710,38885,8777,67
47711,38886,8777,97
47712,38887,8777,5
47713,38887,8812,79
47714,38888,8812,63
47715,38888,8847,26
47716,38889,9093,95
47717,38890,9093,18
47718,38891,9093,36
47719,38891,9128,70
47720,38892,9128,49
47721,38893,9339,142
47722,38894,9339,112
47723,38894,9374,10
47724,38895,9374,104
47725,38896,9374,82
47726,38897,8780,62
47727,38898,8780,13
47728,38898,8815,98
47729,38899,8815,55
47730,38900,8815,79
47731,38900,8850,29
47732,38901,9131,50
47733,38901,9166,59
47734,38902,9166,127
47735,38903,9166,44
47736,38903,9201,21
47737,38904,9201,109
47738,38905,8852,2
47739,38905,8887,102
47740,38906,8887,73
47741,38906,8922,101
47742,38907,8922,67
47743,38907,8957,28
47744,38908,8957,107
47745,38909,9168,75
47746,38910,9168,38
47747,38910,9203,57
47748,38911,9203,29
47749,38912,9203,36
47750,38913,8469,116
47751,38913,8504,128
47752,38914,8504,15
47753,38914,8539,86
47754,38915,8539,30
47755,38916,8539,60
47756,38916,8574,23
47757,38917,9100,81
47758,38917,9135,87
47759,38918,9135,155
47760,38919,9135,24
47761,38919,9170,53
47762,38920,9170,97
47763,38921,8786,94
47764,38922,8786,15
47765,38922,8821,43
47766,38923,8821,25
47767,38924,8821,60
47768,38925,8647,118
47769,38925,8682,38
47770,38926,8682,62
47771,38926,8717,2
47772,38927,8717,76
47773,38928,8717,52
47774,38928,8752,79
47775,38929,9173,92
47776,38930,9173,27
47777,38930,9208,68
47778,38931,9208,46
47779,38932,9208,121
47780,38933,8929,129
47781,38934,8929,34
47782,38934,8964,64
47783,38935,8964,65
47784,38936,8964,47
47785,38937,8895,76
47786,38937,8930,20
47787,38938,8930,26
47788,38939,8930,76
47789,38940,8930,56
47790,38941,9141,36
47791,38941,9176,86
47792,38942,9176,71
47793,38943,9176,36
47794,38943,9211,42
47795,38944,9211,108
47796,38945,9352,108
47797,38945,9387,101
47798,38946,9387,30
47799,38947,9387,51
47800,38948,9387,81
47801,38949,8653,40
47802,38949,8688,75
47803,38950,8688,17
47804,38950,8723,2
47805,38951,8723,110
47806,38952,8723,19
47807,38952,8758,59
47808,38953,9039,53
47809,38953,9074,112
47810,38954,9074,69
47811,38954,9109,62
47812,38955,9109,83
47813,38956,9109,56
47814,38957,9180,128
47815,38958,9180,39
47816,38958,9215,17
47817,38959,9215,82
47818,38960,9215,98
47819,38961,9146,28
47820,38962,9146,163
47821,38963,9146,19
47822,38963,9181,59
47823,38964,9181,62
47824,38965,9077,45
47825,38965,9112,28
47826,38966,9112,63
47827,38967,9112,31
47828,38968,9112,96
47829,38969,9043,21
47830,38969,9078,38
47831,38970,9078,60
47832,38971,9078,31
47833,38971,9113,78
47834,38972,9113,135
47835,38973,8974,125
47836,38974,8974,21
47837,38974,9009,47
47838,38975,9009,104
47839,38976,9009,72
47840,38976,9044,25
47841,38977,8800,63
47842,38978,8800,42
47843,38979,8800,2
47844,38979,8835,61
47845,38980,8835,110
47846,38981,8906,110
47847,38981,8941,25
47848,38982,8941,54
47849,38983,8941,70
47850,38984,8941,44
47851,38984,8976,94
47852,38985,8977,49
47853,38985,9012,27
47854,38986,9012,115
47855,38987,9012,44
47856,38987,9047,12
47857,38988,9047,53
47858,38989,8943,124
47859,38990,8943,30
47860,38990,8978,48
47861,38991,8978,91
47862,38992,8978,68
47863,38993,9329,66
47864,38993,9364,2
47865,38994,9364,67
47866,38995,9364,35
47867,38996,9364,139
47868,38997,9225,63
47869,38998,9225,27
47870,38998,9260,94
47871,38999,9260,77
47872,39000,9260,49
47873,39001,8981,131
47874,39002,8981,66
47875,39003,8981,21
47876,39003,9016,49
47877,39004,9016,86
47878,39005,9367,80
47879,39005,9402,41
47880,39006,9402,55
47881,39007,9402,37
47882,39008,9402,91
47883,39009,9228,9
47884,39009,9263,84
47885,39010,9263,82
47886,39011,9263,54
47887,39012,9263,3
47888,39012,9298,53
47889,39013,8529,52
47890,39013,8564,119
47891,39014,8564,1
47892,39014,8599,88
47893,39015,8599,68
47894,39016,8599,4
47895,39016,8634,51
47896,39017,9160,12
47897,39017,9195,91
47898,39018,9195,63
47899,39019,9195,27
47900,39019,9230,40
47901,39020,9230,67
47902,39021,9021,70
47903,39021,9056,6
47904,39022,9056,55
47905,39023,9056,39
47906,39024,9056,89
47907,39025,8847,149
47908,39026,8847,18
47909,39026,8882,51
47910,39027,8882,52
47911,39028,8882,55
47912,39028,8917,1
47913,39029,9128,57
47914,39029,9163,28
47915,39030,9163,65
47916,39031,9163,23
47917,39032,9163,64
47918,39033,9374,63
47919,39033,9409,138
47920,39034,9409,97
47921,39034,9444,10
47922,39035,9444,89
47923,39036,9444,75
47924,39037,8850,114
47925,39038,8850,9
47926,39038,8885,71
47927,39039,8885,74
47928,39040,8885,6
47929,39040,8920,130
47930,39040,8955,5
47931,39041,9201,79
47932,39042,9201,85
47933,39043,9201,12
47934,39043,9236,38
47935,39044,9236,80
47936,39045,8957,43
47937,39045,8992,105
47938,39046,8992,32
47939,39047,8992,49
47940,39048,8992,55
47941,39048,9027,26
47942,39049,9203,145
47943,39050,9203,48
47944,39050,9238,153
47945,39051,9238,26
47946,39052,9238,40
47947,39052,9273,18
47948,39053,8574,99
47949,39054,8574,49
47950,39054,8609,109
47951,39054,8644,33
47952,39055,8644,81
47953,39055,8679,1
47954,39056,8679,38
47955,39057,9170,42
47956,39057,9205,142
47957,39058,9205,85
47958,39058,9240,42
47959,39059,9240,83
47960,39060,9240,25
47961,39060,9275,63
47962,39061,8821,41
47963,39061,8856,13
47964,39062,8856,44
47965,39063,8856,17
47966,39064,8856,23
47967,39065,8752,79
47968,39065,8787,4
47969,39066,8787,20
47970,39067,8787,71
47971,39068,8787,67
47972,39068,8822,22
47973,39069,9208,12
47974,39069,9243,38
47975,39070,9243,30
47976,39071,9243,35
47977,39072,9243,43
47978,39073,8964,26
47979,39073,8999,49
47980,39074,8999,51
47981,39075,8999,43
47982,39075,9034,2
47983,39076,9034,65
47984,39077,8930,61
47985,39078,8930,1
47986,39078,8965,55
47987,39079,8965,11
47988,39080,8965,61
47989,39081,9211,31
47990,39081,9246,63
47991,39082,9246,28
47992,39083,9246,59
47993,39084,9246,45
47994,39084,9281,44
47995,39085,9387,65
47996,39086,9387,22
47997,39087,9387,26
47998,39088,9387,13
47999,39088,9422,15
48000,39089,8758,74
48001,39090,8758,26
48002,39091,8758,17
48003,39091,8793,5
48004,39092,8793,53
48005,39093,9109,1
48006,39093,9144,76
48007,39094,9144,85
48008,39095,9144,24
48009,39096,9144,14
48010,39096,9179,22
48011,39097,9215,59
48012,39098,9215,19
48013,39098,9250,26
48014,39099,9250,32
48015,39100,9250,87
48016,39101,9181,49
48017,39102,9181,23
48018,39102,9216,23
48019,39103,9216,83
48020,39104,9216,38
48021,39105,9112,55
48022,39106,9112,38
48023,39106,9147,30
48024,39107,9147,30
48025,39108,9147,38
48026,39109,9113,47
48027,39109,9148,1
48028,39110,9148,33
48029,39111,9148,26
48030,39112,9148,37
48031,39113,9044,59
48032,39114,9044,43
48033,39115,9044,38
48034,39116,9044,24
48035,39116,9079,4
48036,39117,8835,21
48037,39117,8870,43
48038,39118,8870,41
48039,39119,8870,27
48040,39120,8870,26
48041,39120,8905,39
48042,39121,8976,60
48043,39122,8976,53
48044,39122,9011,7
48045,39123,9011,21
48046,39124,9011,50
48047,39125,9047,37
48048,39126,9047,47
48049,39127,9047,23
48050,39128,9047,24
48051,39129,8978,25
48052,39130,8978,31
48053,39131,8978,17
48054,39131,9013,18
48055,39132,9013,25
48056,39133,9364,36
48057,39134,9364,2
48058,39134,9399,51
48059,39135,9399,51
48060,39136,9399,73
48061,39137,9260,25
48062,39137,9295,54
48063,39138,9295,46
48064,39139,9295,29
48065,39140,9295,131
48066,39141,9016,20
48067,39142,9016,23
48068,39142,9051,19
48069,39143,9051,53
48070,39144,9051,59
48071,39145,9402,30
48072,39146,9402,27
48073,39147,9402,5
48074,39147,9437,33
48075,39148,9437,56
48076,39149,9298,79
48077,39150,9298,30
48078,39151,9298,56
48079,39152,9298,38
48080,39153,8634,71
48081,39154,8634,3
48082,39154,8669,68
48083,39155,8669,31
48084,39156,8669,8
48085,39156,8704,79
48086,39157,9230,24
48087,39158,9230,31
48088,39159,9230,43
48089,39160,9230,8
48090,39160,9265,54
48091,39161,9056,29
48092,39161,9091,29
48093,39162,9091,48
48094,39163,9091,53
48095,39164,9091,87
48096,39165,8917,79
48097,39166,8917,47
48098,39166,8952,30
48099,39167,8952,33
48100,39168,8952,47
48101,39169,9163,34
48102,39170,9163,28
48103,39171,9163,25
48104,39171,9198,33
48105,39172,9198,35
48106,39173,9444,43
48107,39174,9444,10
48108,39174,9479,20
48109,39175,9479,28
48110,39176,9479,41
48111,39177,8955,75
48112,39178,8955,78
48113,39179,8955,8
48114,39179,8990,12
48115,39180,8990,104
48116,39181,9236,37
48117,39182,9236,49
48118,39182,9271,19
48119,39183,9271,55
48120,39184,9271,25
48121,39185,9027,64
48122,39186,9027,55
48123,39187,9027,47
48124,39188,9027,52
48125,39188,9062,4
48126,39189,9273,46
48127,39190,9273,35
48128,39191,9273,28
48129,39192,9273,43
48130,39192,9308,31
48131,39193,8679,44
48132,39194,8679,67
48133,39195,8679,17
48134,39195,8714,4
48135,39196,8714,40
48136,39197,9275,79
48137,39198,9275,39
48138,39199,9275,29
48139,39200,9275,62
48140,39201,8856,29
48141,39202,8856,17
48142,39202,8891,11
48143,39203,8891,36
48144,39204,8891,51
48145,39205,8822,63
48146,39206,8822,62
48147,39206,8857,8
48148,39207,8857,40
48149,39208,8857,44
48150,39209,9243,52
48151,39210,9243,13
48152,39210,9278,47
48153,39211,9278,54
48154,39212,9278,40
48155,39213,9034,21
48156,39214,9034,43
48157,39215,9034,51
48158,39216,9034,3
48159,39216,9069,41
48160,39217,8965,58
48161,39218,8965,25
48162,39218,9000,29
48163,39219,9000,33
48164,39220,9000,67
48165,39221,9281,58
48166,39222,9281,29
48167,39223,9281,22
48168,39224,9281,41
48169,39225,9422,85
48170,39226,9422,32
48171,39227,9422,42
48172,39228,9422,64
48173,39229,8793,62
48174,39230,8793,49
48175,39231,8793,18
48176,39231,8828,3
48177,39232,8828,26
48178,39233,9179,48
48179,39234,9179,22
48180,39235,9179,30
48181,39236,9179,66
48182,39237,9250,58
48183,39238,9250,10
48184,39238,9285,9
48185,39239,9285,26
48186,39240,9285,53
48187,39241,9216,41
48188,39242,9216,29
48189,39243,9216,27
48190,39244,9216,21
48191,39245,9147,59
48192,39246,9147,40
48193,39247,9147,35
48194,39248,9147,23
48195,39248,9182,34
48196,39249,9148,92
48197,39250,9148,34
48198,39251,9148,8
48199,39252,9148,27
48200,39252,9183,24
48201,39253,9079,98
48202,39254,9079,32
48203,39255,9079,35
48204,39255,9114,12
48205,39256,9114,63
48206,39257,8905,50
48207,39258,8905,35
48208,39259,8905,42
48209,39260,8905,23
48210,39261,9011,49
48211,39262,9011,23
48212,39262,9046,18
48213,39263,9046,27
48214,39264,9046,32
48215,39265,9047,12
48216,39265,9082,8
48217,39266,9082,73
48218,39267,9082,33
48219,39268,9082,56
48220,39269,9013,36
48221,39270,9013,23
48222,39271,9013,39
48223,39272,9013,14
48224,39272,9048,24
48225,39273,9399,29
48226,39274,9399,35
48227,39275,9399,2
48228,39276,9399,17
48229,39276,9434,36
48230,39277,9295,5
48231,39277,9330,54
48232,39278,9330,60
48233,39279,9330,41
48234,39280,9330,63
48235,39281,9051,29
48236,39281,9086,46
48237,39282,9086,70
48238,39283,9086,29
48239,39283,9121,39
48240,39284,9121,55
48241,39285,9437,39
48242,39286,9437,61
48243,39287,9437,20
48244,39288,9437,63
48245,39289,9298,23
48246,39290,9298,39
48247,39291,9298,16
48248,39292,9298,34
48249,39292,9333,9
48250,39293,8704,32
48251,39293,8739,32
48252,39294,8739,47
48253,39295,8739,36
48254,39296,8739,20
48255,39296,8774,54
48256,39297,9265,38
48257,39298,9265,63
48258,39299,9265,15
48259,39300,9265,60
48260,39301,9091,69
48261,39301,9126,25
48262,39302,9126,23
48263,39303,9126,28
48264,39304,9126,44
48265,39305,8952,32
48266,39305,8987,17
48267,39306,8987,36
48268,39307,8987,36
48269,39308,8987,54
48270,39309,9198,54
48271,39310,9198,65
48272,39311,9198,33
48273,39311,9233,28
48274,39312,9233,42
48275,39313,9479,88
48276,39314,9479,37
48277,39314,9514,41
48278,39315,9514,43
48279,39316,9514,49
48280,39317,8990,2
48281,39317,9025,27
48282,39318,9025,86
48283,39319,9025,14
48284,39320,9025,46
48285,39321,9271,67
48286,39322,9271,55
48287,39322,9306,17
48288,39323,9306,40
48289,39324,9306,51
48290,39325,9062,39
48291,39326,9062,45
48292,39327,9062,42
48293,39328,9062,38
48294,39329,9308,55
48295,39330,9308,63
48296,39331,9308,38
48297,39332,9343,65
48298,39333,8714,21
48299,39334,8714,30
48300,39335,8714,10
48301,39335,8749,21
48302,39336,8749,109
48303,39337,9275,6
48304,39337,9310,28
48305,39338,9310,28
48306,39339,9310,43
48307,39340,9310,55
48308,39341,8891,72
48309,39342,8891,53
48310,39342,8926,2
48311,39343,8926,35
48312,39344,8926,71
48313,39345,8857,64
48314,39345,8892,12
48315,39346,8892,28
48316,39347,8892,35
48317,39348,8892,81
48318,39348,8927,25
48319,39349,9278,80
48320,39350,9278,48
48321,39351,9278,57
48322,39351,9313,20
48323,39352,9313,59
48324,39353,9069,58
48325,39354,9069,44
48326,39355,9069,73
48327,39355,9104,8
48328,39356,9104,41
48329,39357,9000,34
48330,39357,9035,76
48331,39358,9035,42
48332,39359,9035,63
48333,39360,9035,21
48334,39361,9281,92
48335,39362,9281,46
48336,39363,9281,17
48337,39363,9316,41
48338,39364,9316,25
48339,39365,9422,96
48340,39366,9422,12
48341,39366,9457,44
48342,39367,9457,77
48343,39368,9457,42
48344,39369,8828,46
48345,39370,8828,31
48346,39371,8828,22
48347,39371,8863,24
48348,39372,8863,35
48349,39373,9179,51
48350,39374,9179,4
48351,39374,9214,41
48352,39375,9214,32
48353,39376,9214,63
48354,39377,9285,52
48355,39378,9285,75
48356,39379,9285,33
48357,39380,9285,53
48358,39380,9320,30
48359,39381,9216,8
48360,39381,9251,103
48361,39382,9251,46
48362,39383,9251,32
48363,39384,9251,29
48364,39385,9182,97
48365,39386,9182,45
48366,39387,9182,38
48367,39387,9217,10
48368,39388,9217,64
48369,39389,9183,82
48370,39390,9183,48
48371,39391,9183,19
48372,39392,9183,60
48373,39393,9114,51
48374,39394,9114,44
48375,39395,9114,54
48376,39396,9114,25
48377,39396,9149,56
48378,39397,8905,10
48379,39397,8940,48
48380,39398,8940,87
48381,39399,8940,28
48382,39400,8940,39
48383,39401,9046,59
48384,39402,9046,59
48385,39403,9046,13
48386,39403,9081,29
48387,39404,9081,71
48388,39405,9082,1
48389,39405,9117,82
48390,39406,9117,53
48391,39407,9117,39
48392,39408,9117,26
48393,39408,9152,37
48394,39409,9048,83
48395,39410,9048,41
48396,39410,9083,29
48397,39411,9083,86
48398,39412,9083,51
48399,39413,9434,55
48400,39414,9434,52
48401,39415,9434,19
48402,39416,9434,51
48403,39417,9330,8
48404,39417,9365,55
48405,39418,9365,36
48406,39419,9365,50
48407,39420,9365,102
48408,39421,9121,79
48409,39421,9156,13
48410,39422,9156,41
48411,39423,9156,45
48412,39424,9156,41
48413,39425,9437,75
48414,39425,9472,6
48415,39426,9472,61
48416,39427,9472,23
48417,39428,9472,43
48418,39429,9333,57
48419,39430,9333,39
48420,39431,9333,50
48421,39432,9333,83
48422,39433,8774,42
48423,39434,8774,25
48424,39435,8774,40
48425,39435,8809,24
48426,39436,8809,68
48427,39437,9265,23
48428,39437,9300,47
48429,39438,9300,92
48430,39439,9300,58
48431,39440,9300,36
48432,39440,9335,9
48433,39441,9126,87
48434,39442,9126,42
48435,39443,9161,26
48436,39444,9161,69
48437,39445,8987,22
48438,39445,9022,49
48439,39446,9022,48
48440,39447,9022,61
48441,39448,9022,6
48442,39448,9057,24
48443,39449,9233,93
48444,39450,9233,46
48445,39450,9268,2
48446,39451,9268,63
48447,39452,9268,54
48448,39453,9514,45
48449,39454,9514,39
48450,39455,9514,32
48451,39455,9549,28
48452,39456,9549,61
48453,39457,9025,52
48454,39457,9060,1
48455,39458,9060,52
48456,39459,9060,60
48457,39460,9060,32
48458,39461,9306,53
48459,39462,9306,59
48460,39463,9306,20
48461,39463,9341,24
48462,39464,9341,89
48463,39465,9062,30
48464,39465,9097,13
48465,39466,9097,30
48466,39467,9097,57
48467,39468,9097,55
48468,39469,9343,75
48469,39470,9343,55
48470,39471,9343,72
48471,39472,9343,40
48472,39473,8749,68
48473,39474,8749,18
48474,39474,8784,71
48475,39475,8784,56
48476,39476,8784,26
48477,39476,8819,22
48478,39477,9310,47
48479,39478,9310,26
48480,39479,9310,33
48481,39480,9310,59
48482,39481,8926,58
48483,39482,8926,6
48484,39482,8961,87
48485,39483,8961,49
48486,39484,8961,41
48487,39484,8996,2
48488,39485,8927,70
48489,39486,8927,44
48490,39487,8927,33
48491,39488,8927,17
48492,39488,8962,62
48493,39489,9313,66
48494,39490,9313,58
48495,39491,9313,29
48496,39492,9313,80
48497,39493,9104,48
48498,39494,9104,45
48499,39495,9104,60
48500,39496,9104,1
48501,39496,9139,125
48502,39497,9035,11
48503,39497,9070,46
48504,39498,9070,49
48505,39499,9070,20
48506,39499,9105,41
48507,39500,9105,129
48508,39501,9316,68
48509,39502,9316,57
48510,39503,9316,28
48511,39504,9316,30
48512,39504,9351,53
48513,39505,9457,82
48514,39506,9457,38
48515,39507,9457,21
48516,39508,9457,2
48517,39508,9492,32
48518,39509,8863,64
48519,39510,8863,4
48520,39510,8898,57
48521,39511,8898,28
48522,39512,8898,43
48523,39513,9214,26
48524,39514,9214,17
48525,39514,9249,39
48526,39515,9249,13
48527,39516,9249,61
48528,39517,9320,119
48529,39518,9320,34
48530,39519,9320,32
48531,39520,9320,25
48532,39520,9355,52
48533,39521,9251,66
48534,39522,9251,43
48535,39522,9286,36
48536,39523,9286,43
48537,39524,9286,60
48538,39525,9217,90
48539,39526,9217,53
48540,39526,9252,24
48541,39527,9252,89
48542,39528,9252,57
48543,39529,9183,45
48544,39529,9218,44
48545,39530,9218,92
48546,39531,9218,21
48547,39532,9218,12
48548,39532,9253,60
48549,39533,9149,55
48550,39534,9149,57
48551,39535,9149,17
48552,39536,9149,39
48553,39536,9184,17
48554,39537,8940,35
48555,39537,8975,22
48556,39538,8975,58
48557,39539,8975,31
48558,39540,8975,66
48559,39540,9010,19
48560,39541,9081,20
48561,39541,9116,65
48562,39542,9116,42
48563,39543,9116,61
48564,39543,9151,17
48565,39544,9151,57
48566,39545,9152,70
48567,39546,9152,49
48568,39547,9152,50
48569,39548,9152,23
48570,39549,9083,105
48571,39550,9083,6
48572,39550,9118,44
48573,39551,9118,26
48574,39552,9118,89
48575,39553,9434,43
48576,39553,9469,26
48577,39554,9469,54
48578,39555,9469,61
48579,39556,9469,44
48580,39557,9365,69
48581,39557,9400,95
48582,39558,9400,45
48583,39559,9400,74
48584,39560,9400,60
48585,39561,9156,86
48586,39562,9156,78
48587,39563,9156,19
48588,39563,9191,27
48589,39564,9191,107
48590,39565,9472,51
48591,39565,9507,28
48592,39566,9507,72
48593,39567,9507,38
48594,39568,9507,39
48595,39569,9333,43
48596,39569,9368,22
48597,39570,9368,58
48598,39571,9368,29
48599,39572,9368,92
48600,39573,8809,78
48601,39574,8809,31
48602,39574,8844,2
48603,39575,8844,31
48604,39576,8844,101
48605,39577,9335,97
48606,39578,9335,34
48607,39579,9335,44
48608,39580,9335,83
48609,39581,9161,59
48610,39582,9161,54
48611,39583,9161,42
48612,39584,9161,4
48613,39584,9196,29
48614,39585,9057,54
48615,39586,9057,36
48616,39587,9057,2
48617,39587,9092,20
48618,39588,9092,42
48619,39589,9268,75
48620,39590,9268,70
48621,39590,9303,3
48622,39591,9303,47
48623,39592,9303,70
48624,39593,9549,71
48625,39594,9549,36
48626,39595,9549,19
48627,39595,9584,26
48628,39596,9584,70
48629,39597,9060,20
48630,39597,9095,67
48631,39598,9095,75
48632,39599,9095,55
48633,39600,9095,58
48634,39601,9341,106
48635,39602,9341,12
48636,39602,9376,53
48637,39603,9376,40
48638,39604,9376,68
48639,39605,9097,73
48640,39605,9132,22
48641,39606,9132,101
48642,39607,9132,26
48643,39608,9132,24
48644,39609,9343,88
48645,39609,9378,34
48646,39610,9378,137
48647,39611,9378,27
48648,39612,9378,66
48649,39612,9413,3
48650,39613,8819,58
48651,39614,8819,55
48652,39615,8819,44
48653,39616,8819,9
48654,39616,8854,29
48655,39617,9310,27
48656,39617,9345,29
48657,39618,9345,33
48658,39619,9345,39
48659,39620,9345,46
48660,39621,8996,94
48661,39622,8996,69
48662,39623,8996,10
48663,39623,9031,48
48664,39624,9031,77
48665,39625,8962,48
48666,39626,8962,40
48667,39627,8962,20
48668,39628,8962,28
48669,39628,8997,58
48670,39629,9313,31
48671,39629,9348,133
48672,39630,9348,27
48673,39631,9348,36
48674,39632,9348,90
48675,39633,9139,86
48676,39634,9139,5
48677,39634,9174,41
48678,39635,9174,31
48679,39636,9174,32
48680,39637,9105,76
48681,39638,9105,2
48682,39638,9140,65
48683,39639,9140,44
48684,39640,9140,63
48685,39641,9351,141
48686,39642,9351,74
48687,39642,9386,100
48688,39643,9386,39
48689,39644,9386,85
48690,39645,9492,94
48691,39646,9492,65
48692,39647,9492,25
48693,39648,9492,56
48694,39648,9527,30
48695,39649,8898,28
48696,39649,8933,71
48697,39650,8933,51
48698,39651,8933,37
48699,39652,8933,41
48700,39652,8968,59
48701,39653,9249,46
48702,39654,9249,53
48703,39655,9249,27
48704,39656,9249,27
48705,39656,9284,46
48706,39657,9355,44
48707,39658,9355,78
48708,39659,9355,59
48709,39660,9355,48
48710,39661,9286,92
48711,39662,9286,62
48712,39662,9321,10
48713,39663,9321,75
48714,39664,9321,68
48715,39665,9252,64
48716,39665,9287,7
48717,39666,9287,76
48718,39667,9287,65
48719,39668,9287,80
48720,39669,9253,92
48721,39670,9253,75
48722,39671,9253,51
48723,39672,9253,25
48724,39672,9288,19
48725,39673,9184,72
48726,39674,9184,44
48727,39675,9184,41
48728,39675,9219,12
48729,39676,9219,63
48730,39677,9010,82
48731,39677,9045,19
48732,39678,9045,72
48733,39679,9045,47
48734,39679,9080,1
48735,39680,9080,88
48736,39681,9151,79
48737,39682,9151,85
48738,39683,9151,51
48739,39683,9186,35
48740,39684,9186,47
48741,39685,9152,55
48742,39685,9187,30
48743,39686,9187,31
48744,39687,9187,110
48745,39688,9187,99
48746,39688,9222,33
48747,39689,9118,96
48748,39690,9118,47
48749,39690,9153,19
48750,39691,9153,63
48751,39692,9153,109
48752,39693,9469,60
48753,39693,9504,49
48754,39694,9504,93
48755,39695,9504,80
48756,39696,9504,104
48757,39696,9539,8
48758,39697,9400,66
48759,39698,9400,75
48760,39698,9435,6
48761,39699,9435,85
48762,39700,9435,131
48763,39701,9191,50
48764,39702,9191,10
48765,39702,9226,40
48766,39703,9226,82
48767,39704,9226,87
48768,39705,9507,87
48769,39706,9507,7
48770,39706,9542,55
48771,39707,9542,44
48772,39708,9542,52
48773,39709,9368,67
48774,39710,9368,90
48775,39710,9403,4
48776,39711,9403,34
48777,39712,9403,110
48778,39713,8844,56
48779,39713,8879,43
48780,39714,8879,45
48781,39715,8879,35
48782,39716,8879,24
48783,39716,8914,61
48784,39717,9335,57
48785,39717,9370,17
48786,39718,9370,61
48787,39719,9370,52
48788,39720,9370,77
48789,39721,9196,108
48790,39722,9196,57
48791,39722,9231,50
48792,39723,9231,23
48793,39724,9231,81
48794,39725,9092,84
48795,39726,9092,53
48796,39726,9127,67
48797,39727,9127,97
48798,39728,9127,51
48799,39728,9162,13
48800,39729,9303,97
48801,39730,9303,64
48802,39731,9303,63
48803,39732,9303,2
48804,39732,9338,93
48805,39733,9584,113
48806,39733,9619,1
48807,39734,9619,132
48808,39735,9619,28
48809,39736,9619,79
48810,39737,9095,3
48811,39737,9130,54
48812,39738,9130,37
48813,39739,9130,83
48814,39740,9165,78
48815,39741,9376,52
48816,39742,9376,68
48817,39743,9376,54
48818,39743,9411,29
48819,39744,9411,48
48820,39745,9132,5
48821,39745,9167,71
48822,39746,9167,56
48823,39747,9167,72
48824,39748,9167,2
48825,39748,9202,74
48826,39749,9413,66
48827,39750,9413,46
48828,39751,9413,83
48829,39752,9413,47
48830,39753,8854,123
48831,39754,8854,42
48832,39754,8889,1
48833,39755,8889,52
48834,39756,8889,99
48835,39756,8924,1
48836,39757,9345,71
48837,39757,9380,38
48838,39758,9380,68
48839,39759,9380,63
48840,39760,9380,84
48841,39760,9415,40
48842,39761,9031,54
48843,39761,9066,43
48844,39762,9066,165
48845,39763,9066,29
48846,39763,9101,15
48847,39764,9101,184
48848,39765,8997,67
48849,39765,9032,48
48850,39766,9032,42
48851,39767,9032,66
48852,39768,9032,36
48853,39768,9067,86
48854,39769,9348,100
48855,39770,9348,25
48856,39770,9383,8
48857,39771,9383,63
48858,39772,9383,176
48859,39773,9174,136
48860,39773,9209,46
48861,39774,9209,117
48862,39775,9209,76
48863,39775,9244,20
48864,39776,9244,109
48865,39777,9140,40
48866,39777,9175,47
48867,39778,9175,84
48868,39779,9175,36
48869,39779,9210,60
48870,39780,9210,118
48871,39781,9386,1
48872,39781,9421,161
48873,39782,9421,43
48874,39783,9421,81
48875,39784,9421,175
48876,39784,9456,11
48877,39785,9527,161
48878,39786,9527,49
48879,39787,9527,29
48880,39787,9562,36
48881,39788,9562,104
48882,39789,8968,109
48883,39789,9003,70
48884,39790,9003,127
48885,39791,9003,51
48886,39791,9038,11
48887,39792,9038,161
48888,39793,9284,137
48889,39794,9284,101
48890,39795,9284,65
48891,39795,9319,13
48892,39796,9319,74
48893,39797,9355,32
48894,39797,9390,176
48895,39798,9390,28
48896,39799,9390,76
48897,39800,9390,43
48898,39800,9425,132
48899,39801,9321,129
48900,39801,9356,79
48901,39802,9356,73
48902,39803,9356,40
48903,39804,9356,14
48904,39804,9391,36
48905,39805,9287,15
48906,39805,9322,135
48907,39806,9322,96
48908,39807,9322,48
48909,39808,9322,89
48910,39809,9288,111
48911,39810,9288,183
48912,39811,9288,42
48913,39811,9323,42
48914,39812,9323,95
48915,39813,9219,148
48916,39813,9254,9
48917,39814,9254,141
48918,39815,9254,50
48919,39816,9254,74
48920,39816,9289,97
48921,39817,9080,98
48922,39818,9080,28
48923,39818,9115,66
48924,39819,9115,91
48925,39820,9115,106
48926,39820,9150,51
48927,39821,9186,93
48928,39821,9221,36
48929,39822,9221,79
48930,39823,9221,55
48931,39823,9256,36
48932,39824,9256,105
48933,39825,9222,133
48934,39825,9257,104
48935,39826,9257,34
48936,39827,9257,50
48937,39827,9292,22
48938,39828,9292,126
48939,39829,9153,34
48940,39829,9188,64
48941,39830,9188,51
48942,39831,9188,64
48943,39831,9223,25
48944,39832,9223,88
48945,39833,9539,110
48946,39834,9539,67
48947,39835,9539,42
48948,39836,9539,16
48949,39836,9574,69
48950,39837,9435,126
48951,39838,9435,10
48952,39838,9470,50
48953,39839,9470,61
48954,39840,9470,96
48955,39841,9226,31
48956,39841,9261,101
48957,39842,9261,83
48958,39843,9261,36
48959,39843,9296,76
48960,39844,9296,102
48961,39845,9542,44
48962,39846,9542,81
48963,39846,9577,24
48964,39847,9577,54
48965,39848,9577,122
48966,39848,9612,38
48967,39849,9403,70
48968,39849,9438,73
48969,39850,9438,52
48970,39851,9438,52
48971,39852,9438,105
48972,39852,9473,67
48973,39853,8914,86
48974,39853,8949,101
48975,39854,8949,106
48976,39854,8984,19
48977,39855,8984,28
48978,39856,8984,92
48979,39857,9370,131
48980,39857,9405,17
48981,39858,9405,81
48982,39859,9405,100
48983,39860,9405,126
48984,39861,9231,20
48985,39861,9266,50
48986,39862,9266,62
48987,39863,9266,51
48988,39864,9266,45
48989,39864,9301,32
48990,39865,9162,127
48991,39866,9162,84
48992,39866,9197,26
48993,39867,9197,62
48994,39868,9197,128
48995,39868,9232,7
48996,39869,9338,116
48997,39869,9373,5
48998,39870,9373,56
48999,39871,9373,138
49000,39872,9373,96
49001,39873,9619,85
49002,39873,9654,87
49003,39874,9654,11
49004,39874,9689,134
49005,39874,9724,21
49006,39875,9724,89
49007,39876,9724,62
49008,39876,9759,16
49009,39877,9165,80
49010,39878,9165,124
49011,39879,9165,41
49012,39879,9200,20
49013,39880,9200,136
49014,39881,9411,145
49015,39882,9411,30
49016,39883,9411,32
49017,39883,9446,36
49018,39884,9446,55
49019,39885,9202,202
49020,39885,9237,6
49021,39886,9237,118
49022,39887,9237,61
49023,39888,9237,100
49024,39889,9413,122
49025,39889,9448,46
49026,39890,9448,88
49027,39891,9448,36
49028,39891,9483,12
49029,39892,9483,144
49030,39893,8924,135
49031,39894,8924,35
49032,39894,8959,92
49033,39895,8959,72
49034,39896,8959,64
49035,39896,8994,63
49036,39897,9415,124
49037,39898,9415,71
49038,39899,9415,39
49039,39899,9450,18
49040,39900,9450,155
49041,39901,9101,46
49042,39901,9136,83
49043,39902,9136,33
49044,39903,9136,45
49045,39903,9171,17
49046,39904,9171,85
49047,39905,9067,75
49048,39905,9102,97
49049,39906,9102,85
49050,39906,9137,53
49051,39907,9137,101
49052,39908,9137,41
49053,39908,9172,40
49054,39909,9383,102
49055,39910,9383,45
49056,39910,9418,11
49057,39911,9418,59
49058,39912,9418,114
49059,39913,9244,80
49060,39913,9279,46
49061,39914,9279,53
49062,39915,9279,86
49063,39916,9279,58
49064,39916,9314,42
49065,39917,9210,92
49066,39918,9210,9
49067,39918,9245,56
49068,39919,9245,50
49069,39920,9245,155
49070,39920,9280,7
49071,39921,9456,47
49072,39922,9456,82
49073,39923,9456,76
49074,39924,9456,45
49075,39925,9562,59
49076,39925,9597,25
49077,39926,9597,89
49078,39927,9597,84
49079,39928,9597,47
49080,39929,9038,57
49081,39929,9073,25
49082,39930,9073,133
49083,39931,9073,48
49084,39931,9108,72
49085,39932,9108,126
49086,39933,9319,77
49087,39934,9319,88
49088,39935,9319,27
49089,39935,9354,29
49090,39936,9354,31
49091,39937,9425,77
49092,39937,9460,55
49093,39938,9460,105
49094,39939,9460,46
49095,39940,9460,89
49096,39941,9391,184
49097,39942,9391,39
49098,39943,9391,39
49099,39943,9426,32
49100,39944,9426,104
49101,39945,9322,36
49102,39946,9322,26
49103,39946,9357,56
49104,39947,9357,81
49105,39948,9357,101
49106,39949,9323,143
49107,39950,9323,62
49108,39950,9358,6
49109,39951,9358,54
49110,39952,9358,122
49111,39953,9289,90
49112,39954,9289,31
49113,39955,9289,101
49114,39956,9289,40
49115,39956,9324,113
49116,39957,9150,151
49117,39958,9150,28
49118,39958,9185,40
49119,39959,9185,97
49120,39960,9185,90
49121,39960,9220,43
49122,39961,9256,77
49123,39962,9256,131
49124,39962,9291,56
49125,39963,9291,67
49126,39964,9291,79
49127,39965,9292,103
49128,39966,9292,127
49129,39967,9292,24
49130,39967,9327,121
49131,39968,9327,42
49132,39969,9223,133
49133,39970,9223,46
49134,39970,9258,19
49135,39971,9258,130
49136,39972,9258,47
49137,39973,9574,96
49138,39974,9574,38
49139,39975,9574,67
49140,39976,9574,26
49141,39976,9609,85
49142,39977,9470,52
49143,39977,9505,81
49144,39978,9505,61
49145,39979,9505,39
49146,39980,9505,52
49147,39980,9540,7
49148,39981,9296,85
49149,39982,9296,24
49150,39982,9331,30
49151,39983,9331,66
49152,39984,9331,135
49153,39985,9612,85
49154,39986,9612,77
49155,39987,9612,55
49156,39988,9612,95
49157,39989,9473,87
49158,39990,9473,104
49159,39991,9473,67
49160,39991,9508,32
49161,39992,9508,97
49162,39993,8984,37
49163,39993,9019,98
49164,39994,9019,67
49165,39995,9019,42
49166,39995,9054,55
49167,39996,9054,94
49168,39997,9405,41
49169,39997,9440,33
49170,39998,9440,57
49171,39999,9440,30
49172,40000,9440,65
49173,40001,9301,110
49174,40002,9301,86
49175,40003,9301,13
49176,40004,9301,85
49177,40005,9232,68
49178,40006,9232,74
49179,40006,9267,7
49180,40007,9267,34
49181,40008,9267,66
49182,40009,9373,20
49183,40009,9408,43
49184,40010,9408,76
49185,40011,9408,68
49186,40012,9408,35
49187,40012,9443,113
49188,40013,9759,80
49189,40014,9759,64
49190,40015,9759,9
49191,40015,9794,55
49192,40016,9794,26
49193,40016,9829,79
49194,40017,9200,117
49195,40017,9235,88
49196,40018,9235,104
49197,40019,9235,20
49198,40019,9270,66
49199,40020,9270,113
49200,40021,9446,91
49201,40022,9446,70
49202,40023,9446,117
49203,40023,9481,21
49204,40024,9481,103
49205,40025,9237,13
49206,40025,9272,105
49207,40026,9272,59
49208,40026,9307,19
49209,40027,9307,84
49210,40028,9307,99
49211,40029,9483,129
49212,40029,9518,12
49213,40030,9518,84
49214,40031,9518,52
49215,40032,9518,79
49216,40033,8994,79
49217,40034,8994,71
49218,40034,9029,7
49219,40035,9029,54
49220,40036,9029,110
49221,40036,9064,14
49222,40037,9450,95
49223,40038,9450,47
49224,40039,9450,26
49225,40040,9450,10
49226,40040,9485,70
49227,40041,9171,42
49228,40042,9171,47
49229,40043,9171,59
49230,40044,9171,10
49231,40044,9206,60
49232,40045,9172,22
49233,40046,9172,31
49234,40047,9172,54
49235,40048,9172,60
49236,40049,9418,96
49237,40050,9418,21
49238,40051,9418,24
49239,40051,9453,2
49240,40052,9453,94
49241,40053,9314,62
49242,40054,9314,51
49243,40055,9314,25
49244,40056,9314,53
49245,40057,9280,39
49246,40058,9280,34
49247,40059,9280,43
49248,40060,9280,52
49249,40061,9456,29
49250,40061,9491,54
49251,40062,9491,22
49252,40063,9491,34
49253,40064,9491,56
49254,40065,9597,8
49255,40065,9632,43
49256,40066,9632,61
49257,40067,9632,37
49258,40067,9667,6
49259,40068,9667,63
49260,40069,9108,7
49261,40069,9143,57
49262,40070,9143,50
49263,40071,9143,33
49264,40072,9143,45
49265,40073,9354,100
49266,40074,9354,22
49267,40075,9354,18
49268,40076,9354,61
49269,40077,9460,36
49270,40078,9460,24
49271,40078,9495,18
49272,40079,9495,24
49273,40080,9495,65
49274,40081,9426,51
49275,40082,9426,29
49276,40083,9426,55
49277,40083,9461,4
49278,40084,9461,45
49279,40085,9357,17
49280,40085,9392,52
49281,40086,9392,32
49282,40087,9392,25
49283,40088,9392,41
49284,40089,9358,42
49285,40089,9393,5
49286,40090,9393,39
49287,40091,9393,49
49288,40092,9393,32
49289,40093,9324,42
49290,40094,9324,25
49291,40095,9324,15
49292,40096,9324,29
49293,40097,9220,35
49294,40098,9220,62
49295,40099,9220,25
49296,40100,9220,21
49297,40100,9255,92
49298,40101,9291,5
49299,40101,9326,72
49300,40102,9326,15
49301,40103,9326,23
49302,40104,9326,53
49303,40105,9327,67
49304,40106,9327,46
49305,40107,9327,6
49306,40107,9362,68
49307,40108,9362,60
49308,40109,9258,2
49309,40109,9293,38
49310,40110,9293,72
49311,40111,9293,19
49312,40112,9293,59
49313,40113,9609,60
49314,40114,9609,25
49315,40115,9609,20
49316,40116,9609,52
49317,40117,9540,90
49318,40118,9540,64
49319,40119,9540,19
49320,40120,9540,43
49321,40120,9575,29
49322,40121,9331,41
49323,40121,9366,13
49324,40122,9366,22
49325,40123,9366,44
49326,40124,9366,55
49327,40125,9612,32
49328,40125,9647,23
49329,40126,9647,45
49330,40127,9647,20
49331,40128,9647,40
49332,40128,9682,22
49333,40129,9508,47
49334,40130,9508,34
49335,40131,9508,32
49336,40132,9508,23
49337,40132,9543,17
49338,40133,9054,56
49339,40133,9089,10
49340,40134,9089,23
49341,40135,9089,59
49342,40136,9089,66
49343,40137,9440,76
49344,40138,9440,20
49345,40138,9475,5
49346,40139,9475,45
49347,40140,9475,35
49348,40141,9301,40
49349,40141,9336,47
49350,40142,9336,57
49351,40143,9336,39
49352,40144,9336,56
49353,40145,9267,60
49354,40146,9267,37
49355,40147,9267,28
49356,40147,9302,19
49357,40148,9302,20
49358,40149,9443,37
49359,40150,9443,30
49360,40151,9443,36
49361,40152,9443,31
49362,40153,9829,56
49363,40153,9864,21
49364,40154,9864,36
49365,40155,9864,11
49366,40156,9864,43
49367,40157,9270,41
49368,40157,9305,42
49369,40158,9305,25
49370,40159,9305,21
49371,40160,9305,51
49372,40161,9481,70
49373,40162,9481,52
49374,40162,9516,20
49375,40163,9516,40
49376,40164,9516,34
49377,40165,9307,50
49378,40166,9307,43
49379,40166,9342,13
49380,40167,9342,42
49381,40168,9342,62
49382,40169,9518,51
49383,40170,9518,15
49384,40171,9518,47
49385,40172,9518,23
49386,40172,9553,8
49387,40173,9064,47
49388,40174,9064,52
49389,40175,9064,19
49390,40176,9064,40
49391,40177,9485,25
49392,40178,9485,20
49393,40179,9485,40
49394,40180,9485,57
49395,40181,9206,57
49396,40182,9206,30
49397,40183,9206,33
49398,40184,9206,89
49399,40185,9172,62
49400,40186,9172,41
49401,40187,9172,26
49402,40187,9207,17
49403,40188,9207,69
49404,40189,9453,37
49405,40190,9453,39
49406,40191,9453,12
49407,40191,9488,23
49408,40192,9488,33
49409,40193,9314,24
49410,40193,9349,51
49411,40194,9349,41
49412,40195,9349,31
49413,40196,9349,68
49414,40197,9280,33
49415,40198,9280,24
49416,40199,9280,26
49417,40200,9280,89
49418,40201,9491,102
49419,40202,9491,21
49420,40202,9526,48
49421,40203,9526,45
49422,40204,9526,34
49423,40205,9667,61
49424,40205,9702,29
49425,40206,9702,24
49426,40207,9702,36
49427,40208,9702,34
49428,40209,9143,69
49429,40210,9143,17
49430,40211,9143,7
49431,40211,9178,28
49432,40212,9178,54
49433,40213,9354,38
49434,40214,9354,49
49435,40215,9354,2
49436,40215,9389,43
49437,40216,9389,56
49438,40217,9495,49
49439,40218,9495,63
49440,40219,9495,39
49441,40220,9495,32
49442,40220,9530,52
49443,40221,9461,44
49444,40222,9461,24
49445,40223,9461,32
49446,40224,9461,56
49447,40225,9392,85
49448,40226,9392,5
49449,40226,9427,16
49450,40227,9427,53
49451,40228,9427,39
49452,40229,9393,48
49453,40230,9393,32
49454,40231,9393,22
49455,40232,9393,35
49456,40233,9324,48
49457,40234,9324,19
49458,40234,9359,52
49459,40235,9359,48
49460,40236,9359,39
49461,40237,9255,81
49462,40238,9255,2
49463,40238,9290,25
49464,40239,9290,20
49465,40240,9290,49
49466,40241,9326,64
49467,40242,9326,34
49468,40243,9326,42
49469,40243,9361,7
49470,40244,9361,45
49471,40245,9362,80
49472,40246,9362,34
49473,40247,9362,25
49474,40248,9362,29
49475,40249,9293,74
49476,40250,9293,38
49477,40251,9293,40
49478,40252,9293,17
49479,40252,9328,16
49480,40253,9609,58
49481,40254,9609,33
49482,40254,9644,85
49483,40255,9644,36
49484,40255,9679,3
49485,40256,9679,58
49486,40257,9575,89
49487,40258,9575,45
49488,40259,9575,19
49489,40260,9575,51
49490,40261,9366,56
49491,40262,9366,47
49492,40263,9366,38
49493,40264,9366,29
49494,40264,9401,21
49495,40265,9682,60
49496,40266,9682,36
49497,40267,9682,33
49498,40267,9717,1
49499,40268,9717,33
49500,40269,9543,88
49501,40270,9543,65
49502,40271,9543,30
49503,40272,9543,41
49504,40273,9089,12
49505,40273,9124,32
49506,40274,9124,27
49507,40275,9124,47
49508,40276,9124,70
49509,40277,9475,51
49510,40278,9475,58
49511,40279,9475,30
49512,40280,9475,18
49513,40281,9336,57
49514,40282,9336,28
49515,40283,9336,31
49516,40283,9371,29
49517,40284,9371,32
49518,40285,9302,43
49519,40286,9302,65
49520,40287,9302,51
49521,40288,9302,62
49522,40289,9443,64
49523,40290,9443,32
49524,40290,9478,4
49525,40291,9478,42
49526,40292,9478,48
49527,40293,9864,28
49528,40293,9899,41
49529,40294,9899,30
49530,40295,9899,13
49531,40296,9899,30
49532,40297,9305,71
49533,40298,9305,15
49534,40299,9305,41
49535,40300,9305,41
49536,40301,9516,56
49537,40302,9516,36
49538,40303,9516,43
49539,40304,9516,80
49540,40305,9342,65
49541,40306,9342,53
49542,40307,9342,36
49543,40308,9342,60
49544,40309,9553,41
49545,40310,9553,36
49546,40311,9553,40
49547,40312,9553,59
49548,40313,9064,69
49549,40313,9099,3
49550,40314,9099,50
49551,40315,9099,33
49552,40316,9099,50
49553,40317,9520,74
49554,40318,9520,40
49555,40319,9520,32
49556,40320,9520,77
49557,40321,9206,4
49558,40321,9241,49
49559,40322,9241,53
49560,40323,9241,59
49561,40324,9241,20
49562,40324,9276,37
49563,40325,9207,64
49564,40325,9242,58
49565,40326,9242,52
49566,40327,9242,34
49567,40328,9242,26
49568,40329,9488,67
49569,40330,9488,45
49570,40331,9488,64
49571,40332,9488,86
49572,40333,9349,44
49573,40334,9349,27
49574,40335,9349,18
49575,40335,9384,50
49576,40336,9384,61
49577,40337,9280,59
49578,40337,9315,8
49579,40338,9315,132
49580,40339,9315,35
49581,40340,9315,44
49582,40341,9526,99
49583,40342,9526,33
49584,40342,9561,9
49585,40343,9561,30
49586,40344,9561,79
49587,40345,9702,33
49588,40345,9737,39
49589,40346,9737,71
49590,40347,9737,43
49591,40347,9772,7
49592,40348,9772,46
49593,40349,9178,72
49594,40350,9178,27
49595,40351,9178,25
49596,40352,9178,4
49597,40352,9213,66
49598,40353,9389,99
49599,40354,9389,58
49600,40355,9389,50
49601,40355,9424,20
49602,40356,9424,54
49603,40357,9530,30
49604,40358,9530,50
49605,40359,9530,35
49606,40360,9530,43
49607,40361,9461,64
49608,40361,9496,87
49609,40362,9496,60
49610,40363,9496,34
49611,40364,9496,58
49612,40365,9427,59
49613,40366,9427,60
49614,40367,9427,46
49615,40367,9462,7
49616,40368,9462,102
49617,40369,9393,32
49618,40369,9428,19
49619,40370,9428,22
49620,40371,9428,39
49621,40372,9428,62
49622,40373,9359,76
49623,40374,9359,55
49624,40375,9359,49
49625,40376,9359,20
49626,40377,9290,41
49627,40378,9290,60
49628,40379,9290,27
49629,40380,9290,49
49630,40381,9361,36
49631,40382,9361,42
49632,40383,9361,60
49633,40384,9361,71
49634,40385,9362,86
49635,40386,9362,18
49636,40386,9397,39
49637,40387,9397,32
49638,40388,9397,24
49639,40389,9328,71
49640,40390,9328,73
49641,40391,9328,49
49642,40392,9328,3
49643,40392,9363,95
49644,40393,9679,51
49645,40393,9714,22
49646,40394,9714,38
49647,40395,9714,42
49648,40396,9714,28
49649,40396,9749,16
49650,40397,9575,81
49651,40398,9575,7
49652,40398,9610,29
49653,40399,9610,30
49654,40400,9610,64
49655,40401,9401,109
49656,40402,9401,66
49657,40403,9401,29
49658,40404,9401,37
49659,40405,9717,91
49660,40406,9717,1
49661,40406,9752,53
49662,40407,9752,28
49663,40408,9752,30
49664,40408,9787,38
49665,40409,9543,25
49666,40409,9578,19
49667,40410,9578,49
49668,40411,9578,46
49669,40412,9578,65
49670,40412,9613,4
49671,40413,9124,87
49672,40413,9159,1
49673,40414,9159,33
49674,40415,9159,51
49675,40416,9159,20
49676,40417,9475,59
49677,40417,9510,15
49678,40418,9510,62
49679,40419,9510,59
49680,40420,9510,27
49681,40421,9371,42
49682,40422,9371,49
49683,40423,9371,22
49684,40424,9371,59
49685,40425,9302,48
49686,40426,9302,42
49687,40427,9302,24
49688,40428,9302,17
49689,40428,9337,60
49690,40429,9478,29
49691,40430,9478,58
49692,40431,9478,43
49693,40432,9478,53
49694,40433,9899,56
49695,40433,9934,38
49696,40434,9934,31
49697,40435,9934,38
49698,40436,9934,14
49699,40436,9969,61
49700,40437,9305,34
49701,40437,9340,52
49702,40438,9340,48
49703,40439,9340,36
49704,40440,9340,80
49705,40441,9516,11
49706,40441,9551,40
49707,40442,9551,32
49708,40443,9551,54
49709,40444,9551,74
49710,40445,9342,16
49711,40445,9377,42
49712,40446,9377,68
49713,40447,9377,29
49714,40448,9377,85
49715,40449,9553,52
49716,40449,9588,13
49717,40450,9588,40
49718,40451,9588,13
49719,40452,9588,49
49720,40453,9099,65
49721,40454,9099,8
49722,40454,9134,32
49723,40455,9134,33
49724,40456,9134,72
49725,40457,9520,37
49726,40457,9555,114
49727,40458,9555,50
49728,40459,9555,70
49729,40460,9555,54
49730,40460,9590,15
49731,40461,9276,87
49732,40462,9276,16
49733,40463,9276,24
49734,40464,9276,83
49735,40465,9242,75
49736,40465,9277,15
49737,40466,9277,62
49738,40467,9277,39
49739,40468,9277,79
49740,40469,9488,27
49741,40469,9523,43
49742,40470,9523,39
49743,40471,9523,34
49744,40472,9523,50
49745,40473,9384,107
49746,40474,9384,60
49747,40474,9419,3
49748,40475,9419,47
49749,40476,9419,88
49750,40477,9315,55
49751,40477,9350,8
49752,40478,9350,45
49753,40479,9350,36
49754,40480,9350,65
49755,40481,9561,60
49756,40482,9561,73
49757,40483,9561,28
49758,40484,9561,25
49759,40485,9772,47
49760,40486,9772,23
49761,40486,9807,24
49762,40487,9807,27
49763,40488,9807,41
49764,40489,9213,69
49765,40490,9213,49
49766,40491,9213,22
49767,40492,9213,35
49768,40492,9248,61
49769,40493,9424,46
49770,40494,9424,24
49771,40495,9424,31
49772,40496,9424,82
49773,40497,9530,34
49774,40497,9565,48
49775,40498,9565,57
49776,40499,9565,40
49777,40500,9565,68
49778,40501,9496,17
49779,40501,9531,76
49780,40502,9531,71
49781,40503,9531,29
49782,40504,9531,102
49783,40505,9462,73
49784,40506,9462,33
49785,40507,9462,32
49786,40508,9462,33
49787,40508,9497,48
49788,40509,9428,78
49789,40509,9463,7
49790,40510,9463,38
49791,40511,9463,14
49792,40512,9463,37
49793,40513,9359,77
49794,40514,9359,63
49795,40515,9359,41
49796,40515,9394,21
49797,40516,9394,116
49798,40517,9290,93
49799,40518,9290,34
49800,40519,9290,13
49801,40519,9325,29
49802,40520,9325,41
49803,40521,9361,51
49804,40522,9361,51
49805,40522,9396,42
49806,40523,9396,19
49807,40524,9396,70
49808,40525,9397,54
49809,40526,9397,40
49810,40527,9397,34
49811,40527,9432,4
49812,40528,9432,131
49813,40529,9363,91
49814,40530,9363,77
49815,40530,9398,8
49816,40531,9398,52
49817,40532,9398,66
49818,40533,9749,79
49819,40533,9784,20
49820,40534,9784,40
49821,40535,9784,37
49822,40536,9784,17
49823,40536,9819,43
49824,40537,9610,112
49825,40537,9645,17
49826,40538,9645,16
49827,40539,9645,33
49828,40540,9645,43
49829,40541,9401,2
49830,40541,9436,67
49831,40542,9436,59
49832,40543,9436,48
49833,40544,9436,128
49834,40545,9787,59
49835,40546,9787,80
49836,40547,9787,24
49837,40547,9822,14
49838,40548,9822,42
49839,40549,9613,89
49840,40550,9613,61
49841,40551,9613,39
49842,40552,9613,57
49843,40552,9648,42
49844,40553,9159,53
49845,40554,9159,72
49846,40554,9194,2
49847,40555,9194,54
49848,40556,9194,68
49849,40557,9510,71
49850,40558,9510,30
49851,40559,9510,39
49852,40560,9510,43
49853,40561,9371,48
49854,40561,9406,64
49855,40562,9406,20
49856,40563,9406,54
49857,40564,9406,57
49858,40565,9337,62
49859,40566,9337,50
49860,40567,9337,71
49861,40568,9337,55
49862,40569,9478,43
49863,40569,9513,68
49864,40570,9513,28
49865,40571,9513,59
49866,40572,9513,54
49867,40573,9969,52
49868,40573,10004,30
49869,40574,10004,83
49870,40575,10004,57
49871,40576,10004,43
49872,40576,10039,18
49873,40577,9340,59
49874,40578,9340,23
49875,40579,9340,24
49876,40579,9375,22
49877,40580,9375,105
49878,40581,9551,68
49879,40581,9586,18
49880,40582,9586,46
49881,40583,9586,20
49882,40584,9586,23
49883,40585,9377,102
49884,40586,9377,3
49885,40586,9412,54
49886,40587,9412,36
49887,40588,9412,139
49888,40589,9588,93
49889,40590,9588,94
49890,40591,9588,40
49891,40592,9623,50
49892,40593,9134,78
49893,40594,9134,9
49894,40594,9169,31
49895,40595,9169,51
49896,40596,9169,29
49897,40597,9590,97
49898,40598,9590,80
49899,40599,9590,29
49900,40600,9590,40
49901,40600,9625,42
49902,40601,9276,38
49903,40601,9311,125
49904,40602,9311,110
49905,40603,9311,41
49906,40604,9311,61
49907,40604,9346,19
49908,40605,9277,61
49909,40605,9312,62
49910,40606,9312,54
49911,40607,9312,68
49912,40608,9312,57
49913,40609,9523,95
49914,40610,9523,5
49915,40610,9558,42
49916,40611,9558,39
49917,40612,9558,61
49918,40613,9419,65
49919,40614,9419,63
49920,40614,9454,2
49921,40615,9454,68
49922,40616,9454,119
49923,40617,9350,94
49924,40617,9385,57
49925,40618,9385,68
49926,40619,9385,50
49927,40620,9385,69
49928,40621,9561,19
49929,40621,9596,68
49930,40622,9596,69
49931,40623,9596,83
49932,40624,9596,114
49933,40624,9631,31
49934,40625,9807,46
49935,40625,9842,84
49936,40626,9842,57
49937,40627,9842,9
49938,40627,9877,39
49939,40628,9877,84
49940,40629,9248,170
49941,40629,9283,8
49942,40630,9283,114
49943,40631,9283,80
49944,40632,9283,60
49945,40633,9424,8
49946,40633,9459,79
49947,40634,9459,40
49948,40635,9459,37
49949,40636,9459,90
49950,40636,9494,9
49951,40637,9565,101
49952,40638,9565,40
49953,40638,9600,15
49954,40639,9600,51
49955,40640,9600,30
49956,40641,9531,8
49957,40641,9566,102
49958,40642,9566,56
49959,40643,9566,66
49960,40644,9566,31
49961,40645,9497,119
49962,40646,9497,40
49963,40646,9532,59
49964,40647,9532,33
49965,40648,9532,93
49966,40649,9463,115
49967,40650,9463,13
49968,40650,9498,26
49969,40651,9498,30
49970,40652,9498,61
49971,40653,9394,85
49972,40654,9394,69
49973,40654,9429,50
49974,40655,9429,67
49975,40656,9429,39
49976,40657,9325,120
49977,40658,9325,23
49978,40659,9325,89
49979,40660,9325,50
49980,40660,9360,64
49981,40661,9396,107
49982,40662,9396,79
49983,40663,9396,11
49984,40663,9431,36
49985,40664,9431,44
49986,40665,9432,58
49987,40665,9467,48
49988,40666,9467,35
49989,40667,9467,88
49990,40668,9467,64
49991,40669,9398,85
49992,40670,9398,59
49993,40671,9398,30
49994,40672,9398,24
49995,40672,9433,36
49996,40673,9819,69
49997,40674,9819,7
49998,40674,9854,107
49999,40675,9854,37
50000,40675,9889,47
50001,40676,9889,59
50002,40676,9924,31
50003,40677,9645,34
50004,40677,9680,112
50005,40678,9680,47
50006,40678,9715,24
50007,40679,9715,44
50008,40680,9715,94
50009,40680,9750,1
50010,40681,9436,137
50011,40681,9471,14
50012,40682,9471,122
50013,40683,9471,34
50014,40683,9506,31
50015,40684,9506,137
50016,40685,9822,86
50017,40685,9857,6
50018,40686,9857,29
50019,40687,9857,73
50020,40688,9857,44
50021,40689,9648,95
50022,40689,9683,1
50023,40690,9683,41
50024,40691,9683,44
50025,40692,9683,46
50026,40692,9718,21
50027,40693,9194,49
50028,40694,9194,79
50029,40695,9194,10
50030,40695,9229,38
50031,40696,9229,68
50032,40697,9510,12
50033,40697,9545,138
50034,40698,9545,76
50035,40699,9545,21
50036,40699,9580,28
50037,40700,9580,47
50038,40701,9406,82
50039,40702,9406,45
50040,40702,9441,15
50041,40703,9441,41
50042,40704,9441,82
50043,40705,9337,23
50044,40705,9372,117
50045,40706,9372,37
50046,40707,9372,52
50047,40708,9372,55
50048,40708,9407,7
50049,40709,9513,41
50050,40710,9513,46
50051,40710,9548,69
50052,40711,9548,50
50053,40712,9548,33
50054,40713,10039,115
50055,40714,10039,19
50056,40714,10074,15
50057,40715,10074,57
50058,40716,10074,62
50059,40717,9375,96
50060,40718,9375,58
50061,40719,9375,40
50062,40719,9410,41
50063,40720,9410,126
50064,40721,9586,76
50065,40722,9586,48
50066,40723,9586,45
50067,40723,9621,19
50068,40724,9621,61
50069,40725,9412,17
50070,40725,9447,107
50071,40726,9447,59
50072,40727,9447,58
50073,40728,9447,46
50074,40729,9623,134
50075,40730,9623,52
50076,40731,9623,43
50077,40732,9623,33
50078,40732,9658,72
50079,40733,9169,83
50080,40734,9169,61
50081,40734,9204,58
50082,40735,9204,23
50083,40736,9204,100
50084,40737,9625,104
50085,40738,9625,45
50086,40739,9625,35
50087,40740,9625,25
50088,40740,9660,13
50089,40741,9346,52
50090,40742,9346,45
50091,40743,9346,50
50092,40744,9346,63
50093,40745,9312,11
50094,40745,9347,41
50095,40746,9347,82
50096,40747,9347,52
50097,40748,9347,77
50098,40748,9382,3
50099,40749,9558,92
50100,40750,9558,44
50101,40751,9558,31
50102,40752,9558,18
50103,40752,9593,34
50104,40753,9454,47
50105,40753,9489,32
50106,40754,9489,65
50107,40755,9489,53
50108,40756,9489,55
50109,40757,9385,62
50110,40757,9420,74
50111,40758,9420,22
50112,40759,9420,31
50113,40760,9420,89
50114,40761,9631,120
50115,40762,9631,36
50116,40762,9666,16
50117,40763,9666,36
50118,40764,9666,70
50119,40764,9701,21
50120,40765,9877,12
50121,40765,9912,102
50122,40765,9947,40
50123,40766,9947,63
50124,40767,9947,42
50125,40767,9982,20
50126,40768,9982,62
50127,40769,9283,25
50128,40769,9318,60
50129,40770,9318,22
50130,40771,9318,45
50131,40772,9318,51
50132,40773,9494,40
50133,40774,9494,98
50134,40775,9494,37
50135,40776,9494,70
50136,40777,9600,74
50137,40778,9600,102
50138,40778,9635,15
50139,40779,9635,74
50140,40780,9635,32
50141,40780,9670,10
50142,40781,9566,50
50143,40782,9566,36
50144,40782,9601,36
50145,40783,9601,84
50146,40784,9601,62
50147,40785,9532,116
50148,40786,9532,25
50149,40787,9532,40
50150,40788,9532,39
50151,40788,9567,8
50152,40789,9498,125
50153,40790,9498,60
50154,40791,9498,40
50155,40791,9533,31
50156,40792,9533,60
50157,40793,9429,50
50158,40794,9429,59
50159,40794,9464,18
50160,40795,9464,70
50161,40796,9464,48
50162,40797,9360,65
50163,40798,9360,69
50164,40799,9360,38
50165,40800,9360,45
50166,40801,9431,36
50167,40802,9431,65
50168,40803,9431,59
50169,40804,9431,83
50170,40804,9466,23
50171,40805,9467,14
50172,40805,9502,66
50173,40806,9502,56
50174,40807,9502,46
50175,40808,9502,102
50176,40809,9433,77
50177,40810,9433,58
50178,40811,9433,26
50179,40811,9468,5
50180,40812,9468,66
50181,40813,9924,104
50182,40814,9924,9
50183,40814,9959,56
50184,40815,9959,40
50185,40816,9959,23
50186,40816,9994,63
50187,40817,9750,75
50188,40818,9750,67
50189,40819,9750,11
50190,40819,9785,28
50191,40820,9785,54
50192,40821,9506,97
50193,40821,9541,15
50194,40822,9541,53
50195,40823,9541,28
50196,40824,9541,64
50197,40825,9857,9
50198,40825,9892,84
50199,40826,9892,20
50200,40827,9892,34
50201,40827,9927,47
50202,40828,9927,72
50203,40829,9718,48
50204,40830,9718,30
50205,40831,9718,34
50206,40832,9718,8
50207,40832,9753,41
50208,40833,9229,82
50209,40834,9229,35
50210,40834,9264,4
50211,40835,9264,33
50212,40836,9264,87
50213,40837,9580,139
50214,40837,9615,2
50215,40838,9615,77
50216,40839,9615,58
50217,40840,9615,118
50218,40841,9441,120
50219,40842,9441,8
50220,40842,9476,104
50221,40843,9476,97
50222,40844,9476,52
50223,40844,9511,16
50224,40845,9407,74
50225,40846,9407,46
50226,40847,9407,20
50227,40848,9407,60
50228,40849,9548,65
50229,40850,9548,64
50230,40851,9548,19
50231,40851,9583,38
50232,40852,9583,49
50233,40853,10074,55
50234,40853,10109,59
50235,40854,10109,51
50236,40855,10109,42
50237,40856,10109,13
50238,40856,10144,68
50239,40857,9410,69
50240,40858,9410,40
50241,40859,9410,16
50242,40859,9445,21
50243,40860,9445,58
50244,40861,9621,64
50245,40862,9621,24
50246,40863,9621,58
50247,40864,9621,56
50248,40865,9447,37
50249,40866,9447,8
50250,40866,9482,44
50251,40867,9482,46
50252,40868,9482,60
50253,40869,9658,64
50254,40869,9693,21
50255,40870,9693,58
50256,40871,9693,32
50257,40872,9693,24
50258,40872,9728,107
50259,40873,9204,14
50260,40873,9239,80
50261,40874,9239,36
50262,40875,9239,42
50263,40876,9239,59
50264,40876,9274,31
50265,40877,9660,70
50266,40878,9660,58
50267,40879,9660,32
50268,40879,9695,13
50269,40880,9695,74
50270,40881,9346,30
50271,40881,9381,19
50272,40882,9381,36
50273,40883,9381,46
50274,40884,9381,76
50275,40885,9382,78
50276,40886,9382,61
50277,40887,9382,37
50278,40888,9382,44
50279,40889,9593,76
50280,40890,9593,44
50281,40891,9593,30
50282,40892,9593,46
50283,40893,9489,61
50284,40893,9524,8
50285,40894,9524,51
50286,40895,9524,28
50287,40896,9524,50
50288,40897,9420,53
50289,40897,9455,10
50290,40898,9455,49
50291,40899,9455,27
50292,40900,9455,83
50293,40901,9701,61
50294,40902,9701,67
50295,40902,9736,12
50296,40903,9736,23
50297,40904,9736,53
50298,40905,9982,68
50299,40906,9982,28
50300,40907,10017,56
50301,40908,10017,74
50302,40909,9318,57
50303,40909,9353,76
50304,40910,9353,47
50305,40911,9353,45
50306,40912,9353,46
50307,40913,9494,57
50308,40914,9494,20
50309,40914,9529,45
50310,40915,9529,34
50311,40916,9529,81
50312,40917,9670,113
50313,40918,9670,17
50314,40918,9705,12
50315,40919,9705,26
50316,40920,9705,79
50317,40920,9740,18
50318,40921,9601,118
50319,40922,9601,17
50320,40922,9636,20
50321,40923,9636,49
50322,40924,9636,34
50323,40925,9567,66
50324,40926,9567,60
50325,40927,9567,46
50326,40928,9567,60
50327,40929,9533,116
50328,40930,9533,52
50329,40931,9533,4
50330,40931,9568,26
50331,40932,9568,112
50332,40933,9464,31
50333,40934,9464,35
50334,40935,9464,21
50335,40936,9464,44
50336,40936,9499,17
50337,40937,9360,74
50338,40937,9395,54
50339,40938,9395,58
50340,40939,9395,28
50341,40940,9395,83
50342,40941,9466,60
50343,40942,9466,43
50344,40943,9466,46
50345,40944,9466,102
50346,40944,9501,20
50347,40945,9502,22
50348,40945,9537,52
50349,40946,9537,30
50350,40947,9537,61
50351,40948,9537,40
50352,40949,9468,74
50353,40950,9468,26
50354,40950,9503,21
50355,40951,9503,81
50356,40952,9503,93
50357,40953,9994,67
50358,40954,9994,28
50359,40954,10029,7
50360,40955,10029,45
50361,40956,10029,76
50362,40957,9785,41
50363,40957,9820,24
50364,40958,9820,57
50365,40959,9820,64
50366,40960,9820,13
50367,40960,9855,83
50368,40961,9541,71
50369,40962,9541,47
50370,40962,9576,9
50371,40963,9576,84
50372,40964,9576,104
50373,40965,9927,2
50374,40965,9962,71
50375,40966,9962,40
50376,40966,9997,52
50377,40967,9997,62
50378,40968,9997,55
50379,40969,9753,78
50380,40970,9753,18
50381,40970,9788,46
50382,40971,9788,52
50383,40972,9788,14
50384,40972,9823,50
50385,40973,9264,60
50386,40974,9264,53
50387,40975,9264,33
50388,40975,9299,5
50389,40976,9299,60
50390,40977,9615,91
50391,40977,9650,6
50392,40978,9650,94
50393,40979,9650,65
50394,40979,9685,2
50395,40980,9685,50
50396,40981,9511,46
50397,40982,9511,31
50398,40983,9511,30
50399,40984,9511,94
50400,40985,9407,67
50401,40985,9442,34
50402,40986,9442,47
50403,40987,9442,69
50404,40988,9442,33
50405,40989,9583,35
50406,40990,9583,56
50407,40991,9583,45
50408,40992,9583,39
50409,40993,10144,34
50410,40994,10144,21
50411,40994,10179,18
50412,40995,10179,42
50413,40996,10179,33
50414,40997,9445,119
50415,40998,9445,42
50416,40999,9445,35
50417,41000,9445,52
50418,41001,9621,126
50419,41001,9656,20
50420,41002,9656,50
50421,41003,9656,24
50422,41004,9656,19
50423,41004,9691,55
50424,41005,9482,74
50425,41006,9482,48
50426,41007,9482,4
50427,41007,9517,26
50428,41008,9517,73
50429,41009,9728,35
50430,41009,9763,51
50431,41010,9763,90
50432,41010,9798,7
50433,41011,9798,63
50434,41012,9798,31
50435,41012,9833,22
50436,41013,9274,75
50437,41014,9274,34
50438,41015,9274,27
50439,41016,9274,49
50440,41016,9309,25
50441,41017,9695,80
50442,41018,9695,8
50443,41018,9730,45
50444,41019,9730,96
50445,41020,9730,43
50446,41020,9765,80
50447,41021,9381,16
50448,41022,9381,26
50449,41023,9381,27
50450,41024,9381,45
50451,41025,9382,51
50452,41025,9417,7
50453,41026,9417,29
50454,41027,9417,20
50455,41028,9417,53
50456,41029,9593,26
50457,41029,9628,17
50458,41030,9628,18
50459,41031,9628,15
50460,41032,9628,24
50461,41033,9524,26
50462,41034,9524,25
50463,41035,9524,23
50464,41036,9524,28
50465,41037,9455,62
50466,41038,9455,16
50467,41038,9490,12
50468,41039,9490,13
50469,41040,9490,30
50470,41041,9736,46
50471,41042,9736,7
50472,41042,9771,8
50473,41043,9771,18
50474,41044,9771,27
50475,41045,10017,29
50476,41046,10017,15
50477,41046,10052,3
50478,41047,10052,15
50479,41048,10052,48
50480,41049,9353,29
50481,41049,9388,39
50482,41050,9388,25
50483,41051,9388,19
50484,41052,9388,32
50485,41053,9529,39
50486,41054,9529,37
50487,41055,9529,29
50488,41056,9529,27
50489,41056,9564,10
50490,41057,9740,38
50491,41058,9740,29
50492,41059,9740,33
50493,41060,9740,37
50494,41061,9636,5
50495,41061,9671,31
50496,41062,9671,27
50497,41063,9671,14
50498,41064,9671,40
50499,41065,9567,42
50500,41066,9567,2
50501,41066,9602,31
50502,41067,9602,44
50503,41068,9602,45
50504,41069,9568,68
50505,41070,9568,26
50506,41071,9568,13
50507,41072,9568,36
50508,41073,9499,45
50509,41074,9499,30
50510,41075,9499,26
50511,41076,9499,22
50512,41077,9395,26
50513,41077,9430,12
50514,41078,9430,35
50515,41079,9430,36
50516,41080,9430,33
50517,41081,9501,38
50518,41082,9501,26
50519,41083,9501,24
50520,41084,9501,48
50521,41085,9537,9
50522,41085,9572,51
50523,41086,9572,13
50524,41087,9572,36
50525,41088,9572,41
50526,41089,9503,36
50527,41090,9503,21
50528,41091,9503,32
50529,41092,9503,18
50530,41093,10029,11
50531,41093,10064,31
50532,41094,10064,16
50533,41095,10064,12
50534,41096,10064,57
50535,41097,9855,19
50536,41098,9855,17
50537,41098,9890,16
50538,41099,9890,18
50539,41100,9890,76
50540,41101,9576,36
50541,41102,9576,25
50542,41103,9576,27
50543,41104,9576,20
50544,41105,9997,7
50545,41105,10032,33
50546,41106,10032,26
50547,41107,10032,21
50548,41108,10032,31
50549,41109,9823,26
50550,41110,9823,25
50551,41111,9823,23
50552,41111,9858,1
50553,41112,9858,41
50554,41113,9299,39
50555,41114,9299,26
50556,41115,9299,27
50557,41116,9299,62
50558,41117,9685,39
50559,41118,9685,32
50560,41119,9685,21
50561,41120,9685,10
50562,41120,9720,31
50563,41121,9511,52
50564,41122,9511,15
50565,41123,9511,35
50566,41124,9511,21
50567,41125,9442,23
50568,41126,9442,33
50569,41127,9442,31
50570,41128,9442,2
50571,41128,9477,28
50572,41129,9583,48
50573,41130,9583,30
50574,41130,9618,27
50575,41131,9618,22
50576,41132,9618,30
50577,41133,10179,21
50578,41134,10179,32
50579,41135,10179,20
50580,41136,10179,22
50581,41137,9445,14
50582,41137,9480,51
50583,41138,9480,23
50584,41139,9480,42
50585,41140,9480,23
50586,41141,9691,33
50587,41142,9691,21
50588,41143,9691,38
50589,41144,9691,16
50590,41144,9726,15
50591,41145,9517,30
50592,41146,9517,12
50593,41147,9517,25
50594,41148,9517,41
50595,41149,9833,53
50596,41150,9833,43
50597,41151,9833,2
50598,41151,9868,33
50599,41152,9868,30
50600,41153,9309,40
50601,41154,9309,26
50602,41155,9309,35
50603,41156,9309,30
50604,41157,9765,20
50605,41157,9800,45
50606,41158,9800,21
50607,41159,9800,30
50608,41160,9800,21
50609,41160,9835,10
50610,41161,9381,18
50611,41162,9381,21
50612,41163,9381,16
50613,41164,9381,24
50614,41164,9416,38
50615,41165,9417,44
50616,41166,9417,18
50617,41167,9417,15
50618,41168,9417,33
50619,41169,9628,39
50620,41170,9628,22
50621,41171,9628,5
50622,41171,9663,26
50623,41172,9663,27
50624,41173,9524,4
50625,41173,9559,45
50626,41174,9559,13
50627,41175,9559,32
50628,41176,9559,49
50629,41177,9490,34
50630,41178,9490,28
50631,41179,9490,24
50632,41180,9490,24
50633,41181,9771,34
50634,41182,9771,16
50635,41183,9771,17
50636,41183,9806,4
50637,41184,9806,27
50638,41185,10052,55
50639,41186,10052,40
50640,41186,10087,12
50641,41187,10087,21
50642,41188,10087,26
50643,41189,9388,57
50644,41190,9388,11
50645,41191,9388,18
50646,41191,9423,7
50647,41192,9423,21
50648,41193,9564,46
50649,41194,9564,13
50650,41195,9564,13
50651,41196,9564,27
50652,41197,9740,27
50653,41197,9775,28
50654,41198,9775,37
50655,41199,9775,9
50656,41200,9775,15
50657,41201,9671,19
50658,41202,9671,22
50659,41203,9671,26
50660,41204,9671,29
50661,41205,9602,23
50662,41206,9602,32
50663,41207,9602,26
50664,41208,9602,50
50665,41209,9568,12
50666,41209,9603,30
50667,41210,9603,42
50668,41211,9603,29
50669,41212,9603,16
50670,41213,9499,45
50671,41214,9499,28
50672,41215,9499,27
50673,41216,9499,34
50674,41216,9534,19
50675,41217,9430,45
50676,41218,9430,23
50677,41219,9430,11
50678,41220,9430,20
50679,41221,9501,44
50680,41222,9501,16
50681,41223,9501,32
50682,41224,9501,29
50683,41224,9536,13
50684,41225,9572,22
50685,41226,9572,19
50686,41227,9572,17
50687,41228,9572,43
50688,41229,9503,12
50689,41229,9538,12
50690,41230,9538,16
50691,41231,9538,17
50692,41232,9538,33
50693,41233,10064,49
50694,41234,10064,11
50695,41234,10099,34
50696,41235,10099,17
50697,41236,10099,24
50698,41237,9890,26
50699,41238,9890,26
50700,41238,9925,2
50701,41239,9925,17
50702,41240,9925,36
50703,41241,9576,73
50704,41242,9576,21
50705,41242,9611,21
50706,41243,9611,15
50707,41244,9611,46
50708,41245,10032,60
50709,41246,10032,7
50710,41247,10032,35
50711,41248,10032,23
50712,41249,9858,28
50713,41250,9858,18
50714,41251,9858,24
50715,41252,9858,6
50716,41252,9893,24
50717,41253,9299,48
50718,41254,9299,20
50719,41255,9299,43
50720,41256,9299,44
50721,41256,9334,21
50722,41257,9720,58
50723,41258,9720,29
50724,41259,9720,11
50725,41260,9720,14
50726,41260,9755,3
50727,41261,9511,39
50728,41261,9546,9
50729,41262,9546,27
50730,41263,9546,19
50731,41264,9546,31
50732,41265,9477,45
50733,41266,9477,11
50734,41267,9477,16
50735,41268,9477,19
50736,41269,9618,48
50737,41270,9618,29
50738,41271,9618,31
50739,41272,9618,19
50740,41272,9653,37
50741,41273,10179,6
50742,41273,10214,27
50743,41274,10214,12
50744,41275,10214,20
50745,41276,10214,21
50746,41277,9480,26
50747,41278,9480,31
50748,41279,9480,15
50749,41280,9480,22
50750,41281,9726,29
50751,41282,9726,19
50752,41283,9726,23
50753,41284,9726,65
50754,41285,9517,44
50755,41286,9517,15
50756,41287,9517,7
50757,41287,9552,14
50758,41288,9552,37
50759,41289,9868,47
50760,41290,9868,42
50761,41291,9868,21
50762,41292,9903,30
50763,41293,9309,40
50764,41294,9309,17
50765,41295,9309,9
50766,41296,9309,24
50767,41296,9344,9
50768,41297,9835,45
50769,41298,9835,18
50770,41299,9835,31
50771,41300,9835,47
50772,41301,9416,42
50773,41302,9416,26
50774,41303,9416,13
50775,41304,9416,47
50776,41305,9417,48
50777,41305,9452,12
50778,41306,9452,30
50779,41307,9452,37
50780,41308,9452,50
50781,41309,9663,45
50782,41310,9663,34
50783,41311,9663,19
50784,41312,9663,19
50785,41312,9698,1
50786,41313,9559,57
50787,41314,9559,40
50788,41315,9559,21
50789,41316,9559,33
50790,41316,9594,10
50791,41317,9490,47
50792,41318,9490,13
50793,41319,9490,36
50794,41320,9490,5
50795,41320,9525,29
50796,41321,9806,35
50797,41322,9806,25
50798,41323,9806,15
50799,41324,9806,36
50800,41325,10087,33
50801,41326,10087,36
50802,41327,10087,36
50803,41327,10122,1
50804,41328,10122,47
50805,41329,9423,30
50806,41330,9423,48
50807,41331,9423,19
50808,41332,9423,49
50809,41333,9564,71
50810,41334,9564,36
50811,41335,9564,23
50812,41336,9564,29
50813,41337,9775,47
50814,41338,9775,5
50815,41338,9810,32
50816,41339,9810,10
50817,41340,9810,17
50818,41341,9671,16
50819,41341,9706,45
50820,41342,9706,24
50821,41343,9706,31
50822,41344,9706,36
50823,41345,9602,28
50824,41346,9602,26
50825,41347,9602,14
50826,41347,9637,15
50827,41348,9637,39
50828,41349,9603,33
50829,41350,9603,27
50830,41351,9603,21
50831,41352,9603,43
50832,41353,9534,28
50833,41354,9534,53
50834,41355,9534,31
50835,41356,9534,29
50836,41357,9430,33
50837,41357,9465,24
50838,41358,9465,38
50839,41359,9465,22
50840,41360,9465,40
50841,41361,9536,40
50842,41362,9536,25
50843,41363,9536,18
50844,41364,9536,23
50845,41365,9572,30
50846,41365,9607,2
50847,41366,9607,28
50848,41367,9607,18
50849,41368,9607,22
50850,41369,9538,86
50851,41370,9538,27
50852,41371,9538,22
50853,41372,9538,63
50854,41373,10099,62
50855,41373,10134,6
50856,41374,10134,44
50857,41375,10134,28
50858,41376,10134,40
50859,41377,9925,33
50860,41378,9925,34
50861,41379,9925,31
50862,41380,9925,11
50863,41380,9960,34
50864,41381,9611,78
50865,41382,9611,38
50866,41383,9611,34
50867,41384,9611,33
50868,41385,10032,35
50869,41385,10067,35
50870,41386,10067,37
50871,41387,10067,12
50872,41388,10067,30
50873,41388,10102,6
50874,41389,9893,53
50875,41390,9893,36
50876,41391,9893,16
50877,41391,9928,5
50878,41392,9928,29
50879,41393,9334,32
50880,41394,9334,45
50881,41395,9334,25
50882,41396,9334,41
50883,41397,9755,67
50884,41398,9755,26
50885,41399,9755,21
50886,41400,9755,33
50887,41401,9546,78
50888,41402,9546,28
50889,41403,9546,17
50890,41404,9546,61
50891,41404,9581,6
50892,41405,9477,58
50893,41406,9477,35
50894,41407,9477,13
50895,41408,9477,43
50896,41409,9653,78
50897,41410,9653,21
50898,41411,9653,11
50899,41411,9688,26
50900,41412,9688,72
50901,41413,10214,27
50902,41414,10214,32
50903,41415,10214,24
50904,41415,10249,4
50905,41416,10249,45
50906,41417,9480,8
50907,41417,9515,31
50908,41418,9515,42
50909,41419,9515,20
50910,41420,9515,53
50911,41421,9726,41
50912,41422,9726,5
50913,41422,9761,29
50914,41423,9761,18
50915,41424,9761,34
50916,41425,9552,52
50917,41426,9552,25
50918,41427,9552,19
50919,41428,9552,53
50920,41429,9903,42
50921,41430,9903,26
50922,41431,9903,27
50923,41432,9903,23
50924,41432,9938,28
50925,41433,9344,25
50926,41434,9344,25
50927,41435,9344,22
50928,41436,9344,14
50929,41437,9835,5
50930,41437,9870,55
50931,41438,9870,19
50932,41439,9870,22
50933,41440,9870,64
50934,41441,9416,54
50935,41442,9416,43
50936,41443,9416,58
50937,41444,9416,44
50938,41445,9452,32
50939,41446,9452,41
50940,41447,9452,34
50941,41448,9452,6
50942,41449,9698,29
50943,41450,9698,41
50944,41451,9698,20
50945,41452,9698,23
50946,41452,9733,16
50947,41453,9594,35
50948,41454,9594,36
50949,41455,9594,28
50950,41456,9594,44
50951,41457,9525,49
50952,41458,9525,27
50953,41459,9525,56
50954,41460,9525,61
50955,41461,9806,55
50956,41462,9806,24
50957,41462,9841,2
50958,41463,9841,37
50959,41464,9841,32
50960,41465,10122,54
50961,41466,10122,42
50962,41467,10122,17
50963,41468,10122,27
50964,41468,10157,25
50965,41469,9423,37
50966,41470,9423,4
50967,41470,9458,34
50968,41471,9458,33
50969,41472,9458,35
50970,41473,9564,25
50971,41473,9599,40
50972,41474,9599,26
50973,41475,9599,20
50974,41476,9599,71
50975,41477,9810,67
50976,41478,9845,37
50977,41479,9845,62
50978,41480,9845,26
50979,41481,9706,29
50980,41481,9741,29
50981,41482,9741,13
50982,41483,9741,26
50983,41484,9741,39
50984,41485,9637,39
50985,41486,9637,33
50986,41487,9637,20
50987,41488,9637,1
50988,41488,9672,21
50989,41489,9603,63
50990,41489,9638,8
50991,41490,9638,66
50992,41491,9638,30
50993,41492,9638,8
50994,41492,9673,16
50995,41493,9534,45
50996,41494,9534,53
50997,41494,9569,29
50998,41495,9569,20
50999,41496,9569,35
51000,41497,9465,57
51001,41498,9465,41
51002,41499,9465,23
51003,41500,9465,51
51004,41501,9536,61
51005,41502,9536,53
51006,41502,9571,6
51007,41503,9571,33
51008,41504,9571,37
51009,41505,9607,53
51010,41506,9607,47
51011,41507,9607,26
51012,41508,9607,40
51013,41508,9642,11
51014,41509,9538,27
51015,41510,9538,29
51016,41511,9538,7
51017,41511,9573,23
51018,41512,9573,50
51019,41513,10134,36
51020,41513,10169,1
51021,41514,10169,34
51022,41515,10169,39
51023,41516,10169,52
51024,41517,9960,39
51025,41518,9960,38
51026,41519,9960,29
51027,41520,9960,43
51028,41521,9611,24
51029,41521,9646,32
51030,41522,9646,44
51031,41523,9646,26
51032,41524,9646,17
51033,41525,10102,63
51034,41526,10102,61
51035,41527,10102,30
51036,41528,10102,9
51037,41528,10137,41
51038,41529,9928,54
51039,41530,9928,20
51040,41530,9963,35
51041,41531,9963,14
51042,41532,9963,37
51043,41533,9334,37
51044,41534,9334,15
51045,41534,9369,21
51046,41535,9369,47
51047,41536,9369,21
51048,41537,9755,48
51049,41537,9790,25
51050,41538,9790,34
51051,41539,9790,16
51052,41540,9790,43
51053,41540,9825,5
51054,41541,9581,64
51055,41542,9581,47
51056,41543,9581,54
51057,41544,9581,61
51058,41545,9477,20
51059,41545,9512,12
51060,41546,9512,45
51061,41547,9512,24
51062,41548,9512,38
51063,41549,9688,33
51064,41550,9688,33
51065,41551,9688,15
51066,41551,9723,12
51067,41552,9723,47
51068,41553,10249,54
51069,41554,10249,25
51070,41555,10249,26
51071,41556,10249,13
51072,41556,10284,59
51073,41557,9515,38
51074,41558,9515,8
51075,41558,9550,29
51076,41559,9550,51
51077,41560,9550,52
51078,41561,9761,94
51079,41561,9796,12
51080,41562,9796,32
51081,41563,9796,34
51082,41564,9796,25
51083,41565,9552,62
51084,41566,9552,14
51085,41567,9552,15
51086,41568,9552,10
51087,41568,9587,20
51088,41569,9938,78
51089,41570,9938,25
51090,41571,9938,29
51091,41572,9938,17
51092,41572,9973,33
51093,41573,9344,64
51094,41574,9344,61
51095,41575,9344,49
51096,41576,9344,41
51097,41577,9870,26
51098,41577,9905,28
51099,41578,9905,42
51100,41579,9905,19
51101,41580,9905,60
51102,41581,9416,5
51103,41581,9451,82
51104,41582,9451,68
51105,41583,9451,37
51106,41584,9451,44
51107,41585,9452,54
51108,41585,9487,5
51109,41586,9487,28
51110,41587,9487,21
51111,41588,9487,35
51112,41589,9733,63
51113,41590,9733,37
51114,41591,9733,46
51115,41592,9733,17
51116,41592,9768,53
51117,41593,9594,71
51118,41594,9594,43
51119,41594,9629,11
51120,41595,9629,23
51121,41596,9629,40
51122,41597,9525,49
51123,41598,9525,32
51124,41598,9560,1
51125,41599,9560,18
51126,41600,9560,65
51127,41601,9841,35
51128,41602,9841,54
51129,41603,9841,26
51130,41604,9841,27
51131,41605,10157,30
51132,41606,10157,48
51133,41607,10157,36
51134,41608,10157,22
51135,41608,10192,50
51136,41609,9458,56
51137,41610,9458,58
51138,41611,9458,28
51139,41612,9458,38
51140,41612,9493,10
51141,41613,9599,72
51142,41613,9634,26
51143,41614,9634,67
51144,41615,9634,21
51145,41616,9634,33
51146,41617,9845,16
51147,41617,9880,68
51148,41618,9880,31
51149,41619,9880,43
51150,41620,9880,27
51151,41620,9915,18
51152,41621,9741,58
51153,41622,9741,13
51154,41622,9776,62
51155,41623,9776,34
51156,41624,9776,18
51157,41624,9811,46
51158,41625,9672,58
51159,41626,9672,23
51160,41627,9672,42
51161,41627,9707,14
51162,41628,9707,76
51163,41629,9673,40
51164,41630,9673,55
51165,41630,9708,6
51166,41631,9708,29
51167,41632,9708,43
51168,41633,9569,80
51169,41634,9569,35
51170,41635,9569,40
51171,41636,9569,33
51172,41636,9604,7
51173,41637,9465,16
51174,41637,9500,15
51175,41638,9500,37
51176,41639,9500,25
51177,41640,9500,44
51178,41641,9571,80
51179,41642,9571,24
51180,41643,9571,12
51181,41644,9571,55
51182,41644,9606,32
51183,41645,9642,57
51184,41646,9642,32
51185,41647,9642,36
51186,41648,9642,38
51187,41649,9573,62
51188,41650,9573,54
51189,41651,9573,44
51190,41652,9573,14
51191,41652,9608,19
51192,41653,10169,57
51193,41654,10169,7
51194,41654,10204,50
51195,41655,10204,40
51196,41656,10204,57
51197,41657,9960,5
51198,41657,9995,122
51199,41658,9995,45
51200,41659,9995,20
51201,41659,10030,38
51202,41660,10030,54
51203,41661,9646,6
51204,41661,9681,96
51205,41661,9716,27
51206,41662,9716,48
51207,41663,9716,27
51208,41664,9716,54
51209,41664,9751,27
51210,41665,10137,42
51211,41666,10137,33
51212,41667,10137,36
51213,41667,10172,44
51214,41668,10172,27
51215,41669,9963,77
51216,41670,9963,15
51217,41670,9998,35
51218,41671,9998,48
51219,41672,9998,28
51220,41673,9369,31
51221,41674,9369,29
51222,41675,9369,42
51223,41676,9369,87
51224,41677,9825,48
51225,41678,9825,26
51226,41679,9825,44
51227,41680,9825,27
51228,41680,9860,27
51229,41681,9581,35
51230,41681,9616,26
51231,41682,9616,57
51232,41683,9616,55
51233,41684,9616,45
51234,41685,9512,75
51235,41686,9512,28
51236,41686,9547,23
51237,41687,9547,41
51238,41688,9547,92
51239,41689,9723,58
51240,41690,9723,46
51241,41690,9758,11
51242,41691,9758,68
51243,41692,9758,41
51244,41692,9793,55
51245,41693,10284,80
51246,41694,10284,38
51247,41695,10284,18
51248,41695,10319,16
51249,41696,10319,111
51250,41697,9550,37
51251,41698,9550,71
51252,41699,9550,62
51253,41700,9550,18
51254,41700,9585,23
51255,41701,9796,41
51256,41701,9831,30
51257,41702,9831,14
51258,41703,9831,20
51259,41704,9831,34
51260,41705,9587,45
51261,41706,9587,15
51262,41707,9587,28
51263,41708,9587,59
51264,41709,9973,43
51265,41710,9973,17
51266,41710,10008,23
51267,41711,10008,26
51268,41712,10008,59
51269,41713,9344,78
51270,41714,9344,86
51271,41715,9344,22
51272,41715,9379,3
51273,41716,9379,35
51274,41717,9905,47
51275,41717,9940,67
51276,41718,9940,21
51277,41719,9940,77
51278,41720,9940,10
51279,41720,9975,20
51280,41721,9451,26
51281,41721,9486,46
51282,41722,9486,56
51283,41723,9486,65
51284,41724,9486,62
51285,41725,9487,82
51286,41726,9487,53
51287,41727,9487,55
51288,41728,9487,18
51289,41729,9768,57
51290,41730,9768,4
51291,41730,9803,36
51292,41731,9803,103
51293,41732,9803,28
51294,41732,9838,56
51295,41733,9629,65
51296,41733,9664,14
51297,41734,9664,59
51298,41735,9664,45
51299,41735,9699,16
51300,41736,9699,79
51301,41737,9560,105
51302,41738,9560,70
51303,41739,9595,60
51304,41740,9595,50
51305,41741,9841,19
51306,41741,9876,57
51307,41742,9876,70
51308,41743,9876,27
51309,41744,9876,24
51310,41744,9911,19
51311,41745,10192,56
51312,41746,10192,50
51313,41746,10227,15
51314,41747,10227,36
51315,41748,10227,59
51316,41749,9493,66
51317,41750,9493,52
51318,41751,9493,60
51319,41752,9493,97
51320,41753,9634,9
51321,41753,9669,60
51322,41754,9669,39
51323,41754,9704,26
51324,41755,9704,48
51325,41756,9704,78
51326,41756,9739,18
51327,41757,9915,56
51328,41758,9915,30
51329,41758,9950,7
51330,41759,9950,22
51331,41760,9950,46
51332,41761,9811,86
51333,41761,9846,3
51334,41762,9846,31
51335,41763,9846,65
51336,41764,9846,14
51337,41764,9881,35
51338,41765,9707,73
51339,41765,9742,50
51340,41766,9742,58
51341,41767,9742,52
51342,41767,9777,19
51343,41768,9777,52
51344,41769,9708,73
51345,41770,9708,14
51346,41770,9743,94
51347,41771,9743,59
51348,41772,9743,1
51349,41772,9778,55
51350,41773,9604,63
51351,41774,9604,39
51352,41775,9604,27
51353,41776,9604,37
51354,41777,9500,62
51355,41778,9500,38
51356,41778,9535,17
51357,41779,9535,90
51358,41780,9535,114
51359,41780,9570,5
51360,41781,9606,81
51361,41782,9606,55
51362,41783,9606,11
51363,41783,9641,47
51364,41784,9641,69
51365,41785,9642,29
51366,41785,9677,114
51367,41786,9677,5
51368,41786,9712,40
51369,41787,9712,82
51370,41787,9747,15
51371,41788,9747,28
51372,41789,9608,59
51373,41790,9608,142
51374,41791,9608,35
51375,41792,9608,67
51376,41792,9643,21
51377,41793,10204,40
51378,41793,10239,2
51379,41794,10239,85
51380,41795,10239,30
51381,41796,10239,61
51382,41796,10274,15
51383,41797,10030,42
51384,41798,10030,61
51385,41798,10065,2
51386,41799,10065,33
51387,41800,10065,51
51388,41801,9751,54
51389,41802,9751,54
51390,41802,9786,7
51391,41803,9786,41
51392,41804,9786,88
51393,41804,9821,32
51394,41805,10172,117
51395,41806,10172,2
51396,41806,10207,70
51397,41807,10207,22
51398,41808,10207,117
51399,41809,9998,65
51400,41810,9998,5
51401,41810,10033,73
51402,41811,10033,53
51403,41812,10033,87
51404,41812,10068,19
51405,41813,9369,8
51406,41813,9404,43
51407,41814,9404,49
51408,41815,9404,39
51409,41816,9404,52
51410,41817,9860,57
51411,41818,9860,16
51412,41818,9895,19
51413,41819,9895,40
51414,41820,9895,53
51415,41820,9930,37
51416,41821,9616,102
51417,41821,9651,2
51418,41822,9651,80
51419,41823,9651,13
51420,41823,9686,40
51421,41824,9686,72
51422,41825,9547,54
51423,41825,9582,21
51424,41826,9582,41
51425,41827,9582,26
51426,41828,9582,58
51427,41829,9793,76
51428,41829,9828,30
51429,41830,9828,70
51430,41831,9828,68
51431,41831,9863,2
51432,41832,9863,64
51433,41833,10319,37
51434,41833,10354,19
51435,41834,10354,40
51436,41835,10354,63
51437,41836,10354,30
51438,41837,9585,83
51439,41838,9585,68
51440,41839,9585,42
51441,41840,9585,79
51442,41841,9831,53
51443,41842,9831,8
51444,41842,9866,38
51445,41843,9866,27
51446,41844,9866,70
51447,41845,9587,60
51448,41846,9587,55
51449,41846,9622,14
51450,41847,9622,55
51451,41848,9622,55
51452,41849,10008,65
51453,41849,10043,3
51454,41850,10043,51
51455,41851,10043,32
51456,41852,10043,39
51457,41853,9379,55
51458,41854,9379,30
51459,41855,9379,21
51460,41856,9379,71
51461,41857,9975,69
51462,41858,9975,37
51463,41858,10010,11
51464,41859,10010,23
51465,41860,10010,58
51466,41861,9486,77
51467,41862,9486,34
51468,41862,9521,15
51469,41863,9521,35
51470,41864,9521,39
51471,41865,9487,80
51472,41865,9522,19
51473,41866,9522,32
51474,41867,9522,44
51475,41868,9522,45
51476,41869,9838,55
51477,41870,9838,51
51478,41871,9838,7
51479,41871,9873,15
51480,41872,9873,63
51481,41873,9699,63
51482,41873,9734,54
51483,41874,9734,27
51484,41874,9769,4
51485,41875,9769,39
51486,41876,9769,30
51487,41877,9595,34
51488,41878,9595,40
51489,41879,9595,32
51490,41880,9595,78
51491,41881,9911,68
51492,41882,9911,80
51493,41882,9946,26
51494,41883,9946,15
51495,41884,9946,42
51496,41885,10227,40
51497,41886,10227,37
51498,41887,10227,3
51499,41887,10262,50
51500,41888,10262,39
51501,41889,9493,12
51502,41889,9528,72
51503,41890,9528,62
51504,41891,9528,50
51505,41892,9528,47
51506,41893,9739,66
51507,41894,9739,31
51508,41895,9739,34
51509,41896,9739,5
51510,41896,9774,104
51511,41897,9950,49
51512,41898,9950,45
51513,41899,9950,7
51514,41899,9985,56
51515,41900,9985,76
51516,41901,9881,68
51517,41902,9881,32
51518,41902,9916,65
51519,41903,9916,37
51520,41904,9916,39
51521,41904,9951,45
51522,41905,9777,67
51523,41906,9777,11
51524,41906,9812,27
51525,41907,9812,27
51526,41908,9812,47
51527,41909,9778,59
51528,41910,9778,38
51529,41910,9813,37
51530,41911,9813,51
51531,41912,9813,50
51532,41912,9848,13
51533,41913,9604,61
51534,41914,9604,30
51535,41914,9639,7
51536,41915,9639,16
51537,41916,9639,68
51538,41917,9570,91
51539,41918,9570,60
51540,41919,9570,56
51541,41920,9570,31
51542,41921,9641,9
51543,41921,9676,81
51544,41922,9676,19
51545,41922,9711,15
51546,41923,9711,37
51547,41924,9711,72
51548,41925,9747,123
51549,41926,9747,38
51550,41926,9782,18
51551,41927,9782,24
51552,41928,9782,45
51553,41929,9643,62
51554,41930,9643,32
51555,41931,9643,28
51556,41931,9678,64
51557,41932,9678,17
51558,41933,10274,51
51559,41934,10274,47
51560,41935,10274,35
51561,41935,10309,53
51562,41936,10309,66
51563,41937,10065,61
51564,41938,10065,38
51565,41938,10100,18
51566,41939,10100,27
51567,41940,10100,54
51568,41941,9821,49
51569,41942,9821,40
51570,41942,9856,25
51571,41943,9856,33
51572,41944,9856,28
51573,41945,10207,6
51574,41945,10242,73
51575,41946,10242,52
51576,41946,10277,3
51577,41947,10277,46
51578,41948,10277,32
51579,41949,10068,99
51580,41950,10068,34
51581,41951,10068,35
51582,41952,10068,52
51583,41953,9404,5
51584,41953,9439,83
51585,41954,9439,55
51586,41955,9439,52
51587,41956,9439,51
51588,41957,9930,88
51589,41958,9930,37
51590,41958,9965,33
51591,41959,9965,45
51592,41960,9965,20
51593,41961,9686,47
51594,41962,9721,57
51595,41963,9721,62
51596,41964,9721,40
51597,41964,9756,39
51598,41965,9582,64
51599,41965,9617,31
51600,41966,9617,83
51601,41967,9617,98
51602,41968,9617,60
51603,41969,9863,52
51604,41970,9863,38
51605,41970,9898,29
51606,41971,9898,49
51607,41972,9898,86
51608,41972,9933,13
51609,41973,10354,99
51610,41973,10389,4
51611,41974,10389,72
51612,41975,10389,87
51613,41976,10389,52
51614,41977,9585,43
51615,41977,9620,4
51616,41978,9620,42
51617,41979,9620,29
51618,41980,9620,65
51619,41981,9866,9
51620,41981,9901,87
51621,41982,9901,51
51622,41983,9901,22
51623,41983,9936,72
51624,41984,9936,102
51625,41985,9622,56
51626,41985,9657,3
51627,41986,9657,84
51628,41987,9657,56
51629,41987,9692,35
51630,41988,9692,34
51631,41989,10043,85
51632,41990,10043,7
51633,41990,10078,26
51634,41991,10078,51
51635,41992,10078,51
51636,41993,9379,45
51637,41993,9414,49
51638,41994,9414,38
51639,41995,9414,32
51640,41996,9414,46
51641,41997,10010,62
51642,41997,10045,52
51643,41998,10045,47
51644,41999,10045,16
51645,41999,10080,10
51646,42000,10080,90
51647,42001,9521,11
51648,42002,9521,27
51649,42003,9521,29
51650,42004,9521,30
51651,42005,9522,44
51652,42006,9522,40
51653,42007,9522,15
51654,42007,9557,14
51655,42008,9557,23
51656,42009,9873,47
51657,42010,9873,27
51658,42011,9873,5
51659,42011,9908,6
51660,42012,9908,35
51661,42013,9769,40
51662,42014,9769,43
51663,42015,9769,27
51664,42016,9769,23
51665,42017,9595,48
51666,42018,9595,3
51667,42018,9630,20
51668,42019,9630,14
51669,42020,9630,29
51670,42021,9946,22
51671,42022,9946,17
51672,42023,9946,1
51673,42023,9981,7
51674,42024,9981,52
51675,42025,10262,23
51676,42026,10262,23
51677,42027,10262,23
51678,42028,10262,29
51679,42029,9528,39
51680,42030,9528,7
51681,42030,9563,42
51682,42031,9563,15
51683,42032,9563,32
51684,42033,9774,25
51685,42034,9774,32
51686,42035,9774,6
51687,42035,9809,37
51688,42036,9809,26
51689,42037,9985,46
51690,42038,9985,8
51691,42038,10020,13
51692,42039,10020,35
51693,42040,10020,39
51694,42041,9951,51
51695,42042,9951,25
51696,42043,9951,16
51697,42044,9986,24
51698,42045,9812,45
51699,42046,9812,9
51700,42046,9847,24
51701,42047,9847,21
51702,42048,9847,14
51703,42049,9848,47
51704,42050,9848,16
51705,42051,9848,22
51706,42052,9848,36
51707,42053,9639,24
51708,42054,9639,21
51709,42055,9639,17
51710,42056,9639,8
51711,42056,9674,7
51712,42057,9570,19
51713,42057,9605,34
51714,42058,9605,22
51715,42059,9605,7
51716,42060,9605,43
51717,42061,9711,16
51718,42061,9746,32
51719,42062,9746,26
51720,42063,9746,9
51721,42064,9746,53
51722,42065,9782,79
51723,42066,9782,4
51724,42066,9817,12
51725,42067,9817,48
51726,42068,9817,28
51727,42069,9678,4
51728,42069,9713,14
51729,42070,9713,20
51730,42071,9713,34
51731,42072,9713,13
51732,42072,9748,24
51733,42073,10309,46
51734,42074,10309,26
51735,42075,10309,11
51736,42075,10344,21
51737,42076,10344,36
51738,42077,10100,35
51739,42078,10100,35
51740,42079,10100,18
51741,42080,10100,8
51742,42080,10135,47
51743,42081,9856,54
51744,42081,9891,2
51745,42082,9891,30
51746,42083,9891,27
51747,42084,9891,49
51748,42085,10277,53
51749,42086,10277,8
51750,42086,10312,11
51751,42087,10312,15
51752,42088,10312,23
51753,42089,10068,3
51754,42089,10103,18
51755,42090,10103,14
51756,42091,10103,20
51757,42092,10103,24
51758,42093,9439,12
51759,42093,9474,13
51760,42094,9474,34
51761,42095,9474,12
51762,42096,9474,45
51763,42097,9965,38
51764,42098,9965,5
51765,42098,10000,20
51766,42099,10000,21
51767,42100,10000,46
51768,42101,9756,50
51769,42102,9756,19
51770,42102,9791,6
51771,42103,9791,32
51772,42104,9791,61
51773,42104,9826,1
51774,42105,9617,1
51775,42105,9652,12
51776,42106,9652,28
51777,42107,9652,25
51778,42108,9652,34
51779,42109,9933,31
51780,42110,9933,30
51781,42111,9933,18
51782,42112,9933,17
51783,42112,9968,39
51784,42113,10389,32
51785,42114,10389,23
51786,42115,10389,33
51787,42116,10389,10
51788,42116,10424,35
51789,42117,9620,57
51790,42118,9620,9
51791,42118,9655,7
51792,42119,9655,32
51793,42120,9655,28
51794,42121,9936,18
51795,42121,9971,25
51796,42122,9971,25
51797,42123,9971,28
51798,42124,9971,40
51799,42125,9692,31
51800,42126,9692,18
51801,42127,9692,3
51802,42127,9727,11
51803,42128,9727,45
51804,42129,10078,56
51805,42130,10078,16
51806,42130,10113,21
51807,42131,10113,20
51808,42132,10113,36
51809,42133,9414,37
51810,42134,9414,20
51811,42135,9414,11
51812,42135,9449,18
51813,42136,9449,33
51814,42137,10080,30
51815,42138,10080,10
51816,42138,10115,27
51817,42139,10115,10
51818,42140,10115,47
51819,42141,9521,28
51820,42142,9521,29
51821,42143,9521,9
51822,42144,9521,31
51823,42145,9557,24
51824,42146,9557,12
51825,42147,9557,25
51826,42148,9557,28
51827,42149,9908,74
51828,42150,9908,41
51829,42151,9908,13
51830,42152,9908,1
51831,42152,9943,37
51832,42153,9769,27
51833,42154,9769,2
51834,42154,9804,16
51835,42155,9804,36
51836,42156,9804,62
51837,42157,9630,24
51838,42158,9630,32
51839,42159,9630,22
51840,42160,9630,23
51841,42161,9981,45
51842,42162,9981,36
51843,42163,9981,13
51844,42164,9981,24
51845,42164,10016,6
51846,42165,10262,8
51847,42165,10297,26
51848,42166,10297,31
51849,42167,10297,33
51850,42168,10297,49
51851,42169,9563,50
51852,42170,9563,45
51853,42171,9563,25
51854,42172,9563,23
51855,42173,9809,29
51856,42174,9809,14
51857,42175,9809,24
51858,42176,9809,4
51859,42176,9844,45
51860,42177,10020,20
51861,42178,10020,25
51862,42179,10020,54
51863,42179,10055,7
51864,42180,10055,34
51865,42181,9986,31
51866,42182,9986,22
51867,42183,9986,33
51868,42184,9986,31
51869,42185,9847,33
51870,42186,9847,23
51871,42187,9847,21
51872,42188,9847,23
51873,42188,9882,43
51874,42189,9848,33
51875,42189,9883,18
51876,42190,9883,35
51877,42191,9883,15
51878,42192,9883,50
51879,42193,9674,61
51880,42194,9674,50
51881,42195,9674,22
51882,42195,9709,17
51883,42196,9709,15
51884,42197,9605,44
51885,42198,9605,23
51886,42199,9605,19
51887,42200,9605,24
51888,42201,9746,15
51889,42201,9781,23
51890,42202,9781,18
51891,42203,9781,34
51892,42204,9781,42
51893,42205,9817,37
51894,42206,9817,20
51895,42207,9817,22
51896,42208,9817,22
51897,42208,9852,3
51898,42209,9748,34
51899,42210,9748,14
51900,42211,9748,13
51901,42212,9748,38
51902,42213,10344,64
51903,42214,10344,26
51904,42215,10344,28
51905,42216,10344,52
51906,42217,10135,24
51907,42218,10135,32
51908,42219,10135,37
51909,42220,10135,26
51910,42221,9891,23
51911,42221,9926,3
51912,42222,9926,36
51913,42223,9926,30
51914,42224,9926,43
51915,42225,10312,44
51916,42226,10312,30
51917,42226,10347,3
51918,42227,10347,28
51919,42228,10347,59
51920,42229,10103,45
51921,42230,10103,28
51922,42230,10138,17
51923,42231,10138,20
51924,42232,10138,48
51925,42233,9474,44
51926,42234,9474,47
51927,42235,9474,12
51928,42236,9474,26
51929,42237,10000,28
51930,42238,10000,32
51931,42238,10035,8
51932,42239,10035,6
51933,42240,10035,15
51934,42241,9826,39
51935,42242,9826,29
51936,42243,9826,30
51937,42244,9826,41
51938,42245,9652,46
51939,42245,9687,18
51940,42246,9687,19
51941,42247,9687,36
51942,42248,9687,41
51943,42249,9968,91
51944,42250,9968,21
51945,42250,10003,19
51946,42251,10003,15
51947,42252,10003,17
51948,42253,10424,60
51949,42254,10424,24
51950,42255,10424,30
51951,42256,10424,24
51952,42257,9655,57
51953,42258,9655,25
51954,42259,9655,16
51955,42259,9690,15
51956,42260,9690,36
51957,42261,9971,26
51958,42262,9971,28
51959,42263,9971,8
51960,42263,10006,15
51961,42264,10006,44
51962,42265,9727,22
51963,42266,9727,23
51964,42267,9727,38
51965,42268,9727,22
51966,42268,9762,15
51967,42269,10113,31
51968,42270,10113,43
51969,42271,10113,11
51970,42271,10148,10
51971,42272,10148,43
51972,42273,9449,61
51973,42274,9449,43
51974,42275,9449,24
51975,42276,9449,18
51976,42277,10115,26
51977,42278,10115,31
51978,42278,10150,6
51979,42279,10150,20
51980,42280,10150,30
51981,42281,9521,28
51982,42282,9521,16
51983,42282,9556,24
51984,42283,9556,38
51985,42284,9556,60
51986,42285,9557,48
51987,42286,9557,27
51988,42287,9557,31
51989,42288,9557,44
51990,42288,9592,4
51991,42289,9943,41
51992,42290,9943,62
51993,42291,9943,18
51994,42292,9943,12
51995,42292,9978,61
51996,42293,9804,21
51997,42293,9839,22
51998,42294,9839,16
51999,42295,9839,44
52000,42296,9839,28
52001,42296,9874,13
52002,42297,9630,2
52003,42297,9665,31
52004,42298,9665,34
52005,42299,9665,19
52006,42300,9665,48
52007,42301,10016,41
52008,42302,10016,19
52009,42303,10016,19
52010,42304,10016,24
52011,42305,10297,58
52012,42306,10297,6
52013,42306,10332,14
52014,42307,10332,16
52015,42308,10332,70
52016,42309,9563,39
52017,42310,9563,41
52018,42311,9563,18
52019,42312,9563,2
52020,42312,9598,51
52021,42313,9844,41
52022,42314,9844,38
52023,42315,9844,22
52024,42316,9844,30
52025,42316,9879,14
52026,42317,10055,49
52027,42318,10055,42
52028,42319,10055,23
52029,42320,10055,29
52030,42321,9986,33
52031,42322,9986,33
52032,42323,9986,13
52033,42323,10021,10
52034,42324,10021,33
52035,42325,9882,33
52036,42326,9882,17
52037,42326,9917,24
52038,42327,9917,27
52039,42328,9917,35
52040,42329,9883,17
52041,42329,9918,50
52042,42330,9918,46
52043,42331,9918,49
52044,42332,9918,7
52045,42332,9953,19
52046,42333,9709,55
52047,42334,9709,36
52048,42335,9709,23
52049,42336,9709,20
52050,42336,9744,14
52051,42337,9605,37
52052,42338,9605,42
52053,42339,9605,16
52054,42339,9640,2
52055,42340,9640,49
52056,42341,9781,52
52057,42342,9781,14
52058,42343,9781,7
52059,42343,9816,9
52060,42344,9816,31
52061,42345,9852,36
52062,42346,9852,38
52063,42347,9852,25
52064,42348,9852,42
52065,42348,9887,33
52066,42349,9748,26
52067,42349,9783,19
52068,42350,9783,46
52069,42351,9783,42
52070,42352,9783,23
52071,42352,9818,35
52072,42353,10344,43
52073,42353,10379,21
52074,42354,10379,29
52075,42355,10379,12
52076,42356,10379,22
52077,42357,10135,1
52078,42357,10170,32
52079,42358,10170,27
52080,42359,10170,16
52081,42360,10170,45
52082,42361,9926,19
52083,42361,9961,46
52084,42362,9961,38
52085,42363,9961,39
52086,42363,9996,4
52087,42364,9996,46
52088,42365,10347,29
52089,42366,10347,26
52090,42367,10347,12
52091,42368,10347,28
52092,42369,10138,46
52093,42370,10138,50
52094,42371,10138,5
52095,42371,10173,17
52096,42372,10173,27
52097,42373,9474,53
52098,42373,9509,36
52099,42374,9509,27
52100,42375,9509,23
52101,42376,9509,47
52102,42377,10035,53
52103,42378,10035,29
52104,42379,10035,19
52105,42380,10035,10
52106,42381,9826,1
52107,42381,9861,50
52108,42382,9861,9
52109,42383,9861,31
52110,42384,9861,21
52111,42385,9687,32
52112,42386,9687,7
52113,42386,9722,26
52114,42387,9722,17
52115,42388,9722,42
52116,42389,10003,76
52117,42390,10003,10
52118,42390,10038,44
52119,42391,10038,18
52120,42392,10038,48
52121,42393,10424,48
52122,42394,10424,23
52123,42394,10459,13
52124,42395,10459,14
52125,42396,10459,24
52126,42397,9690,29
52127,42398,9690,32
52128,42399,9690,25
52129,42400,9690,33
52130,42401,10006,59
52131,42402,10006,53
52132,42402,10041,18
52133,42403,10041,37
52134,42404,10041,38
52135,42405,9762,29
52136,42406,9762,67
52137,42407,9762,5
52138,42407,9797,33
52139,42408,9797,42
52140,42409,10148,61
52141,42410,10148,30
52142,42411,10148,17
52143,42412,10148,4
52144,42412,10183,31
52145,42413,9449,66
52146,42414,9449,47
52147,42415,9449,28
52148,42416,9449,25
52149,42416,9484,17
52150,42417,10150,44
52151,42418,10150,24
52152,42419,10150,38
52153,42420,10150,51
52154,42421,9556,32
52155,42422,9556,31
52156,42423,9556,49
52157,42424,9556,25
52158,42425,9592,50
52159,42426,9592,60
52160,42427,9592,33
52161,42428,9592,27
52162,42429,9978,55
52163,42429,10013,5
52164,42430,10013,17
52165,42431,10013,16
52166,42432,10013,29
52167,42433,9874,62
52168,42434,9874,24
52169,42435,9874,34
52170,42436,9874,8
52171,42436,9909,36
52172,42437,9665,45
52173,42438,9665,21
52174,42439,9665,14
52175,42439,9700,1
52176,42440,9700,35
52177,42441,10016,43
52178,42442,10016,53
52179,42443,10016,4
52180,42443,10051,33
52181,42444,10051,28
52182,42445,10332,47
52183,42446,10332,31
52184,42447,10332,18
52185,42447,10367,4
52186,42448,10367,33
52187,42449,9598,61
52188,42450,9598,29
52189,42451,9598,58
52190,42452,9598,38
52191,42453,9879,50
52192,42454,9879,43
52193,42455,9879,34
52194,42456,9879,17
52195,42456,9914,23
52196,42457,10055,2
52197,42457,10090,51
52198,42458,10090,40
52199,42459,10090,32
52200,42459,10125,3
52201,42460,10125,54
52202,42461,10021,69
52203,42462,10021,33
52204,42463,10021,8
52205,42463,10056,22
52206,42464,10056,39
52207,42465,9917,76
52208,42466,9917,34
52209,42467,9917,5
52210,42467,9952,39
52211,42468,9952,38
52212,42469,9953,40
52213,42470,9953,18
52214,42471,9953,30
52215,42472,9953,46
52216,42473,9744,88
52217,42474,9744,50
52218,42475,9744,15
52219,42476,9779,34
52220,42477,9640,79
52221,42478,9640,15
52222,42478,9675,29
52223,42479,9675,16
52224,42480,9675,95
52225,42480,9710,18
52226,42481,9816,32
52227,42482,9816,40
52228,42483,9816,52
52229,42484,9816,29
52230,42484,9851,17
52231,42485,9887,39
52232,42486,9887,39
52233,42487,9887,30
52234,42487,9922,8
52235,42488,9922,43
52236,42489,9818,53
52237,42490,9818,34
52238,42491,9818,4
52239,42491,9853,16
52240,42492,9853,48
52241,42493,10379,79
52242,42494,10379,15
52243,42494,10414,35
52244,42495,10414,15
52245,42496,10414,22
52246,42497,10170,46
52247,42498,10170,17
52248,42499,10170,16
52249,42499,10205,16
52250,42500,10205,28
52251,42501,9996,61
52252,42502,9996,25
52253,42503,9996,25
52254,42504,9996,9
52255,42504,10031,44
52256,42505,10347,43
52257,42506,10347,17
52258,42506,10382,5
52259,42507,10382,36
52260,42508,10382,37
52261,42509,10173,47
52262,42510,10173,36
52263,42511,10173,35
52264,42512,10173,20
52265,42512,10208,38
52266,42513,9509,40
52267,42514,9509,48
52268,42515,9509,12
52269,42515,9544,1
52270,42516,9544,29
52271,42517,10035,25
52272,42517,10070,26
52273,42518,10070,19
52274,42519,10070,10
52275,42520,10070,45
52276,42521,9861,8
52277,42521,9896,44
52278,42522,9896,28
52279,42523,9896,25
52280,42524,9896,15
52281,42525,9722,45
52282,42526,9722,20
52283,42526,9757,22
52284,42527,9757,11
52285,42528,9757,50
52286,42529,10038,50
52287,42530,10038,17
52288,42530,10073,22
52289,42531,10073,54
52290,42532,10073,51
52291,42533,10459,89
52292,42534,10459,69
52293,42535,10459,20
52294,42535,10494,2
52295,42536,10494,64
52296,42537,9690,7
52297,42537,9725,55
52298,42538,9725,21
52299,42539,9725,21
52300,42540,9725,68
52301,42541,10041,52
52302,42542,10041,25
52303,42542,10076,1
52304,42543,10076,8
52305,42544,10076,42
52306,42545,9797,41
52307,42546,9797,19
52308,42546,9832,24
52309,42547,9832,31
52310,42548,9832,59
52311,42549,10183,51
52312,42550,10183,43
52313,42551,10183,31
52314,42552,10183,13
52315,42552,10218,23
52316,42553,9484,106
52317,42554,9484,58
52318,42555,9484,40
52319,42556,9484,32
52320,42557,10150,6
52321,42557,10185,55
52322,42558,10185,38
52323,42559,10185,34
52324,42559,10220,4
52325,42560,10220,34
52326,42561,9556,29
52327,42561,9591,17
52328,42562,9591,36
52329,42563,9591,26
52330,42564,9591,54
52331,42565,9592,96
52332,42565,9627,16
52333,42566,9627,60
52334,42567,9627,30
52335,42567,9662,3
52336,42568,9662,82
52337,42569,10013,90
52338,42570,10013,16
52339,42570,10048,29
52340,42571,10048,40
52341,42572,10048,34
52342,42573,9909,57
52343,42574,9909,52
52344,42575,9909,25
52345,42575,9944,3
52346,42576,9944,104
52347,42577,9700,54
52348,42578,9700,26
52349,42578,9735,35
52350,42579,9735,27
52351,42580,9735,52
52352,42581,10051,75
52353,42582,10051,39
52354,42582,10086,23
52355,42583,10086,38
52356,42584,10086,36
52357,42585,10367,84
52358,42586,10367,60
52359,42587,10367,46
52360,42588,10367,36
52361,42589,9598,8
52362,42589,9633,77
52363,42590,9633,37
52364,42591,9633,23
52365,42592,9633,58
52366,42592,9668,26
52367,42593,9914,91
52368,42594,9914,47
52369,42595,9914,31
52370,42595,9949,7
52371,42596,9949,54
52372,42597,10125,91
52373,42598,10125,33
52374,42598,10160,38
52375,42599,10160,42
52376,42600,10160,63
52377,42601,10056,29
52378,42601,10091,22
52379,42602,10091,52
52380,42603,10091,55
52381,42604,10091,29
52382,42604,10126,74
52383,42605,9952,35
52384,42606,9952,20
52385,42606,9987,29
52386,42607,9987,50
52387,42608,9987,50
52388,42609,9953,35
52389,42609,9988,54
52390,42610,9988,22
52391,42611,9988,42
52392,42612,9988,28
52393,42613,9779,78
52394,42614,9779,41
52395,42615,9779,7
52396,42615,9814,15
52397,42616,9814,45
52398,42617,9710,68
52399,42618,9710,28
52400,42619,9710,13
52401,42620,9710,56
52402,42620,9745,22
52403,42621,9851,39
52404,42622,9851,53
52405,42623,9851,31
52406,42624,9851,15
52407,42624,9886,21
52408,42625,9922,74
52409,42625,9957,9
52410,42626,9957,31
52411,42627,9957,42
52412,42628,9957,50
52413,42629,9853,85
52414,42630,9853,5
52415,42630,9888,33
52416,42631,9888,22
52417,42632,9888,60
52418,42633,10414,96
52419,42634,10414,48
52420,42634,10449,16
52421,42635,10449,23
52422,42636,10449,56
52423,42637,10205,85
52424,42638,10205,27
52425,42639,10205,33
52426,42639,10240,23
52427,42640,10240,36
52428,42641,10031,48
52429,42642,10031,58
52430,42643,10031,11
52431,42643,10066,12
52432,42644,10066,67
52433,42645,10382,69
52434,42646,10382,38
52435,42647,10382,18
52436,42647,10417,10
52437,42648,10417,41
52438,42649,10208,45
52439,42650,10208,42
52440,42651,10208,18
52441,42651,10243,17
52442,42652,10243,31
52443,42653,9544,58
52444,42654,9544,45
52445,42655,9544,24
52446,42656,9544,31
52447,42657,10070,89
52448,42658,10105,63
52449,42659,10105,22
52450,42660,10105,39
52451,42661,9896,47
52452,42661,9931,18
52453,42662,9931,73
52454,42663,9931,16
52455,42664,9931,32
52456,42665,9757,45
52457,42666,9757,22
52458,42666,9792,33
52459,42667,9792,30
52460,42668,9792,45
52461,42669,10073,43
52462,42669,10108,63
52463,42670,10108,45
52464,42671,10108,41
52465,42672,10108,34
52466,42672,10143,18
52467,42673,10494,38
52468,42674,10494,67
52469,42675,10494,28
52470,42676,10494,35
52471,42676,10529,20
52472,42677,9725,2
52473,42677,9760,17
52474,42678,9760,58
52475,42679,9760,14
52476,42680,9760,60
52477,42681,10076,73
52478,42681,10111,1
52479,42682,10111,33
52480,42683,10111,40
52481,42684,10111,44
52482,42685,9832,1
52483,42685,9867,44
52484,42686,9867,96
52485,42687,9867,5
52486,42687,9902,15
52487,42688,9902,81
52488,42689,10218,51
52489,42690,10218,36
52490,42691,10218,45
52491,42692,10218,14
52492,42692,10253,57
52493,42693,9484,32
52494,42694,9484,35
52495,42694,9519,6
52496,42695,9519,53
52497,42696,9519,26
52498,42697,10220,60
52499,42698,10220,10
52500,42699,10220,58
52501,42700,10220,21
52502,42700,10255,35
52503,42701,9591,75
52504,42702,9591,38
52505,42702,9626,31
52506,42703,9626,61
52507,42704,9626,46
52508,42705,9662,64
52509,42706,9662,7
52510,42706,9697,75
52511,42707,9697,70
52512,42708,9697,3
52513,42708,9732,87
52514,42709,10048,80
52515,42710,10048,12
52516,42710,10083,29
52517,42711,10083,58
52518,42712,10083,66
52519,42713,9944,53
52520,42713,9979,36
52521,42714,9979,92
52522,42715,9979,37
52523,42715,10014,11
52524,42716,10014,48
52525,42717,9735,47
52526,42717,9770,19
52527,42718,9770,62
52528,42719,9770,36
52529,42719,9805,24
52530,42720,9805,53
52531,42721,10086,52
52532,42722,10086,23
52533,42722,10121,16
52534,42723,10121,35
52535,42724,10121,84
52536,42725,10367,2
52537,42725,10402,86
52538,42726,10402,20
52539,42727,10402,98
52540,42728,10402,3
52541,42728,10437,85
52542,42729,9668,58
52543,42730,9668,61
52544,42731,9668,59
52545,42731,9703,3
52546,42732,9703,53
52547,42733,9949,75
52548,42734,9949,1
52549,42734,9984,40
52550,42735,9984,58
52551,42736,9984,30
52552,42736,10019,57
52553,42737,10160,47
52554,42738,10160,41
52555,42738,10195,36
52556,42739,10195,46
52557,42740,10195,43
52558,42741,10126,41
52559,42742,10126,114
52560,42742,10161,22
52561,42743,10161,44
52562,42744,10161,46
52563,42745,9987,53
52564,42745,10022,30
52565,42746,10022,62
52566,42746,10057,9
52567,42747,10057,51
52568,42748,10057,57
52569,42749,9988,19
52570,42749,10023,43
52571,42750,10023,79
52572,42751,10023,70
52573,42752,10023,13
52574,42752,10058,36
52575,42753,9814,47
52576,42753,9849,2
52577,42754,9849,68
52578,42755,9849,56
52579,42756,9849,13
52580,42756,9884,67
52581,42757,9745,74
52582,42758,9745,33
52583,42759,9745,53
52584,42760,9745,27
52585,42760,9780,71
52586,42761,9886,29
52587,42762,9886,53
52588,42763,9886,33
52589,42763,9921,39
52590,42764,9921,95
52591,42765,9957,42
52592,42765,9992,13
52593,42766,9992,36
52594,42767,9992,63
52595,42768,9992,25
52596,42768,10027,48
52597,42769,9888,51
52598,42769,9923,73
52599,42770,9923,23
52600,42770,9958,10
52601,42771,9958,27
52602,42772,9958,80
52603,42773,10449,100
52604,42774,10449,44
52605,42775,10449,15
52606,42775,10484,53
52607,42776,10484,42
52608,42777,10240,61
52609,42777,10275,2
52610,42778,10275,33
52611,42779,10275,28
52612,42780,10275,33
52613,42781,10066,75
52614,42782,10066,26
52615,42782,10101,24
52616,42783,10101,61
52617,42784,10101,59
52618,42785,10417,45
52619,42786,10417,31
52620,42787,10417,46
52621,42788,10417,49
52622,42789,10243,104
52623,42790,10243,65
52624,42791,10243,6
52625,42791,10278,43
52626,42792,10278,55
52627,42793,9544,73
52628,42793,9579,8
52629,42794,9579,55
52630,42795,9579,45
52631,42796,9579,63
52632,42797,10105,70
52633,42797,10140,8
52634,42798,10140,35
52635,42799,10140,35
52636,42800,10140,41
52637,42801,9931,23
52638,42801,9966,47
52639,42802,9966,51
52640,42803,9966,46
52641,42803,10001,30
52642,42804,10001,37
52643,42805,9792,17
52644,42805,9827,37
52645,42806,9827,41
52646,42807,9827,48
52647,42808,9827,18
52648,42808,9862,78
52649,42809,10143,72
52650,42810,10143,36
52651,42811,10143,24
52652,42811,10178,39
52653,42812,10178,87
52654,42813,10529,87
52655,42814,10529,69
52656,42815,10529,71
52657,42816,10529,63
52658,42817,9760,21
52659,42817,9795,84
52660,42818,9795,54
52661,42818,9830,9
52662,42819,9830,34
52663,42820,9830,23
52664,42821,10111,28
52665,42821,10146,57
52666,42822,10146,58
52667,42823,10146,32
52668,42824,10146,7
52669,42824,10181,46
52670,42825,9902,43
52671,42825,9937,44
52672,42826,9937,79
52673,42827,9937,20
52674,42827,9972,46
52675,42828,9972,36
52676,42829,10253,73
52677,42830,10253,38
52678,42831,10253,33
52679,42832,10253,5
52680,42832,10288,41
52681,42833,9519,86
52682,42834,9519,39
52683,42835,9519,53
52684,42835,9554,3
52685,42836,9554,60
52686,42837,10255,60
52687,42838,10255,27
52688,42839,10255,38
52689,42839,10290,39
52690,42840,10290,56
52691,42841,9626,10
52692,42841,9661,120
52693,42842,9661,15
52694,42842,9696,50
52695,42843,9696,49
52696,42844,9696,48
52697,42844,9731,9
52698,42845,9732,48
52699,42845,9767,50
52700,42846,9767,59
52701,42847,9767,26
52702,42847,9802,4
52703,42848,9802,27
52704,42849,10083,36
52705,42849,10118,31
52706,42850,10118,33
52707,42851,10118,20
52708,42852,10118,10
52709,42852,10153,60
52710,42853,10014,67
52711,42853,10049,20
52712,42854,10049,117
52713,42855,10049,40
52714,42855,10084,28
52715,42856,10084,60
52716,42857,9805,107
52717,42858,9805,4
52718,42858,9840,28
52719,42859,9840,24
52720,42860,9840,60
52721,42861,10121,9
52722,42861,10156,78
52723,42862,10156,63
52724,42863,10156,26
52725,42863,10191,15
52726,42864,10191,57
52727,42865,10437,139
52728,42865,10472,23
52729,42866,10472,39
52730,42867,10472,32
52731,42868,10472,57
52732,42869,9703,84
52733,42869,9738,42
52734,42870,9738,49
52735,42871,9738,27
52736,42872,9738,39
52737,42872,9773,33
52738,42873,10019,80
52739,42874,10019,38
52740,42875,10019,59
52741,42876,10019,43
52742,42876,10054,13
52743,42877,10195,31
52744,42877,10230,19
52745,42878,10230,39
52746,42879,10230,40
52747,42880,10230,73
52748,42881,10161,51
52749,42881,10196,64
52750,42882,10196,51
52751,42883,10196,28
52752,42884,10196,20
52753,42885,10057,64
52754,42885,10092,15
52755,42886,10092,63
52756,42887,10092,29
52757,42888,10092,75
52758,42888,10127,57
52759,42889,10058,48
52760,42890,10058,43
52761,42890,10093,31
52762,42891,10093,38
52763,42892,10093,54
52764,42892,10128,19
52765,42893,9884,58
52766,42894,9884,19
52767,42894,9919,19
52768,42895,9919,39
52769,42896,9919,34
52770,42897,9780,38
52771,42898,9780,39
52772,42899,9780,15
52773,42899,9815,23
52774,42900,9815,36
52775,42901,9921,35
52776,42901,9956,65
52777,42902,9956,55
52778,42903,9956,39
52779,42903,9991,30
52780,42904,9991,59
52781,42905,10027,62
52782,42906,10027,1
52783,42906,10062,64
52784,42907,10062,25
52785,42908,10062,50
52786,42909,9958,30
52787,42909,9993,17
52788,42910,9993,50
52789,42911,9993,61
52790,42912,9993,46
52791,42912,10028,31
52792,42913,10484,53
52793,42914,10484,32
52794,42914,10519,22
52795,42915,10519,79
52796,42916,10519,112
52797,42917,10275,67
52798,42917,10310,5
52799,42918,10310,38
52800,42919,10310,31
52801,42920,10310,94
52802,42920,10345,43
52803,42921,10101,21
52804,42921,10136,52
52805,42922,10136,58
52806,42923,10136,17
52807,42923,10171,50
52808,42924,10171,24
52809,42925,10417,79
52810,42926,10417,18
52811,42926,10452,45
52812,42927,10452,42
52813,42928,10452,77
52814,42929,10278,52
52815,42930,10278,20
52816,42930,10313,17
52817,42931,10313,68
52818,42932,10313,123
52819,42933,9579,70
52820,42933,9614,10
52821,42934,9614,46
52822,42935,9614,31
52823,42936,9614,38
52824,42937,10140,32
52825,42937,10175,51
52826,42938,10175,51
52827,42939,10175,69
52828,42940,10175,40
52829,42941,10001,72
52830,42942,10001,34
52831,42942,10036,23
52832,42943,10036,34
52833,42944,10036,28
52834,42945,9862,82
52835,42946,9862,30
52836,42946,9897,9
52837,42947,9897,28
52838,42948,9897,34
52839,42949,10178,43
52840,42949,10213,30
52841,42950,10213,58
52842,42951,10213,31
52843,42952,10213,9
52844,42952,10248,22
52845,42953,10529,12
52846,42953,10564,93
52847,42954,10564,23
52848,42955,10564,33
52849,42956,10564,92
52850,42956,10599,43
52851,42957,9830,21
52852,42957,9865,73
52853,42958,9865,28
52854,42959,9865,30
52855,42960,9865,16
52856,42960,9900,14
52857,42961,10181,113
52858,42962,10181,81
52859,42962,10216,7
52860,42963,10216,37
52861,42964,10216,40
52862,42965,9972,40
52863,42965,10007,27
52864,42966,10007,62
52865,42967,10007,69
52866,42968,10042,55
52867,42969,10288,104
52868,42970,10288,34
52869,42971,10288,4
52870,42971,10323,44
52871,42972,10323,42
52872,42973,9554,108
52873,42974,9554,59
52874,42975,9554,56
52875,42976,9554,45
52876,42976,9589,3
52877,42977,10290,91
52878,42977,10325,21
52879,42978,10325,58
52880,42979,10325,28
52881,42980,10325,62
52882,42981,9731,27
52883,42982,9731,39
52884,42983,9731,19
52885,42984,9731,48
52886,42985,9802,76
52887,42986,9802,25
52888,42987,9802,22
52889,42987,9837,19
52890,42988,9837,21
52891,42989,10153,41
52892,42990,10153,34
52893,42991,10153,20
52894,42991,10188,15
52895,42992,10188,23
52896,42993,10084,63
52897,42993,10119,5
52898,42994,10119,28
52899,42995,10119,10
52900,42996,10119,35
52901,42997,9840,19
52902,42997,9875,2
52903,42998,9875,22
52904,42999,9875,15
52905,43000,9875,32
52906,43001,10191,36
52907,43002,10191,25
52908,43003,10191,8
52909,43004,10191,25
52910,43005,10472,35
52911,43006,10472,7
52912,43006,10507,15
52913,43007,10507,32
52914,43008,10507,21
52915,43009,9773,32
52916,43010,9773,12
52917,43011,9773,17
52918,43011,9808,27
52919,43012,9808,47
52920,43013,10054,28
52921,43014,10054,24
52922,43015,10054,28
52923,43016,10054,27
52924,43017,10230,50
52925,43018,10230,3
52926,43018,10265,26
52927,43019,10265,8
52928,43020,10265,58
52929,43021,10196,20
52930,43021,10231,29
52931,43022,10231,40
52932,43023,10231,24
52933,43024,10231,36
52934,43025,10127,42
52935,43026,10127,12
52936,43026,10162,30
52937,43027,10162,14
52938,43028,10162,27
52939,43029,10128,38
52940,43030,10128,34
52941,43031,10128,29
52942,43032,10128,32
52943,43033,9919,31
52944,43034,9919,24
52945,43035,9919,27
52946,43036,9919,17
52947,43037,9815,25
52948,43038,9815,43
52949,43039,9815,25
52950,43040,9815,13
52951,43040,9850,28
52952,43041,9991,21
52953,43042,9991,38
52954,43043,9991,14
52955,43044,10026,17
52956,43045,10062,34
52957,43046,10062,21
52958,43047,10062,24
52959,43047,10097,5
52960,43048,10097,23
52961,43049,10028,38
52962,43050,10028,31
52963,43051,10028,16
52964,43052,10028,8
52965,43052,10063,19
52966,43053,10519,47
52967,43054,10519,17
52968,43055,10519,15
52969,43056,10519,39
52970,43057,10345,23
52971,43058,10345,21
52972,43059,10345,24
52973,43060,10345,41
52974,43061,10171,54
52975,43062,10171,19
52976,43063,10171,16
52977,43064,10171,14
52978,43065,10452,42
52979,43066,10452,33
52980,43066,10487,7
52981,43067,10487,24
52982,43068,10487,38
52983,43069,10313,35
52984,43069,10348,1
52985,43070,10348,29
52986,43071,10348,36
52987,43072,10348,44
52988,43073,9614,29
52989,43074,9614,19
52990,43075,9614,15
52991,43076,9614,39
52992,43077,10175,6
52993,43077,10210,55
52994,43078,10210,30
52995,43079,10210,18
52996,43080,10210,19
52997,43081,10036,34
52998,43082,10036,19
52999,43083,10036,6
53000,43083,10071,36
53001,43084,10071,36
53002,43085,9897,39
53003,43086,9897,35
53004,43087,9897,2
53005,43087,9932,7
53006,43088,9932,39
53007,43089,10248,37
53008,43090,10248,54
53009,43091,10248,36
53010,43092,10248,41
53011,43093,10599,17
53012,43094,10599,17
53013,43095,10599,36
53014,43096,10599,32
53015,43097,9900,32
53016,43098,9900,31
53017,43099,9900,13
53018,43100,9900,21
53019,43101,10216,34
53020,43102,10216,18
53021,43103,10216,34
53022,43104,10216,2
53023,43104,10251,41
53024,43105,10042,42
53025,43106,10042,28
53026,43107,10042,31
53027,43107,10077,3
53028,43108,10077,55
53029,43109,10323,61
53030,43110,10323,39
53031,43111,10323,17
53032,43112,10323,32
53033,43112,10358,7
53034,43113,9589,59
53035,43114,9589,12
53036,43115,9589,26
53037,43116,9589,49
53038,43117,10325,27
53039,43117,10360,11
53040,43118,10360,40
53041,43119,10360,25
53042,43120,10360,49
53043,43121,9731,15
53044,43121,9766,13
53045,43122,9766,41
53046,43123,9766,19
53047,43124,9766,30
53048,43125,9837,59
53049,43126,9837,28
53050,43126,9872,24
53051,43127,9872,16
53052,43128,9872,35
53053,43129,10188,79
53054,43130,10188,18
53055,43131,10188,25
53056,43132,10188,28
53057,43133,10119,41
53058,43134,10119,29
53059,43135,10119,34
53060,43135,10154,5
53061,43136,10154,40
53062,43137,9875,37
53063,43138,9875,40
53064,43139,9875,1
53065,43139,9910,19
53066,43140,9910,24
53067,43141,10191,28
53068,43142,10191,24
53069,43143,10191,15
53070,43144,10226,34
53071,43145,10507,47
53072,43146,10507,36
53073,43147,10507,17
53074,43148,10507,34
53075,43149,9808,46
53076,43149,9843,12
53077,43150,9843,31
53078,43151,9843,21
53079,43152,9843,47
53080,43153,10054,13
53081,43153,10089,23
53082,43154,10089,42
53083,43155,10089,28
53084,43156,10089,26
53085,43157,10265,31
53086,43158,10265,36
53087,43159,10265,6
53088,43159,10300,47
53089,43160,10300,20
53090,43161,10231,18
53091,43162,10231,30
53092,43163,10266,30
53093,43164,10266,45
53094,43165,10162,34
53095,43166,10162,31
53096,43167,10162,7
53097,43167,10197,19
53098,43168,10197,45
53099,43169,10128,29
53100,43169,10163,20
53101,43170,10163,33
53102,43171,10163,17
53103,43172,10163,51
53104,43173,9919,2
53105,43173,9954,41
53106,43174,9954,20
53107,43175,9954,40
53108,43176,9954,29
53109,43176,9989,15
53110,43177,9850,45
53111,43178,9850,55
53112,43179,9850,15
53113,43180,9850,41
53114,43181,10026,36
53115,43182,10026,29
53116,43183,10026,24
53117,43184,10026,23
53118,43185,10097,36
53119,43186,10097,30
53120,43187,10097,22
53121,43188,10097,49
53122,43189,10063,30
53123,43190,10063,15
53124,43191,10063,16
53125,43192,10063,41
53126,43193,10519,45
53127,43193,10554,30
53128,43194,10554,19
53129,43195,10554,21
53130,43196,10554,11
53131,43197,10345,37
53132,43198,10345,26
53133,43199,10380,18
53134,43200,10380,34
53135,43201,10171,6
53136,43201,10206,53
53137,43202,10206,32
53138,43203,10206,15
53139,43204,10206,34
53140,43205,10487,59
53141,43206,10487,37
53142,43207,10487,1
53143,43207,10522,26
53144,43208,10522,40
53145,43209,10348,40
53146,43210,10348,16
53147,43211,10348,19
53148,43211,10383,2
53149,43212,10383,29
53150,43213,9614,43
53151,43214,9614,1
53152,43214,9649,23
53153,43215,9649,18
53154,43216,9649,45
53155,43217,10210,13
53156,43217,10245,32
53157,43218,10245,10
53158,43219,10245,17
53159,43220,10245,48
53160,43221,10071,51
53161,43222,10071,21
53162,43223,10071,14
53163,43223,10106,8
53164,43224,10106,60
53165,43225,9932,32
53166,43226,9932,22
53167,43227,9932,27
53168,43228,9932,24
53169,43229,10248,2
53170,43229,10283,30
53171,43230,10283,30
53172,43231,10283,30
53173,43232,10283,22
53174,43233,10599,44
53175,43234,10599,52
53176,43235,10599,51
53177,43236,10599,22
53178,43237,9900,21
53179,43237,9935,4
53180,43238,9935,24
53181,43239,9935,51
53182,43240,9935,24
53183,43241,10251,51
53184,43242,10251,20
53185,43243,10251,17
53186,43244,10251,52
53187,43244,10286,6
53188,43245,10077,36
53189,43246,10077,52
53190,43247,10077,8
53191,43247,10112,4
53192,43248,10112,50
53193,43249,10358,21
53194,43250,10358,25
53195,43251,10358,50
53196,43252,10358,60
53197,43253,9589,18
53198,43254,9589,28
53199,43255,9589,14
53200,43256,9589,21
53201,43257,10360,87
53202,43258,10360,10
53203,43258,10395,36
53204,43259,10395,28
53205,43260,10395,27
53206,43261,9766,23
53207,43262,9766,36
53208,43262,9801,6
53209,43263,9801,24
53210,43264,9801,36
53211,43265,9872,33
53212,43266,9872,32
53213,43267,9872,14
53214,43267,9907,2
53215,43268,9907,51
53216,43269,10188,28
53217,43270,10188,3
53218,43270,10223,28
53219,43271,10223,36
53220,43272,10223,34
53221,43273,10154,29
53222,43274,10154,38
53223,43275,10154,17
53224,43276,10154,38
53225,43277,9910,41
53226,43278,9910,33
53227,43279,9910,34
53228,43279,9945,3
53229,43280,9945,22
53230,43281,10226,56
53231,43282,10226,26
53232,43283,10226,24
53233,43284,10226,53
53234,43285,10507,22
53235,43286,10507,40
53236,43287,10507,18
53237,43288,10507,27
53238,43288,10542,26
53239,43289,9843,30
53240,43289,9878,41
53241,43290,9878,45
53242,43291,9878,21
53243,43292,9878,41
53244,43292,9913,33
53245,43293,10089,36
53246,43294,10089,27
53247,43294,10124,10
53248,43295,10124,14
53249,43296,10124,33
53250,43297,10300,34
53251,43298,10300,17
53252,43298,10335,10
53253,43299,10335,29
53254,43300,10335,24
53255,43301,10266,60
53256,43302,10266,39
53257,43303,10266,20
53258,43303,10301,31
53259,43304,10301,15
53260,43305,10197,65
53261,43306,10197,37
53262,43306,10232,11
53263,43307,10232,37
53264,43308,10232,19
53265,43309,10163,36
53266,43309,10198,20
53267,43310,10198,35
53268,43311,10198,16
53269,43312,10198,56
53270,43313,9989,78
53271,43314,9989,28
53272,43315,9989,29
53273,43316,9989,57
53274,43317,9850,16
53275,43317,9885,26
53276,43318,9885,54
53277,43319,9885,27
53278,43320,9885,18
53279,43320,9920,32
53280,43321,10026,23
53281,43321,10061,13
53282,43322,10061,41
53283,43323,10061,33
53284,43324,10061,24
53285,43325,10097,34
53286,43325,10132,26
53287,43326,10132,8
53288,43327,10132,20
53289,43328,10132,43
53290,43329,10063,44
53291,43329,10098,35
53292,43330,10098,48
53293,43331,10098,34
53294,43332,10098,43
53295,43332,10133,25
53296,43333,10554,55
53297,43334,10554,16
53298,43335,10554,16
53299,43336,10554,21
53300,43337,10380,70
53301,43338,10380,58
53302,43339,10380,40
53303,43339,10415,24
53304,43340,10415,36
53305,43341,10206,70
53306,43342,10206,27
53307,43343,10206,40
53308,43343,10241,9
53309,43344,10241,31
53310,43345,10522,39
53311,43346,10522,34
53312,43347,10522,20
53313,43348,10522,65
53314,43349,10383,54
53315,43350,10383,21
53316,43351,10383,34
53317,43352,10383,46
53318,43353,9649,22
53319,43354,9649,36
53320,43355,9649,17
53321,43356,9649,11
53322,43356,9684,38
53323,43357,10245,41
53324,43358,10245,24
53325,43358,10280,2
53326,43359,10280,15
53327,43360,10280,58
53328,43361,10106,47
53329,43362,10106,23
53330,43362,10141,7
53331,43363,10141,26
53332,43364,10141,17
53333,43365,9932,16
53334,43365,9967,102
53335,43366,9967,8
53336,43367,9967,22
53337,43368,9967,15
53338,43369,10283,2
53339,43369,10318,32
53340,43370,10318,24
53341,43371,10318,26
53342,43372,10318,28
53343,43373,10599,27
53344,43373,10634,46
53345,43374,10634,45
53346,43375,10634,36
53347,43376,10634,58
53348,43377,9935,67
53349,43378,9935,8
53350,43378,9970,19
53351,43379,9970,22
53352,43380,9970,69
53353,43381,10286,51
53354,43382,10286,56
53355,43383,10286,27
53356,43384,10286,26
53357,43385,10112,53
53358,43386,10112,39
53359,43387,10112,20
53360,43388,10112,21
53361,43388,10147,5
53362,43389,10358,74
53363,43390,10358,15
53364,43390,10393,35
53365,43391,10393,12
53366,43392,10393,32
53367,43393,9589,86
53368,43394,9589,1
53369,43394,9624,20
53370,43395,9624,39
53371,43396,9624,48
53372,43397,10395,45
53373,43398,10395,12
53374,43399,10395,23
53375,43400,10395,23
53376,43400,10430,25
53377,43401,9801,37
53378,43402,9801,25
53379,43402,9836,10
53380,43403,9836,21
53381,43404,9836,36
53382,43405,9907,58
53383,43406,9907,42
53384,43406,9942,15
53385,43407,9942,46
53386,43408,9942,35
53387,43409,10223,32
53388,43410,10223,29
53389,43411,10223,19
53390,43412,10223,26
53391,43412,10258,18
53392,43413,10154,44
53393,43414,10154,27
53394,43414,10189,26
53395,43415,10189,39
53396,43416,10189,41
53397,43417,9945,94
53398,43417,9980,5
53399,43418,9980,45
53400,43419,9980,52
53401,43420,9980,66
53402,43421,10226,54
53403,43421,10261,15
53404,43422,10261,40
53405,43423,10261,40
53406,43424,10261,76
53407,43425,10542,36
53408,43426,10542,42
53409,43427,10542,24
53410,43428,10542,43
53411,43429,9913,48
53412,43430,9913,22
53413,43430,9948,28
53414,43431,9948,9
53415,43432,9948,27
53416,43433,10124,62
53417,43434,10124,32
53418,43435,10124,14
53419,43435,10159,8
53420,43436,10159,30
53421,43437,10335,29
53422,43438,10335,27
53423,43439,10335,28
53424,43440,10335,46
53425,43441,10301,79
53426,43442,10301,32
53427,43443,10301,16
53428,43443,10336,43
53429,43444,10336,51
53430,43445,10232,36
53431,43446,10232,22
53432,43447,10232,23
53433,43448,10232,60
53434,43449,10198,43
53435,43450,10198,15
53436,43450,10233,19
53437,43451,10233,34
53438,43452,10233,52
53439,43453,10024,92
53440,43454,10024,6
53441,43454,10059,48
53442,43455,10059,16
53443,43456,10059,51
53444,43457,9920,29
53445,43458,9920,49
53446,43459,9920,1
53447,43459,9955,47
53448,43460,9955,46
53449,43461,10061,49
53450,43462,10061,40
53451,43462,10096,25
53452,43463,10096,41
53453,43464,10096,55
53454,43464,10131,43
53455,43465,10132,70
53456,43466,10132,25
53457,43466,10167,7
53458,43467,10167,48
53459,43468,10167,50
53460,43469,10133,79
53461,43470,10133,40
53462,43471,10133,12
53463,43471,10168,8
53464,43472,10168,32
53465,43473,10554,42
53466,43474,10554,31
53467,43475,10554,36
53468,43476,10554,23
53469,43477,10415,35
53470,43478,10415,36
53471,43479,10415,36
53472,43480,10415,43
53473,43481,10241,95
53474,43482,10241,48
53475,43483,10241,29
53476,43484,10241,15
53477,43485,10522,76
53478,43485,10557,14
53479,43486,10557,39
53480,43487,10557,30
53481,43488,10557,33
53482,43489,10383,50
53483,43490,10383,31
53484,43491,10383,7
53485,43491,10418,30
53486,43492,10418,30
53487,43493,9684,70
53488,43494,9684,32
53489,43495,9684,23
53490,43495,9719,4
53491,43496,9719,32
53492,43497,10280,65
53493,43498,10280,31
53494,43499,10280,27
53495,43499,10315,11
53496,43500,10315,36
53497,43501,10141,41
53498,43502,10141,24
53499,43503,10141,25
53500,43504,10141,38
53501,43505,9967,28
53502,43505,10002,5
53503,43506,10002,67
53504,43507,10002,35
53505,43508,10002,50
53506,43509,10318,24
53507,43510,10318,46
53508,43511,10318,12
53509,43512,10353,42
53510,43513,10634,51
53511,43514,10634,35
53512,43515,10634,27
53513,43516,10634,42
53514,43516,10669,24
53515,43517,9970,43
53516,43517,10005,24
53517,43518,10005,17
53518,43519,10005,37
53519,43520,10005,38
53520,43521,10286,22
53521,43521,10321,15
53522,43522,10321,17
53523,43523,10321,37
53524,43524,10321,37
53525,43525,10147,57
53526,43526,10147,37
53527,43527,10147,21
53528,43528,10147,29
53529,43529,10393,73
53530,43530,10393,34
53531,43531,10393,37
53532,43531,10428,26
53533,43532,10428,39
53534,43533,9624,66
53535,43534,9624,35
53536,43535,9624,14
53537,43535,9659,6
53538,43536,9659,69
53539,43537,10430,26
53540,43538,10430,45
53541,43539,10430,51
53542,43540,10430,10
53543,43540,10465,52
53544,43541,9836,66
53545,43542,9836,17
53546,43542,9871,26
53547,43543,9871,28
53548,43544,9871,50
53549,43545,9942,44
53550,43546,9942,2
53551,43546,9977,94
53552,43547,9977,48
53553,43548,9977,29
53554,43548,10012,34
53555,43549,10258,76
53556,43550,10258,28
53557,43551,10258,34
53558,43552,10258,15
53559,43552,10293,53
53560,43553,10189,82
53561,43554,10189,31
53562,43554,10224,15
53563,43555,10224,26
53564,43556,10224,58
53565,43557,9980,26
53566,43557,10015,19
53567,43558,10015,36
53568,43559,10015,28
53569,43560,10015,57
53570,43561,10261,22
53571,43561,10296,39
53572,43562,10296,37
53573,43563,10296,41
53574,43564,10296,58
53575,43565,10542,65
53576,43566,10542,15
53577,43566,10577,10
53578,43567,10577,32
53579,43568,10577,32
53580,43569,9948,62
53581,43570,9948,21
53582,43570,9983,26
53583,43571,9983,29
53584,43572,9983,39
53585,43573,10159,59
53586,43574,10159,52
53587,43575,10159,14
53588,43576,10159,24
53589,43576,10194,21
53590,43577,10335,57
53591,43578,10335,26
53592,43578,10370,27
53593,43579,10370,48
53594,43580,10370,34
53595,43581,10336,43
53596,43582,10336,63
53597,43583,10336,10
53598,43583,10371,7
53599,43584,10371,47
53600,43585,10232,12
53601,43585,10267,46
53602,43586,10267,24
53603,43587,10267,62
53604,43588,10267,40
53605,43589,10233,94
53606,43590,10233,17
53607,43590,10268,22
53608,43591,10268,27
53609,43592,10268,68
53610,43593,10059,15
53611,43593,10094,26
53612,43594,10094,44
53613,43595,10094,34
53614,43596,10094,36
53615,43596,10129,40
53616,43597,9955,18
53617,43597,9990,51
53618,43598,9990,35
53619,43599,9990,65
53620,43600,9990,52
53621,43601,10131,65
53622,43602,10131,15
53623,43603,10131,40
53624,43604,10131,35
53625,43605,10167,47
53626,43605,10202,21
53627,43606,10202,24
53628,43607,10202,39
53629,43608,10202,53
53630,43609,10168,74
53631,43610,10168,33
53632,43611,10168,23
53633,43612,10168,37
53634,43613,10554,28
53635,43613,10589,63
53636,43614,10589,42
53637,43615,10589,30
53638,43616,10589,22
53639,43617,10415,11
53640,43617,10450,51
53641,43618,10450,35
53642,43619,10450,34
53643,43620,10450,38
53644,43621,10241,16
53645,43621,10276,52
53646,43622,10276,35
53647,43623,10276,73
53648,43624,10276,55
53649,43625,10557,63
53650,43626,10557,24
53651,43627,10557,22
53652,43628,10557,66
53653,43629,10418,83
53654,43630,10418,78
53655,43631,10418,22
53656,43631,10453,4
53657,43632,10453,33
53658,43633,9719,31
53659,43634,9719,38
53660,43635,9719,44
53661,43635,9754,13
53662,43636,9754,58
53663,43637,10315,37
53664,43638,10315,44
53665,43639,10315,37
53666,43640,10315,37
53667,43641,10141,43
53668,43641,10176,26
53669,43642,10176,31
53670,43643,10176,53
53671,43644,10176,37
53672,43645,10002,73
53673,43646,10002,15
53674,43646,10037,19
53675,43647,10037,49
53676,43648,10037,51
53677,43649,10353,50
53678,43650,10353,51
53679,43651,10353,12
53680,43651,10388,51
53681,43652,10388,49
53682,43653,10669,84
53683,43654,10669,29
53684,43655,10669,30
53685,43656,10669,56
53686,43657,10005,59
53687,43658,10005,38
53688,43659,10005,17
53689,43659,10040,16
53690,43660,10040,41
53691,43661,10321,31
53692,43661,10356,21
53693,43662,10356,66
53694,43663,10356,51
53695,43664,10356,94
53696,43665,10147,44
53697,43665,10182,40
53698,43666,10182,37
53699,43667,10182,28
53700,43668,10182,26
53701,43669,10428,132
53702,43669,10463,12
53703,43670,10463,68
53704,43671,10463,55
53705,43672,10463,64
53706,43673,9659,18
53707,43673,9694,63
53708,43674,9694,28
53709,43675,9694,65
53710,43676,9694,5
53711,43676,9729,42
53712,43677,10465,50
53713,43678,10465,45
53714,43679,10465,39
53715,43680,10465,14
53716,43680,10500,62
53717,43681,9871,62
53718,43681,9906,1
53719,43682,9906,53
53720,43683,9906,29
53721,43684,9906,34
53722,43684,9941,51
53723,43685,10012,129
53724,43686,10012,22
53725,43686,10047,38
53726,43687,10047,28
53727,43688,10047,52
53728,43689,10293,54
53729,43690,10293,41
53730,43690,10328,9
53731,43691,10328,49
53732,43692,10328,70
53733,43693,10224,118
53734,43694,10224,25
53735,43695,10224,2
53736,43695,10259,53
53737,43696,10259,67
53738,43697,10015,26
53739,43697,10050,80
53740,43698,10050,28
53741,43699,10050,64
53742,43700,10050,24
53743,43700,10085,35
53744,43701,10296,48
53745,43702,10296,4
53746,43702,10331,56
53747,43703,10331,31
53748,43704,10331,56
53749,43705,10577,76
53750,43706,10577,63
53751,43707,10577,40
53752,43708,10577,40
53753,43708,10612,10
53754,43709,9983,103
53755,43710,9983,9
53756,43710,10018,25
53757,43711,10018,49
53758,43712,10018,62
53759,43713,10194,93
53760,43714,10194,36
53761,43715,10229,47
53762,43716,10229,98
53763,43717,10370,152
53764,43717,10405,12
53765,43718,10405,35
53766,43719,10405,38
53767,43720,10405,70
53768,43721,10371,112
53769,43722,10371,46
53770,43722,10406,26
53771,43723,10406,62
53772,43724,10406,101
53773,43725,10267,74
53774,43726,10267,31
53775,43727,10267,25
53776,43727,10302,34
53777,43728,10302,36
53778,43729,10268,92
53779,43730,10268,30
53780,43730,10303,21
53781,43731,10303,29
53782,43732,10303,41
53783,43733,10129,70
53784,43734,10129,21
53785,43734,10164,95
53786,43735,10164,56
53787,43736,10164,36
53788,43736,10199,5
53789,43737,9990,32
53790,43737,10025,56
53791,43738,10025,82
53792,43738,10060,21
53793,43739,10060,51
53794,43740,10060,68
53795,43741,10131,20
53796,43741,10166,41
53797,43742,10166,59
53798,43743,10166,60
53799,43744,10166,16
53800,43745,10202,4
53801,43745,10237,143
53802,43746,10272,43
53803,43747,10272,75
53804,43748,10272,53
53805,43748,10307,43
53806,43749,10168,38
53807,43749,10203,34
53808,43750,10203,50
53809,43751,10203,35
53810,43752,10203,17
53811,43752,10238,87
53812,43753,10589,43
53813,43754,10589,29
53814,43755,10589,32
53815,43756,10589,1
53816,43756,10624,49
53817,43757,10450,50
53818,43758,10450,40
53819,43758,10485,16
53820,43759,10485,81
53821,43760,10485,71
53822,43761,10276,12
53823,43761,10311,42
53824,43762,10311,35
53825,43763,10311,64
53826,43764,10311,17
53827,43764,10346,59
53828,43765,10557,25
53829,43765,10592,42
53830,43766,10592,71
53831,43767,10592,57
53832,43768,10592,31
53833,43769,10453,161
53834,43770,10453,17
53835,43770,10488,48
53836,43771,10488,60
53837,43772,10488,88
53838,43773,9754,74
53839,43773,9789,31
53840,43774,9789,60
53841,43775,9789,27
53842,43776,9789,55
53843,43776,9824,48
53844,43777,10315,21
53845,43777,10350,25
53846,43778,10350,35
53847,43779,10350,30
53848,43780,10350,52
53849,43781,10176,56
53850,43781,10211,33
53851,43782,10211,39
53852,43783,10211,28
53853,43784,10211,46
53854,43785,10037,38
53855,43785,10072,41
53856,43786,10072,38
53857,43787,10072,39
53858,43788,10072,68
53859,43788,10107,26
53860,43789,10388,107
53861,43790,10388,43
53862,43791,10388,20
53863,43791,10423,7
53864,43792,10423,114
53865,43793,10669,93
53866,43794,10669,24
53867,43794,10704,34
53868,43795,10704,49
53869,43796,10704,65
53870,43797,10040,70
53871,43798,10040,16
53872,43798,10075,79
53873,43799,10075,78
53874,43800,10075,15
53875,43800,10110,61
53876,43801,10356,9
53877,43801,10391,124
53878,43802,10391,35
53879,43803,10391,60
53880,43804,10391,44
53881,43804,10426,8
53882,43805,10182,66
53883,43806,10182,60
53884,43806,10217,41
53885,43807,10217,70
53886,43808,10217,63
53887,43809,10463,152
53888,43810,10463,25
53889,43810,10498,82
53890,43811,10498,27
53891,43812,10498,33
53892,43813,9729,69
53893,43814,9729,12
53894,43814,9764,24
53895,43815,9764,25
53896,43816,9764,26
53897,43816,9799,39
53898,43817,10500,80
53899,43818,10500,39
53900,43819,10500,1
53901,43819,10535,51
53902,43820,10535,43
53903,43821,9941,23
53904,43822,9941,51
53905,43823,9941,3
53906,43823,9976,27
53907,43824,9976,94
53908,43825,10047,62
53909,43825,10082,69
53910,43826,10082,35
53911,43827,10082,52
53912,43828,10082,53
53913,43828,10117,47
53914,43829,10328,69
53915,43829,10363,49
53916,43830,10363,76
53917,43831,10363,24
53918,43832,10363,64
53919,43833,10259,71
53920,43833,10294,76
53921,43834,10294,28
53922,43835,10294,49
53923,43836,10294,30
53924,43836,10329,11
53925,43837,10085,71
53926,43838,10085,66
53927,43838,10120,10
53928,43839,10120,37
53929,43840,10120,90
53930,43841,10331,45
53931,43841,10366,52
53932,43842,10366,43
53933,43843,10366,32
53934,43844,10366,60
53935,43845,10612,82
53936,43846,10612,102
53937,43847,10612,28
53938,43848,10612,92
53939,43849,10018,39
53940,43849,10053,42
53941,43850,10053,73
53942,43851,10053,66
53943,43852,10053,27
53944,43852,10088,18
53945,43853,10229,43
53946,43854,10229,3
53947,43854,10264,33
53948,43855,10264,78
53949,43856,10264,40
53950,43857,10405,53
53951,43858,10405,20
53952,43859,10405,28
53953,43859,10440,29
53954,43860,10440,44
53955,43861,10406,45
53956,43862,10406,13
53957,43862,10441,48
53958,43863,10441,47
53959,43864,10441,90
53960,43865,10302,92
53961,43866,10302,36
53962,43866,10337,54
53963,43867,10337,29
53964,43868,10337,45
53965,43869,10303,38
53966,43870,10303,43
53967,43871,10303,29
53968,43871,10338,30
53969,43872,10338,69
53970,43873,10199,107
53971,43874,10199,63
53972,43874,10234,18
53973,43875,10234,81
53974,43876,10234,55
53975,43877,10060,26
53976,43877,10095,37
53977,43878,10095,71
53978,43879,10095,29
53979,43880,10095,48
53980,43880,10130,34
53981,43881,10166,32
53982,43882,10166,14
53983,43882,10201,39
53984,43883,10201,39
53985,43884,10201,67
53986,43885,10307,80
53987,43886,10307,49
53988,43887,10307,23
53989,43887,10342,18
53990,43888,10342,96
53991,43889,10238,85
53992,43890,10238,14
53993,43890,10273,17
53994,43891,10273,42
53995,43892,10273,54
53996,43893,10624,98
53997,43894,10624,40
53998,43895,10624,23
53999,43896,10624,67
54000,43896,10659,13
54001,43897,10485,39
54002,43897,10520,37
54003,43898,10520,59
54004,43899,10520,25
54005,43900,10520,83
54006,43901,10346,104
54007,43902,10346,41
54008,43903,10346,29
54009,43903,10381,17
54010,43904,10381,44
54011,43905,10592,110
54012,43905,10627,2
54013,43906,10627,61
54014,43907,10627,90
54015,43908,10627,90
54016,43909,10488,31
54017,43909,10523,16
54018,43910,10523,38
54019,43911,10523,63
54020,43912,10523,58
54021,43913,9824,35
54022,43914,9824,49
54023,43915,9824,11
54024,43915,9859,49
54025,43916,9859,60
54026,43917,10350,81
54027,43918,10350,24
54028,43918,10385,19
54029,43919,10385,36
54030,43920,10385,75
54031,43921,10211,42
54032,43921,10246,38
54033,43922,10246,23
54034,43923,10246,38
54035,43924,10246,38
54036,43925,10107,68
54037,43926,10107,26
54038,43927,10107,33
54039,43928,10107,3
54040,43928,10142,60
54041,43929,10423,58
54042,43930,10423,31
54043,43931,10423,21
54044,43931,10458,2
54045,43932,10458,60
54046,43933,10704,80
54047,43934,10704,37
54048,43935,10704,35
54049,43935,10739,11
54050,43936,10739,42
54051,43937,10110,64
54052,43938,10110,49
54053,43939,10110,41
54054,43940,10110,2
54055,43940,10145,85
54056,43941,10426,88
54057,43942,10426,35
54058,43943,10426,24
54059,43944,10426,41
54060,43945,10217,25
54061,43945,10252,51
54062,43946,10252,31
54063,43947,10252,84
54064,43948,10252,32
54065,43948,10287,32
54066,43949,10498,47
54067,43950,10498,28
54068,43950,10533,7
54069,43951,10533,26
54070,43952,10533,40
54071,43953,9799,72
54072,43954,9799,26
54073,43954,9834,6
54074,43955,9834,61
54075,43956,9834,55
54076,43957,10535,92
54077,43957,10570,23
54078,43958,10570,45
54079,43959,10570,28
54080,43960,10570,67
54081,43961,9976,46
54082,43961,10011,8
54083,43962,10011,17
54084,43963,10011,20
54085,43964,10011,22
54086,43965,10117,65
54087,43966,10117,20
54088,43967,10117,32
54089,43967,10152,6
54090,43968,10152,27
54091,43969,10363,27
54092,43970,10363,53
54093,43971,10363,8
54094,43971,10398,10
54095,43972,10398,54
54096,43973,10329,23
54097,43974,10329,36
54098,43975,10329,24
54099,43976,10329,33
54100,43977,10120,17
54101,43978,10120,50
54102,43978,10155,1
54103,43979,10155,34
54104,43980,10155,52
54105,43981,10366,7
54106,43981,10401,13
54107,43982,10401,41
54108,43983,10401,14
54109,43984,10401,21
54110,43985,10612,31
54111,43985,10647,17
54112,43986,10647,33
54113,43987,10647,18
54114,43988,10647,19
54115,43989,10088,61
54116,43990,10088,38
54117,43991,10088,25
54118,43991,10123,9
54119,43992,10123,17
54120,43993,10264,3
54121,43993,10299,13
54122,43994,10299,12
54123,43995,10299,40
54124,43996,10299,29
54125,43997,10440,45
54126,43998,10440,26
54127,43999,10440,42
54128,44000,10440,44
54129,44001,10441,41
54130,44002,10441,28
54131,44003,10441,34
54132,44003,10476,5
54133,44004,10476,41
54134,44005,10337,49
54135,44006,10337,38
54136,44007,10337,11
54137,44007,10372,22
54138,44008,10372,25
54139,44009,10338,32
54140,44010,10338,18
54141,44011,10338,15
54142,44012,10338,43
54143,44013,10234,58
54144,44014,10234,18
54145,44015,10234,8
54146,44015,10269,7
54147,44016,10269,33
54148,44017,10130,36
54149,44018,10130,45
54150,44019,10130,21
54151,44020,10130,32
54152,44020,10165,10
54153,44021,10201,52
54154,44022,10201,31
54155,44023,10201,33
54156,44023,10236,15
54157,44024,10236,40
54158,44025,10342,48
54159,44026,10342,19
54160,44027,10342,19
54161,44028,10342,21
54162,44029,10273,15
54163,44030,10273,13
54164,44031,10273,38
54165,44032,10273,25
54166,44033,10659,47
54167,44034,10659,40
54168,44035,10659,35
54169,44036,10659,54
54170,44037,10520,55
54171,44038,10520,24
54172,44039,10520,17
54173,44040,10520,37
54174,44040,10555,12
54175,44041,10381,45
54176,44042,10381,24
54177,44043,10381,33
54178,44044,10381,45
54179,44045,10627,28
54180,44046,10627,15
54181,44047,10627,25
54182,44048,10627,40
54183,44048,10662,2
54184,44049,10523,67
54185,44049,10558,20
54186,44050,10558,42
54187,44051,10558,44
54188,44052,10558,30
54189,44053,9859,30
54190,44053,9894,8
54191,44054,9894,25
54192,44055,9894,34
54193,44056,9894,47
54194,44057,10385,43
54195,44058,10385,32
54196,44059,10385,28
54197,44060,10385,8
54198,44060,10420,43
54199,44061,10246,33
54200,44062,10246,27
54201,44063,10246,20
54202,44064,10246,34
54203,44065,10142,36
54204,44066,10142,24
54205,44067,10142,10
54206,44068,10142,30
54207,44069,10458,42
54208,44070,10458,31
54209,44071,10458,32
54210,44072,10458,16
54211,44073,10739,33
54212,44074,10739,18
54213,44075,10739,35
54214,44076,10739,52
54215,44077,10145,28
54216,44078,10145,22
54217,44079,10145,7
54218,44079,10180,4
54219,44080,10180,22
54220,44081,10426,38
54221,44081,10461,20
54222,44082,10461,34
54223,44083,10461,23
54224,44084,10461,44
54225,44085,10287,24
54226,44086,10287,49
54227,44087,10287,29
54228,44088,10287,52
54229,44088,10322,10
54230,44089,10533,47
54231,44090,10533,25
54232,44091,10533,29
54233,44092,10533,15
54234,44093,9834,54
54235,44094,9869,23
54236,44095,9869,27
54237,44096,9869,47
54238,44097,10570,23
54239,44098,10570,41
54240,44099,10570,36
54241,44100,10570,32
54242,44101,10011,14
54243,44102,10011,26
54244,44103,10011,9
54245,44104,10011,37
54246,44104,10046,8
54247,44105,10152,50
54248,44106,10152,28
54249,44107,10152,16
54250,44108,10152,42
54251,44109,10398,41
54252,44110,10398,10
54253,44111,10398,38
54254,44112,10398,17
54255,44113,10329,28
54256,44114,10329,28
54257,44114,10364,7
54258,44115,10364,32
54259,44116,10364,34
54260,44117,10155,70
54261,44118,10155,25
54262,44119,10155,30
54263,44120,10155,13
54264,44120,10190,6
54265,44121,10401,45
54266,44122,10401,13
54267,44123,10401,26
54268,44124,10401,41
54269,44125,10647,30
54270,44126,10647,17
54271,44127,10647,41
54272,44128,10647,20
54273,44129,10123,53
54274,44130,10123,15
54275,44131,10123,44
54276,44132,10123,29
54277,44133,10299,27
54278,44134,10299,45
54279,44135,10299,13
54280,44136,10299,21
54281,44136,10334,2
54282,44137,10440,3
54283,44137,10475,71
54284,44138,10475,10
54285,44139,10475,47
54286,44140,10475,36
54287,44141,10476,40
54288,44142,10476,29
54289,44143,10476,22
54290,44144,10476,17
54291,44145,10372,25
54292,44146,10372,20
54293,44147,10372,14
54294,44148,10372,63
54295,44149,10338,10
54296,44149,10373,38
54297,44150,10373,34
54298,44151,10373,21
54299,44152,10373,26
54300,44153,10269,34
54301,44154,10269,43
54302,44155,10269,36
54303,44156,10269,2
54304,44156,10304,41
54305,44157,10165,25
54306,44158,10165,11
54307,44159,10165,13
54308,44160,10165,20
54309,44161,10236,40
54310,44162,10236,46
54311,44163,10236,46
54312,44163,10271,4
54313,44164,10271,73
54314,44165,10342,10
54315,44165,10377,56
54316,44166,10377,45
54317,44167,10377,21
54318,44168,10377,28
54319,44169,10273,15
54320,44169,10308,20
54321,44170,10308,50
54322,44171,10308,19
54323,44172,10308,18
54324,44173,10659,30
54325,44174,10659,17
54326,44175,10659,16
54327,44175,10694,10
54328,44176,10694,32
54329,44177,10555,53
54330,44178,10555,44
54331,44179,10555,15
54332,44180,10555,35
54333,44181,10381,17
54334,44182,10381,18
54335,44182,10416,15
54336,44183,10416,15
54337,44184,10416,33
54338,44185,10662,81
54339,44186,10662,15
54340,44187,10662,31
54341,44188,10662,38
54342,44189,10558,15
54343,44190,10558,30
54344,44191,10558,5
54345,44191,10593,19
54346,44192,10593,36
54347,44193,9894,28
54348,44193,9929,7
54349,44194,9929,26
54350,44195,9929,25
54351,44196,9929,33
54352,44197,10420,56
54353,44198,10420,31
54354,44199,10420,15
54355,44200,10420,31
54356,44201,10246,8
54357,44201,10281,22
54358,44202,10281,45
54359,44203,10281,27
54360,44204,10281,21
54361,44205,10142,16
54362,44206,10142,21
54363,44206,10177,19
54364,44207,10177,18
54365,44208,10177,20
54366,44209,10458,30
54367,44210,10458,48
54368,44211,10458,6
54369,44211,10493,12
54370,44212,10493,32
54371,44213,10739,51
54372,44214,10739,18
54373,44214,10774,9
54374,44215,10774,34
54375,44216,10774,19
54376,44217,10180,31
54377,44218,10180,32
54378,44219,10180,13
54379,44220,10180,32
54380,44221,10461,21
54381,44222,10461,45
54382,44223,10461,25
54383,44224,10461,20
54384,44224,10496,4
54385,44225,10322,36
54386,44226,10322,37
54387,44227,10322,27
54388,44228,10322,22
54389,44229,10533,39
54390,44230,10533,38
54391,44231,10533,28
54392,44232,10533,20
54393,44232,10568,16
54394,44233,9869,34
54395,44234,9869,33
54396,44234,9904,1
54397,44235,9904,13
54398,44236,9904,44
54399,44237,10570,25
54400,44237,10605,8
54401,44238,10605,14
54402,44239,10605,27
54403,44240,10605,40
54404,44241,10046,40
54405,44242,10046,30
54406,44243,10046,21
54407,44244,10046,35
54408,44245,10152,3
54409,44245,10187,66
54410,44246,10187,24
54411,44247,10187,18
54412,44248,10187,29
54413,44249,10398,38
54414,44250,10398,43
54415,44251,10398,20
54416,44251,10433,23
54417,44252,10433,27
54418,44253,10364,41
54419,44254,10364,23
54420,44255,10364,14
54421,44256,10364,28
54422,44257,10190,21
54423,44258,10190,18
54424,44259,10190,17
54425,44260,10190,26
54426,44261,10401,55
54427,44262,10401,7
54428,44262,10436,41
54429,44263,10436,12
54430,44264,10436,35
54431,44265,10647,77
54432,44266,10647,46
54433,44267,10647,13
54434,44268,10647,21
54435,44268,10682,25
54436,44269,10123,9
54437,44269,10158,31
54438,44270,10158,18
54439,44271,10158,17
54440,44272,10158,35
54441,44273,10334,57
54442,44274,10334,19
54443,44275,10334,22
54444,44276,10334,49
54445,44277,10475,32
54446,44278,10475,28
54447,44279,10475,25
54448,44280,10475,15
54449,44280,10510,27
54450,44281,10476,27
54451,44282,10476,27
54452,44283,10476,29
54453,44284,10476,26
54454,44284,10511,21
54455,44285,10372,55
54456,44285,10407,2
54457,44286,10407,30
54458,44287,10407,22
54459,44288,10407,16
54460,44289,10373,47
54461,44290,10373,20
54462,44291,10373,27
54463,44292,10373,32
54464,44293,10304,65
54465,44294,10304,19
54466,44295,10304,36
54467,44296,10304,25
54468,44297,10165,22
54469,44298,10165,56
54470,44299,10165,21
54471,44300,10165,15
54472,44300,10200,43
54473,44301,10271,46
54474,44302,10271,6
54475,44302,10306,47
54476,44303,10306,32
54477,44304,10306,31
54478,44305,10377,48
54479,44305,10412,33
54480,44306,10412,37
54481,44307,10412,36
54482,44308,10412,30
54483,44309,10308,58
54484,44309,10343,1
54485,44310,10343,34
54486,44311,10343,15
54487,44312,10343,43
54488,44313,10694,43
54489,44314,10694,12
54490,44315,10694,24
54491,44316,10694,24
54492,44317,10555,25
54493,44318,10555,35
54494,44319,10555,47
54495,44320,10555,37
54496,44320,10590,4
54497,44321,10416,43
54498,44322,10416,23
54499,44322,10451,2
54500,44323,10451,45
54501,44324,10451,26
54502,44325,10662,30
54503,44326,10662,30
54504,44327,10662,39
54505,44328,10662,15
54506,44329,10593,73
54507,44330,10593,15
54508,44331,10593,16
54509,44332,10593,65
54510,44333,9929,40
54511,44333,9964,60
54512,44334,9964,40
54513,44335,9964,50
54514,44336,9964,4
54515,44336,9999,34
54516,44337,10420,33
54517,44338,10420,11
54518,44338,10455,16
54519,44339,10455,18
54520,44340,10455,35
54521,44341,10281,22
54522,44342,10281,23
54523,44343,10281,17
54524,44344,10281,23
54525,44344,10316,5
54526,44345,10177,22
54527,44346,10177,13
54528,44347,10177,40
54529,44348,10177,25
54530,44349,10493,30
54531,44350,10493,47
54532,44351,10493,41
54533,44351,10528,8
54534,44352,10528,32
54535,44353,10774,67
54536,44354,10774,38
54537,44355,10774,35
54538,44356,10774,36
54539,44357,10180,62
54540,44358,10180,18
54541,44358,10215,5
54542,44359,10215,17
54543,44360,10215,54
54544,44361,10496,25
54545,44362,10496,34
54546,44363,10496,44
54547,44364,10496,24
54548,44365,10322,55
54549,44365,10357,37
54550,44366,10357,37
54551,44367,10357,12
54552,44368,10357,41
54553,44369,10568,46
54554,44370,10568,25
54555,44371,10568,16
54556,44372,10568,27
54557,44373,9904,34
54558,44374,9904,21
54559,44375,9904,12
54560,44376,9904,16
54561,44377,10605,34
54562,44378,10605,11
54563,44379,10605,25
54564,44380,10605,50
54565,44381,10046,35
54566,44381,10081,50
54567,44382,10081,13
54568,44383,10081,40
54569,44384,10081,31
54570,44385,10187,23
54571,44385,10222,39
54572,44386,10222,30
54573,44387,10222,32
54574,44388,10222,54
54575,44389,10433,33
54576,44390,10433,39
54577,44391,10433,21
54578,44392,10433,59
54579,44393,10364,46
54580,44394,10364,22
54581,44395,10364,12
54582,44396,10364,23
54583,44396,10399,64
54584,44397,10190,55
54585,44398,10190,22
54586,44399,10190,29
54587,44400,10190,41
54588,44400,10225,14
54589,44401,10436,61
54590,44402,10436,53
54591,44403,10436,17
54592,44404,10436,19
54593,44405,10682,87
54594,44406,10682,33
54595,44407,10682,33
54596,44408,10682,18
54597,44409,10158,88
54598,44410,10158,13
54599,44410,10193,2
54600,44411,10193,43
54601,44412,10193,71
54602,44413,10334,45
54603,44413,10369,5
54604,44414,10369,41
54605,44415,10369,23
54606,44416,10369,30
54607,44417,10510,63
54608,44418,10510,24
54609,44419,10510,19
54610,44420,10510,62
54611,44421,10511,37
54612,44422,10511,55
54613,44423,10511,25
54614,44424,10511,43
54615,44425,10407,45
54616,44426,10407,58
54617,44427,10407,27
54618,44428,10407,71
54619,44428,10442,3
54620,44429,10373,45
54621,44430,10373,9
54622,44430,10408,22
54623,44431,10408,17
54624,44432,10408,38
54625,44433,10304,21
54626,44433,10339,9
54627,44434,10339,24
54628,44435,10339,12
54629,44436,10339,42
54630,44437,10200,45
54631,44438,10200,38
54632,44439,10200,42
54633,44440,10200,50
54634,44441,10306,24
54635,44442,10306,40
54636,44443,10306,25
54637,44443,10341,19
54638,44444,10341,29
54639,44445,10412,35
54640,44446,10412,35
54641,44446,10447,25
54642,44447,10447,34
54643,44448,10447,42
54644,44449,10343,56
54645,44450,10343,49
54646,44451,10343,18
54647,44452,10343,63
54648,44453,10694,45
54649,44454,10694,47
54650,44455,10694,21
54651,44456,10694,29
54652,44456,10729,26
54653,44457,10590,56
54654,44458,10590,49
54655,44459,10590,34
54656,44460,10590,64
54657,44461,10451,19
54658,44462,10451,66
54659,44463,10451,28
54660,44464,10451,38
54661,44464,10486,1
54662,44465,10662,40
54663,44466,10662,8
54664,44466,10697,25
54665,44467,10697,16
54666,44468,10697,55
54667,44469,10593,20
54668,44470,10593,40
54669,44471,10593,41
54670,44472,10593,6
54671,44472,10628,36
54672,44473,9999,41
54673,44474,9999,42
54674,44475,9999,17
54675,44476,9999,27
54676,44477,10455,39
54677,44478,10455,35
54678,44479,10455,30
54679,44479,10490,9
54680,44480,10490,28
54681,44481,10316,95
54682,44482,10316,23
54683,44483,10316,52
54684,44484,10316,4
54685,44484,10351,49
54686,44485,10177,24
54687,44485,10212,35
54688,44486,10212,41
54689,44487,10212,34
54690,44488,10212,64
54691,44488,10247,1
54692,44489,10528,65
54693,44490,10528,52
54694,44491,10528,48
54695,44492,10528,57
54696,44493,10774,69
54697,44493,10809,20
54698,44494,10809,30
54699,44495,10809,15
54700,44496,10809,55
54701,44497,10215,39
54702,44498,10215,45
54703,44499,10215,9
54704,44499,10250,16
54705,44500,10250,48
54706,44501,10496,29
54707,44502,10496,42
54708,44503,10496,17
54709,44504,10496,43
54710,44505,10357,26
54711,44506,10357,27
54712,44507,10357,46
54713,44508,10357,15
54714,44508,10392,36
54715,44509,10568,29
54716,44510,10568,49
54717,44511,10568,27
54718,44512,10568,38
54719,44513,9904,5
54720,44513,9939,56
54721,44514,9939,29
54722,44515,9939,53
54723,44516,9939,7
54724,44516,9974,22
54725,44517,10605,33
54726,44517,10640,29
54727,44518,10640,32
54728,44519,10640,20
54729,44520,10640,9
54730,44521,10081,12
54731,44521,10116,59
54732,44522,10116,30
54733,44523,10116,42
54734,44524,10116,48
54735,44524,10151,28
54736,44525,10222,20
54737,44525,10257,75
54738,44526,10257,19
54739,44527,10257,51
54740,44528,10257,62
54741,44529,10433,13
54742,44529,10468,55
54743,44530,10468,21
54744,44531,10468,26
54745,44532,10468,99
54746,44533,10399,93
54747,44533,10434,9
54748,44534,10434,39
54749,44535,10434,27
54750,44536,10434,76
54751,44537,10225,36
54752,44538,10225,23
54753,44539,10225,24
54754,44540,10225,44
54755,44541,10436,30
54756,44542,10436,7
54757,44542,10471,32
54758,44543,10471,54
54759,44544,10471,46
54760,44545,10682,6
54761,44545,10717,76
54762,44546,10717,31
54763,44547,10717,28
54764,44548,10717,70
54765,44549,10193,68
54766,44550,10193,40
54767,44550,10228,36
54768,44551,10228,22
54769,44552,10228,44
54770,44553,10369,39
54771,44553,10404,42
54772,44554,10404,43
54773,44555,10404,26
54774,44556,10404,61
54775,44557,10510,31
54776,44557,10545,106
54777,44558,10545,42
54778,44559,10545,34
54779,44560,10545,52
54780,44561,10511,39
54781,44562,10511,20
54782,44562,10546,33
54783,44563,10546,42
54784,44564,10546,76
54785,44565,10442,43
54786,44566,10442,19
54787,44567,10442,66
54788,44568,10442,31
54789,44569,10408,53
54790,44570,10408,29
54791,44570,10443,10
54792,44571,10443,41
54793,44572,10443,57
54794,44573,10339,106
54795,44574,10339,45
54796,44575,10339,43
54797,44576,10339,59
54798,44577,10200,4
54799,44577,10235,73
54800,44578,10235,40
54801,44579,10235,23
54802,44580,10235,20
54803,44580,10270,11
54804,44581,10341,68
54805,44582,10341,36
54806,44583,10341,49
54807,44584,10341,32
54808,44584,10376,13
54809,44585,10447,53
54810,44586,10447,61
54811,44587,10447,39
54812,44588,10447,5
54813,44588,10482,44
54814,44589,10343,9
54815,44589,10378,79
54816,44590,10378,78
54817,44591,10378,33
54818,44592,10378,25
54819,44593,10729,74
54820,44594,10729,19
54821,44595,10729,15
54822,44596,10729,46
54823,44597,10590,97
54824,44598,10590,24
54825,44599,10590,5
54826,44599,10625,14
54827,44600,10625,26
54828,44601,10486,19
54829,44602,10486,21
54830,44603,10486,23
54831,44604,10486,92
54832,44605,10697,25
54833,44606,10697,35
54834,44607,10697,35
54835,44608,10697,59
54836,44609,10628,73
54837,44610,10628,43
54838,44611,10628,31
54839,44612,10628,37
54840,44613,9999,14
54841,44613,10034,76
54842,44614,10034,42
54843,44615,10034,36
54844,44616,10034,79
54845,44617,10490,72
54846,44618,10490,25
54847,44619,10490,43
54848,44620,10490,35
54849,44620,10525,5
54850,44621,10351,65
54851,44622,10351,85
54852,44622,10386,11
54853,44623,10386,41
54854,44624,10386,38
54855,44625,10247,104
54856,44626,10247,60
54857,44627,10247,28
54858,44627,10282,8
54859,44628,10282,33
54860,44629,10528,80
54861,44630,10528,24
54862,44630,10563,5
54863,44631,10563,46
54864,44632,10563,85
54865,44633,10809,97
54866,44633,10844,21
54867,44634,10844,45
54868,44635,10844,45
54869,44636,10844,30
54870,44637,10250,74
54871,44638,10250,31
54872,44639,10250,11
54873,44639,10285,14
54874,44640,10285,68
54875,44641,10496,19
54876,44641,10531,60
54877,44642,10531,43
54878,44643,10531,31
54879,44644,10531,63
54880,44645,10392,57
54881,44646,10392,76
54882,44647,10392,53
54883,44648,10392,29
54884,44649,10568,22
54885,44649,10603,58
54886,44650,10603,50
54887,44651,10603,20
54888,44652,10603,61
54889,44653,9974,66
54890,44654,9974,32
54891,44655,9974,9
54892,44655,10009,7
54893,44656,10009,52
54894,44657,10640,59
54895,44658,10640,57
54896,44658,10675,2
54897,44659,10675,38
54898,44660,10675,39
54899,44661,10151,72
54900,44662,10151,75
54901,44663,10151,5
54902,44663,10186,42
54903,44664,10186,60
54904,44665,10257,1
54905,44665,10292,97
54906,44666,10292,35
54907,44667,10292,43
54908,44668,10292,60
54909,44669,10468,10
54910,44669,10503,98
54911,44670,10503,22
54912,44671,10503,70
54913,44672,10503,78
54914,44672,10538,27
54915,44673,10434,18
54916,44673,10469,40
54917,44674,10469,97
54918,44675,10469,67
54919,44676,10469,51
54920,44677,10225,12
54921,44678,10225,77
54922,44679,10225,22
54923,44679,10260,36
54924,44680,10260,88
54925,44681,10471,63
54926,44682,10471,32
54927,44682,10506,21
54928,44683,10506,19
54929,44684,10506,80
54930,44685,10717,8
54931,44685,10752,71
54932,44686,10752,48
54933,44687,10752,48
54934,44688,10752,74
54935,44689,10228,84
54936,44689,10263,67
54937,44690,10263,87
54938,44691,10263,42
54939,44691,10298,10
54940,44692,10298,99
54941,44693,10404,58
54942,44694,10404,1
54943,44694,10439,75
54944,44695,10439,44
54945,44696,10439,138
54946,44697,10545,44
54947,44698,10545,55
54948,44698,10580,15
54949,44699,10580,49
54950,44700,10580,83
54951,44701,10546,67
54952,44702,10546,13
54953,44702,10581,51
54954,44703,10581,50
54955,44704,10581,87
54956,44705,10442,60
54957,44706,10477,51
54958,44707,10477,28
54959,44708,10477,55
54960,44709,10443,54
54961,44710,10443,17
54962,44710,10478,47
54963,44711,10478,33
54964,44712,10478,52
54965,44713,10339,1
54966,44713,10374,46
54967,44714,10374,29
54968,44715,10374,23
54969,44716,10374,63
54970,44717,10270,81
54971,44718,10270,94
54972,44719,10270,27
54973,44720,10270,8
54974,44720,10305,19
54975,44721,10376,71
54976,44722,10376,61
54977,44723,10376,53
54978,44724,10376,53
54979,44724,10411,7
54980,44725,10482,71
54981,44726,10482,75
54982,44727,10482,5
54983,44727,10517,20
54984,44728,10517,62
54985,44729,10378,52
54986,44729,10413,29
54987,44730,10413,32
54988,44731,10413,70
54989,44732,10413,22
54990,44733,10729,85
54991,44734,10729,60
54992,44735,10729,36
54993,44735,10764,43
54994,44736,10764,75
54995,44737,10625,116
54996,44738,10625,80
54997,44739,10625,39
54998,44740,10625,48
54999,44741,10486,75
55000,44741,10521,10
55001,44742,10521,51
55002,44743,10521,55
55003,44744,10521,46
55004,44745,10697,43
55005,44745,10732,8
55006,44746,10732,57
55007,44747,10732,75
55008,44748,10732,45
55009,44749,10628,55
55010,44750,10628,24
55011,44751,10628,8
55012,44751,10663,65
55013,44752,10663,106
55014,44753,10034,8
55015,44753,10069,30
55016,44754,10069,68
55017,44755,10069,25
55018,44756,10069,62
55019,44756,10104,43
55020,44757,10525,127
55021,44758,10525,63
55022,44759,10525,19
55023,44760,10525,69
55024,44761,10386,70
55025,44762,10386,36
55026,44763,10386,22
55027,44764,10386,98
55028,44765,10282,104
55029,44766,10282,50
55030,44766,10317,8
55031,44767,10317,62
55032,44768,10317,45
55033,44769,10563,76
55034,44770,10563,60
55035,44771,10563,39
55036,44772,10563,34
55037,44772,10598,72
55038,44773,10844,83
55039,44774,10844,51
55040,44775,10844,32
55041,44775,10879,18
55042,44776,10879,43
55043,44777,10285,64
55044,44778,10285,31
55045,44779,10285,43
55046,44780,10285,21
55047,44780,10320,45
55048,44781,10531,112
55049,44781,10566,6
55050,44782,10566,21
55051,44783,10566,55
55052,44784,10566,133
55053,44785,10392,29
55054,44786,10392,14
55055,44786,10427,37
55056,44787,10427,72
55057,44788,10427,29
55058,44789,10603,30
55059,44789,10638,63
55060,44790,10638,64
55061,44791,10638,38
55062,44792,10638,69
55063,44793,10009,59
55064,44794,10009,41
55065,44795,10009,49
55066,44796,10009,23
55067,44796,10044,22
55068,44797,10675,65
55069,44798,10675,65
55070,44798,10710,5
55071,44799,10710,47
55072,44800,10710,54
55073,44801,10186,56
55074,44802,10186,15
55075,44802,10221,73
55076,44803,10221,30
55077,44804,10221,40
55078,44805,10292,4
55079,44805,10327,73
55080,44806,10327,89
55081,44807,10327,46
55082,44808,10327,31
55083,44808,10362,18
55084,44809,10538,58
55085,44810,10538,49
55086,44811,10538,32
55087,44812,10538,71
55088,44812,10573,51
55089,44813,10469,20
55090,44813,10504,52
55091,44814,10504,46
55092,44815,10504,46
55093,44816,10504,32
55094,44817,10260,70
55095,44817,10295,35
55096,44818,10295,96
55097,44819,10295,24
55098,44819,10330,43
55099,44820,10330,92
55100,44821,10506,62
55101,44822,10506,93
55102,44823,10506,42
55103,44824,10506,27
55104,44824,10541,65
55105,44825,10752,54
55106,44825,10787,28
55107,44826,10787,53
55108,44827,10787,20
55109,44828,10787,68
55110,44829,10298,70
55111,44829,10333,24
55112,44830,10333,40
55113,44831,10333,58
55114,44832,10333,50
55115,44833,10439,75
55116,44834,10439,27
55117,44835,10439,1
55118,44835,10474,60
55119,44836,10474,56
55120,44837,10580,72
55121,44838,10580,37
55122,44839,10580,63
55123,44840,10580,9
55124,44840,10615,46
55125,44841,10581,60
55126,44842,10581,22
55127,44842,10616,6
55128,44843,10616,32
55129,44844,10616,45
55130,44845,10477,57
55131,44846,10477,43
55132,44847,10477,20
55133,44847,10512,29
55134,44848,10512,70
55135,44849,10478,92
55136,44850,10478,49
55137,44851,10478,17
55138,44851,10513,45
55139,44852,10513,50
55140,44853,10374,33
55141,44853,10409,47
55142,44854,10409,59
55143,44855,10409,47
55144,44856,10409,46
55145,44857,10305,45
55146,44858,10305,86
55147,44859,10305,28
55148,44860,10305,55
55149,44861,10411,80
55150,44862,10411,60
55151,44863,10411,65
55152,44864,10411,14
55153,44864,10446,43
55154,44865,10517,99
55155,44866,10517,91
55156,44867,10517,23
55157,44868,10517,28
55158,44869,10413,80
55159,44870,10413,38
55160,44870,10448,46
55161,44871,10448,20
55162,44872,10448,55
55163,44873,10764,71
55164,44874,10764,26
55165,44875,10764,57
55166,44876,10764,9
55167,44876,10799,10
55168,44877,10625,28
55169,44877,10660,18
55170,44878,10660,54
55171,44879,10660,33
55172,44880,10660,42
55173,44881,10521,59
55174,44882,10521,33
55175,44883,10521,53
55176,44884,10521,20
55177,44884,10556,73
55178,44885,10732,82
55179,44886,10732,30
55180,44886,10767,24
55181,44887,10767,76
55182,44888,10767,72
55183,44889,10663,89
55184,44890,10663,1
55185,44890,10698,28
55186,44891,10698,21
55187,44892,10698,69
55188,44893,10104,34
55189,44894,10104,49
55190,44895,10104,17
55191,44895,10139,11
55192,44896,10139,116
55193,44897,10525,69
55194,44898,10525,10
55195,44898,10560,25
55196,44899,10560,39
55197,44900,10560,89
55198,44901,10386,23
55199,44901,10421,82
55200,44902,10421,62
55201,44903,10421,62
55202,44904,10421,29
55203,44904,10456,5
55204,44905,10317,96
55205,44906,10317,2
55206,44906,10352,71
55207,44907,10352,36
55208,44908,10352,45
55209,44909,10598,27
55210,44910,10598,35
55211,44911,10598,24
55212,44912,10598,41
55213,44913,10879,53
55214,44914,10879,17
55215,44914,10914,25
55216,44915,10914,23
55217,44916,10914,53
55218,44917,10320,62
55219,44918,10320,60
55220,44919,10320,25
55221,44920,10320,33
55222,44921,10566,42
55223,44922,10566,41
55224,44923,10566,54
55225,44923,10601,6
55226,44924,10601,70
55227,44925,10427,37
55228,44925,10462,61
55229,44926,10462,40
55230,44927,10462,24
55231,44928,10462,29
55232,44929,10638,7
55233,44929,10673,43
55234,44930,10673,43
55235,44931,10673,57
55236,44932,10673,46
55237,44933,10044,131
55238,44934,10044,12
55239,44934,10079,24
55240,44935,10079,29
55241,44936,10079,78
55242,44937,10710,137
55243,44938,10710,5
55244,44938,10745,56
55245,44939,10745,39
55246,44940,10745,56
55247,44941,10221,54
55248,44942,10221,7
55249,44942,10256,20
55250,44943,10256,20
55251,44944,10256,18
55252,44945,10362,33
55253,44946,10362,34
55254,44947,10362,22
55255,44948,10362,41
55256,44949,10573,39
55257,44950,10573,27
55258,44951,10573,20
55259,44952,10573,20
55260,44953,10504,21
55261,44954,10504,27
55262,44955,10504,18
55263,44956,10504,26
55264,44956,10539,6
55265,44957,10330,55
55266,44958,10330,9
55267,44959,10330,24
55268,44960,10330,11
55269,44961,10541,46
55270,44962,10541,22
55271,44963,10541,14
55272,44964,10541,50
55273,44965,10787,47
55274,44966,10787,20
55275,44967,10787,8
55276,44967,10822,9
55277,44968,10822,41
55278,44969,10333,24
55279,44970,10333,32
55280,44971,10333,13
55281,44971,10368,26
55282,44972,10368,24
55283,44973,10474,74
55284,44974,10474,8
55285,44974,10509,4
55286,44975,10509,15
55287,44976,10509,38
55288,44977,10615,45
55289,44978,10615,29
55290,44979,10615,41
55291,44980,10615,43
55292,44981,10616,49
55293,44982,10616,28
55294,44983,10616,17
55295,44984,10616,22
55296,44985,10512,36
55297,44986,10512,27
55298,44987,10512,11
55299,44988,10512,28
55300,44989,10513,55
55301,44990,10513,20
55302,44991,10513,44
55303,44992,10513,15
55304,44993,10409,36
55305,44994,10409,16
55306,44995,10409,18
55307,44996,10409,4
55308,44996,10444,17
55309,44997,10305,18
55310,44997,10340,36
55311,44998,10340,23
55312,44999,10340,25
55313,45000,10340,34
55314,45001,10446,44
55315,45002,10446,22
55316,45003,10446,14
55317,45004,10446,40
55318,45005,10517,34
55319,45006,10517,28
55320,45007,10517,31
55321,45008,10517,31
55322,45008,10552,14
55323,45009,10448,42
55324,45010,10448,48
55325,45011,10448,17
55326,45012,10448,2
55327,45012,10483,32
55328,45013,10799,32
55329,45014,10799,23
55330,45015,10799,26
55331,45016,10799,31
55332,45017,10660,25
55333,45018,10660,28
55334,45019,10660,20
55335,45020,10660,32
55336,45021,10556,75
55337,45022,10556,19
55338,45023,10556,29
55339,45024,10556,28
55340,45025,10767,38
55341,45025,10802,22
55342,45026,10802,13
55343,45027,10802,21
55344,45028,10802,21
55345,45029,10698,51
55346,45030,10698,30
55347,45030,10733,3
55348,45031,10733,15
55349,45032,10733,44
55350,45033,10139,24
55351,45033,10174,17
55352,45034,10174,43
55353,45035,10174,33
55354,45036,10174,22
55355,45037,10560,45
55356,45038,10560,18
55357,45039,10560,34
55358,45040,10560,20
55359,45041,10456,44
55360,45042,10456,27
55361,45043,10456,34
55362,45044,10456,25
55363,45045,10352,33
55364,45046,10352,20
55365,45047,10352,7
55366,45047,10387,15
55367,45048,10387,40
55368,45049,10598,21
55369,45050,10598,14
55370,45051,10598,21
55371,45052,10598,43
55372,45053,10914,6
55373,45053,10949,46
55374,45054,10949,19
55375,45055,10949,24
55376,45056,10949,21
55377,45056,10984,23
55378,45057,10320,12
55379,45057,10355,41
55380,45058,10355,25
55381,45059,10355,14
55382,45060,10355,52
55383,45061,10601,61
55384,45062,10601,35
55385,45063,10601,16
55386,45064,10601,47
55387,45064,10636,4
55388,45065,10462,27
55389,45066,10462,45
55390,45067,10462,15
55391,45068,10462,2
55392,45068,10497,19
55393,45069,10673,33
55394,45070,10673,22
55395,45071,10673,20
55396,45072,10673,12
55397,45072,10708,12
55398,45073,10079,14
55399,45074,10079,7
55400,45074,10114,22
55401,45075,10114,25
55402,45076,10114,20
55403,45077,10745,29
55404,45078,10745,19
55405,45079,10745,28
55406,45080,10745,33
55407,45081,10256,47
55408,45082,10256,22
55409,45083,10256,27
55410,45084,10256,52
55411,45085,10362,30
55412,45086,10362,18
55413,45087,10362,20
55414,45088,10362,28
55415,45088,10397,21
55416,45089,10573,51
55417,45090,10573,31
55418,45091,10573,16
55419,45092,10608,40
55420,45093,10539,23
55421,45094,10539,24
55422,45095,10539,31
55423,45096,10539,35
55424,45097,10330,21
55425,45097,10365,17
55426,45098,10365,12
55427,45099,10365,11
55428,45100,10365,16
55429,45101,10541,24
55430,45102,10541,29
55431,45103,10541,3
55432,45103,10576,43
55433,45104,10576,68
55434,45105,10822,42
55435,45106,10822,14
55436,45107,10822,30
55437,45108,10822,26
55438,45109,10368,35
55439,45110,10368,22
55440,45111,10368,21
55441,45112,10368,76
55442,45113,10509,62
55443,45114,10509,28
55444,45115,10509,12
55445,45116,10509,13
55446,45117,10615,69
55447,45118,10615,22
55448,45119,10615,8
55449,45120,10615,12
55450,45120,10650,42
55451,45121,10616,21
55452,45121,10651,15
55453,45122,10651,25
55454,45123,10651,17
55455,45124,10651,48
55456,45125,10512,35
55457,45126,10512,44
55458,45126,10547,13
55459,45127,10547,22
55460,45128,10547,36
55461,45129,10513,4
55462,45129,10548,56
55463,45130,10548,15
55464,45131,10548,16
55465,45132,10548,43
55466,45133,10444,31
55467,45134,10444,21
55468,45135,10444,31
55469,45136,10444,41
55470,45137,10340,56
55471,45138,10340,37
55472,45139,10340,17
55473,45140,10340,60
55474,45141,10446,42
55475,45142,10446,54
55476,45143,10446,4
55477,45143,10481,14
55478,45144,10481,51
55479,45145,10552,43
55480,45146,10552,53
55481,45147,10552,18
55482,45148,10552,22
55483,45149,10483,32
55484,45150,10483,40
55485,45151,10483,26
55486,45152,10483,27
55487,45153,10799,37
55488,45154,10799,31
55489,45155,10799,15
55490,45156,10799,30
55491,45157,10660,57
55492,45157,10695,3
55493,45158,10695,32
55494,45159,10695,10
55495,45160,10695,35
55496,45161,10556,22
55497,45161,10591,27
55498,45162,10591,33
55499,45163,10591,14
55500,45164,10591,37
55501,45165,10802,27
55502,45166,10802,42
55503,45167,10802,15
55504,45168,10802,13
55505,45169,10733,73
55506,45170,10733,38
55507,45171,10733,24
55508,45172,10733,26
55509,45172,10768,29
55510,45173,10174,51
55511,45174,10174,26
55512,45175,10174,21
55513,45176,10174,24
55514,45177,10560,62
55515,45177,10595,2
55516,45178,10595,18
55517,45179,10595,18
55518,45180,10595,47
55519,45181,10456,25
55520,45182,10456,47
55521,45183,10456,18
55522,45184,10456,28
55523,45185,10387,66
55524,45186,10387,25
55525,45187,10387,15
55526,45188,10387,44
55527,45189,10598,25
55528,45189,10633,14
55529,45190,10633,33
55530,45191,10633,17
55531,45192,10633,22
55532,45193,10984,53
55533,45194,10984,27
55534,45195,10984,31
55535,45196,10984,1
55536,45196,11019,23
55537,45197,10355,77
55538,45198,10355,22
55539,45199,10355,38
55540,45200,10355,4
55541,45200,10390,46
55542,45201,10636,40
55543,45202,10636,25
55544,45203,10636,12
55545,45204,10636,39
55546,45205,10497,53
55547,45206,10497,48
55548,45207,10497,19
55549,45208,10497,41
55550,45209,10708,38
55551,45210,10708,10
55552,45211,10708,26
55553,45212,10708,14
55554,45213,10114,33
55555,45214,10114,29
55556,45215,10114,15
55557,45216,10114,28
55558,45217,10745,25
55559,45218,10745,11
55560,45218,10780,20
55561,45219,10780,17
55562,45220,10780,69
55563,45221,10256,9
55564,45221,10291,35
55565,45222,10291,31
55566,45223,10291,53
55567,45224,10291,18
55568,45225,10397,39
55569,45226,10397,28
55570,45227,10397,20
55571,45228,10397,35
55572,45229,10608,48
55573,45230,10608,25
55574,45231,10608,19
55575,45232,10608,41
55576,45233,10539,66
55577,45234,10539,52
55578,45235,10539,6
55579,45236,10539,21
55580,45237,10365,44
55581,45238,10365,34
55582,45239,10365,22
55583,45240,10365,30
55584,45241,10576,29
55585,45242,10576,26
55586,45243,10576,34
55587,45244,10576,22
55588,45244,10611,32
55589,45245,10822,89
55590,45246,10822,35
55591,45247,10822,25
55592,45247,10857,22
55593,45248,10857,50
55594,45249,10368,47
55595,45249,10403,4
55596,45250,10403,11
55597,45251,10403,41
55598,45252,10403,81
55599,45253,10509,59
55600,45254,10509,23
55601,45255,10509,18
55602,45256,10509,48
55603,45257,10650,27
55604,45258,10650,30
55605,45259,10650,34
55606,45260,10650,25
55607,45261,10651,66
55608,45262,10651,59
55609,45263,10651,18
55610,45264,10651,45
55611,45265,10547,62
55612,45266,10547,30
55613,45267,10547,24
55614,45268,10547,45
55615,45269,10548,61
55616,45270,10548,2
55617,45270,10583,35
55618,45271,10583,9
55619,45272,10583,47
55620,45273,10444,44
55621,45274,10444,35
55622,45275,10444,17
55623,45275,10479,10
55624,45276,10479,51
55625,45277,10340,29
55626,45277,10375,30
55627,45278,10375,26
55628,45279,10375,19
55629,45280,10375,58
55630,45281,10481,31
55631,45282,10481,34
55632,45283,10481,22
55633,45284,10481,66
55634,45285,10552,70
55635,45286,10552,23
55636,45287,10552,24
55637,45288,10552,6
55638,45288,10587,18
55639,45289,10483,74
55640,45290,10483,7
55641,45290,10518,25
55642,45291,10518,26
55643,45292,10518,54
55644,45293,10799,68
55645,45294,10799,37
55646,45294,10834,9
55647,45295,10834,30
55648,45296,10834,37
55649,45297,10695,49
55650,45298,10695,26
55651,45299,10695,30
55652,45300,10695,24
55653,45301,10591,59
55654,45302,10591,16
55655,45303,10591,25
55656,45304,10591,43
55657,45305,10802,24
55658,45306,10802,20
55659,45307,10802,12
55660,45308,10802,27
55661,45309,10768,38
55662,45310,10768,29
55663,45311,10768,19
55664,45312,10768,34
55665,45313,10174,17
55666,45313,10209,38
55667,45314,10209,22
55668,45315,10209,17
55669,45316,10209,37
55670,45317,10595,29
55671,45318,10595,28
55672,45319,10595,24
55673,45320,10595,22
55674,45321,10456,20
55675,45321,10491,10
55676,45322,10491,10
55677,45323,10491,26
55678,45324,10491,49
55679,45325,10387,48
55680,45326,10387,5
55681,45326,10422,20
55682,45327,10422,10
55683,45328,10422,63
55684,45329,10633,21
55685,45330,10633,34
55686,45331,10633,23
55687,45332,10633,22
55688,45333,11019,55
55689,45334,11019,19
55690,45334,11054,8
55691,45335,11054,19
55692,45336,11054,30
55693,45337,10390,48
55694,45338,10390,27
55695,45339,10390,42
55696,45340,10390,39
55697,45340,10425,3
55698,45341,10636,36
55699,45342,10636,31
55700,45343,10636,6
55701,45343,10671,17
55702,45344,10671,39
55703,45345,10497,66
55704,45345,10532,14
55705,45346,10532,41
55706,45347,10532,43
55707,45348,10532,46
55708,45349,10708,56
55709,45350,10708,19
55710,45351,10708,40
55711,45352,10708,58
55712,45353,10114,8
55713,45353,10149,28
55714,45354,10149,35
55715,45355,10149,34
55716,45356,10149,53
55717,45357,10780,25
55718,45358,10780,55
55719,45359,10780,15
55720,45360,10780,32
55721,45361,10291,5
55722,45361,10326,73
55723,45362,10326,29
55724,45363,10326,35
55725,45364,10326,43
55726,45365,10397,37
55727,45366,10397,9
55728,45367,10397,42
55729,45368,10397,31
55730,45368,10432,30
55731,45369,10608,23
55732,45370,10608,11
55733,45371,10608,32
55734,45372,10608,66
55735,45373,10539,70
55736,45374,10539,22
55737,45375,10539,43
55738,45376,10539,64
55739,45376,10574,1
55740,45377,10400,55
55741,45378,10400,21
55742,45379,10400,15
55743,45380,10400,48
55744,45381,10611,66
55745,45382,10611,41
55746,45383,10611,37
55747,45384,10611,24
55748,45385,10857,65
55749,45386,10857,4
55750,45386,10892,33
55751,45387,10892,22
55752,45388,10892,60
55753,45389,10403,43
55754,45390,10403,45
55755,45390,10438,8
55756,45391,10438,31
55757,45392,10438,65
55758,45393,10509,8
55759,45393,10544,41
55760,45394,10544,24
55761,45395,10544,40
55762,45396,10544,29
55763,45397,10650,39
55764,45398,10650,32
55765,45399,10650,27
55766,45400,10650,8
55767,45400,10685,59
55768,45401,10651,64
55769,45402,10651,21
55770,45403,10651,9
55771,45403,10686,34
55772,45404,10686,34
55773,45405,10547,47
55774,45406,10547,12
55775,45406,10582,8
55776,45407,10582,35
55777,45408,10582,27
55778,45409,10583,70
55779,45410,10583,44
55780,45411,10583,16
55781,45412,10583,64
55782,45413,10479,63
55783,45414,10479,46
55784,45415,10479,32
55785,45416,10479,39
55786,45416,10514,6
55787,45417,10375,46
55788,45418,10375,27
55789,45418,10410,13
55790,45419,10410,40
55791,45420,10410,68
55792,45421,10481,20
55793,45421,10516,10
55794,45422,10516,28
55795,45423,10516,69
55796,45424,10516,62
55797,45425,10587,42
55798,45426,10587,29
55799,45427,10587,29
55800,45428,10587,26
55801,45429,10518,65
55802,45430,10518,31
55803,45431,10518,47
55804,45432,10518,48
55805,45433,10834,55
55806,45434,10834,50
55807,45435,10834,18
55808,45436,10834,19
55809,45437,10695,27
55810,45437,10730,34
55811,45438,10730,22
55812,45439,10730,38
55813,45440,10730,55
55814,45441,10591,56
55815,45442,10591,25
55816,45443,10591,23
55817,45443,10626,4
55818,45444,10626,44
55819,45445,10802,26
55820,45445,10837,46
55821,45446,10837,25
55822,45447,10837,48
55823,45448,10837,41
55824,45449,10768,101
55825,45450,10768,26
55826,45451,10768,18
55827,45452,10768,33
55828,45452,10803,33
55829,45453,10209,37
55830,45454,10209,11
55831,45455,10209,21
55832,45456,10209,3
55833,45456,10244,28
55834,45457,10595,54
55835,45458,10595,19
55836,45459,10595,12
55837,45459,10630,19
55838,45460,10630,36
55839,45461,10491,64
55840,45462,10491,55
55841,45463,10491,13
55842,45464,10491,18
55843,45464,10526,56
55844,45465,10422,60
55845,45466,10422,28
55846,45467,10422,30
55847,45468,10422,37
55848,45468,10457,5
55849,45469,10633,18
55850,45470,10633,48
55851,45471,10633,20
55852,45472,10633,35
55853,45473,11054,69
55854,45474,11054,38
55855,45474,11089,1
55856,45475,11089,27
55857,45476,11089,106
55858,45477,10425,57
55859,45478,10425,29
55860,45479,10425,23
55861,45480,10425,62
55862,45481,10671,49
55863,45482,10671,63
55864,45483,10671,25
55865,45484,10671,33
55866,45485,10532,48
55867,45486,10532,19
55868,45487,10532,20
55869,45488,10532,1
55870,45488,10567,62
55871,45489,10708,39
55872,45489,10743,26
55873,45490,10743,22
55874,45491,10743,40
55875,45492,10743,29
55876,45493,10149,6
55877,45493,10184,40
55878,45494,10184,42
55879,45495,10184,49
55880,45496,10184,60
55881,45496,10219,18
55882,45497,10780,51
55883,45498,10780,8
55884,45498,10815,36
55885,45499,10815,21
55886,45500,10815,55
55887,45501,10326,43
55888,45502,10326,33
55889,45503,10326,37
55890,45504,10326,25
55891,45504,10361,35
55892,45505,10432,79
55893,45506,10432,73
55894,45507,10432,29
55895,45507,10467,48
55896,45508,10467,53
55897,45509,10608,71
55898,45510,10608,4
55899,45510,10643,44
55900,45511,10643,29
55901,45512,10643,25
55902,45513,10574,78
55903,45514,10574,42
55904,45515,10574,50
55905,45516,10574,72
55906,45517,10400,68
55907,45518,10435,37
55908,45519,10435,36
55909,45520,10435,36
55910,45521,10611,59
55911,45522,10611,64
55912,45523,10611,33
55913,45523,10646,49
55914,45524,10646,99
55915,45525,10892,82
55916,45525,10927,12
55917,45526,10927,66
55918,45527,10927,20
55919,45528,10927,15
55920,45528,10962,46
55921,45529,10438,63
55922,45530,10438,63
55923,45531,10438,3
55924,45531,10473,52
55925,45532,10473,105
55926,45533,10544,88
55927,45534,10544,25
55928,45535,10544,17
55929,45536,10544,38
55930,45536,10579,5
55931,45537,10685,30
55932,45538,10685,34
55933,45539,10685,20
55934,45540,10685,47
55935,45541,10686,68
55936,45542,10686,59
55937,45542,10721,31
55938,45543,10721,22
55939,45544,10721,94
55940,45545,10582,58
55941,45546,10582,33
55942,45547,10582,64
55943,45548,10582,81
55944,45549,10583,41
55945,45549,10618,20
55946,45550,10618,43
55947,45551,10618,28
55948,45552,10618,17
55949,45553,10514,105
55950,45554,10514,25
55951,45555,10514,43
55952,45556,10514,22
55953,45556,10549,11
55954,45557,10410,34
55955,45558,10410,56
55956,45559,10410,23
55957,45559,10445,7
55958,45560,10445,30
55959,45561,10516,56
55960,45562,10516,24
55961,45563,10516,44
55962,45564,10516,24
55963,45564,10551,17
55964,45565,10587,52
55965,45566,10587,29
55966,45567,10587,29
55967,45568,10587,39
55968,45568,10622,8
55969,45569,10518,29
55970,45569,10553,74
55971,45570,10553,81
55972,45571,10553,28
55973,45572,10553,35
55974,45573,10834,37
55975,45574,10834,22
55976,45574,10869,19
55977,45575,10869,32
55978,45576,10869,29
55979,45577,10730,96
55980,45578,10730,17
55981,45578,10765,13
55982,45579,10765,20
55983,45580,10765,59
55984,45581,10626,53
55985,45582,10626,40
55986,45583,10626,55
55987,45584,10626,37
55988,45585,10837,24
55989,45586,10837,59
55990,45587,10837,3
55991,45587,10872,45
55992,45588,10872,38
55993,45589,10803,99
55994,45590,10803,61
55995,45591,10803,38
55996,45591,10838,3
55997,45592,10838,36
55998,45593,10244,54
55999,45594,10244,36
56000,45594,10279,8
56001,45595,10279,54
56002,45596,10279,107
56003,45597,10630,57
56004,45598,10630,44
56005,45599,10630,32
56006,45600,10630,23
56007,45600,10665,27
56008,45601,10526,95
56009,45602,10526,39
56010,45603,10526,48
56011,45604,10526,22
56012,45605,10457,34
56013,45606,10457,48
56014,45607,10457,34
56015,45608,10457,37
56016,45609,10633,80
56017,45610,10633,21
56018,45610,10668,16
56019,45611,10668,29
56020,45612,10668,55
56021,45613,11089,19
56022,45613,11124,39
56023,45614,11124,63
56024,45615,11124,21
56025,45615,11159,22
56026,45616,11159,41
56027,45617,10425,47
56028,45617,10460,6
56029,45618,10460,50
56030,45619,10460,33
56031,45620,10460,29
56032,45621,10671,27
56033,45621,10706,60
56034,45622,10706,43
56035,45623,10706,30
56036,45624,10706,73
56037,45625,10567,70
56038,45626,10567,43
56039,45627,10567,39
56040,45628,10567,82
56041,45629,10743,56
56042,45630,10743,46
56043,45631,10743,15
56044,45632,10743,21
56045,45633,10219,43
56046,45634,10219,52
56047,45635,10219,46
56048,45636,10219,3
56049,45636,10254,71
56050,45637,10815,54
56051,45638,10815,28
56052,45639,10815,33
56053,45639,10850,16
56054,45640,10850,54
56055,45641,10361,101
56056,45642,10361,91
56057,45643,10361,45
56058,45643,10396,32
56059,45644,10396,48
56060,45645,10467,133
56061,45646,10502,70
56062,45647,10502,39
56063,45648,10502,115
56064,45649,10643,149
56065,45650,10643,24
56066,45650,10678,35
56067,45651,10678,23
56068,45652,10678,74
56069,45653,10574,43
56070,45654,10574,42
56071,45655,10574,46
56072,45655,10609,13
56073,45656,10609,83
56074,45657,10435,88
56075,45657,10470,38
56076,45658,10470,55
56077,45659,10470,41
56078,45660,10470,79
56079,45661,10646,78
56080,45662,10646,36
56081,45663,10646,21
56082,45664,10646,41
56083,45664,10681,20
56084,45665,10962,50
56085,45666,10962,42
56086,45666,10997,12
56087,45667,10997,64
56088,45668,10997,36
56089,45668,11032,26
56090,45669,10473,90
56091,45670,10473,12
56092,45670,10508,34
56093,45671,10508,60
56094,45672,10508,33
56095,45673,10579,85
56096,45674,10579,81
56097,45675,10579,77
56098,45676,10579,55
56099,45677,10685,67
56100,45678,10685,53
56101,45678,10720,36
56102,45679,10720,34
56103,45680,10720,73
56104,45681,10721,142
56105,45681,10756,3
56106,45682,10756,92
56107,45683,10756,47
56108,45684,10756,89
56109,45685,10582,71
56110,45686,10582,23
56111,45686,10617,15
56112,45687,10617,49
56113,45688,10617,107
56114,45689,10618,59
56115,45690,10618,42
56116,45691,10618,39
56117,45692,10618,83
56118,45692,10653,6
56119,45693,10549,128
56120,45694,10549,36
56121,45695,10549,55
56122,45696,10549,60
56123,45697,10445,109
56124,45698,10445,25
56125,45699,10445,40
56126,45699,10480,2
56127,45700,10480,59
56128,45701,10551,135
56129,45702,10551,25
56130,45703,10551,70
56131,45704,10551,39
56132,45704,10586,17
56133,45705,10622,103
56134,45706,10622,51
56135,45707,10622,47
56136,45708,10622,34
56137,45708,10657,76
56138,45709,10553,71
56139,45710,10553,62
56140,45710,10588,30
56141,45711,10588,19
56142,45712,10588,41
56143,45713,10869,21
56144,45713,10904,50
56145,45714,10904,71
56146,45714,10939,13
56147,45715,10939,85
56148,45716,10939,49
56149,45716,10974,43
56150,45717,10765,36
56151,45718,10765,45
56152,45719,10765,22
56153,45719,10800,20
56154,45720,10800,70
56155,45721,10626,95
56156,45721,10661,70
56157,45722,10661,56
56158,45723,10661,29
56159,45724,10661,45
56160,45725,10872,6
56161,45725,10907,79
56162,45725,10942,40
56163,45726,10942,74
56164,45727,10942,56
56165,45728,10942,21
56166,45728,10977,81
56167,45729,10838,82
56168,45730,10838,54
56169,45731,10838,67
56170,45732,10838,42
56171,45732,10873,20
56172,45733,10279,12
56173,45733,10314,80
56174,45734,10314,35
56175,45735,10314,55
56176,45736,10314,41
56177,45737,10665,57
56178,45738,10665,48
56179,45739,10665,24
56180,45740,10665,88
56181,45741,10526,57
56182,45742,10526,32
56183,45742,10561,14
56184,45743,10561,18
56185,45744,10561,41
56186,45745,10457,26
56187,45745,10492,46
56188,45746,10492,29
56189,45747,10492,42
56190,45748,10492,76
56191,45749,10668,61
56192,45750,10668,55
56193,45751,10668,34
56194,45752,10668,75
56195,45752,10703,32
56196,45753,11159,118
56197,45754,11159,38
56198,45754,11194,29
56199,45755,11194,25
56200,45756,11194,115
56201,45757,10460,62
56202,45758,10460,45
56203,45759,10460,11
56204,45759,10495,34
56205,45760,10495,42
56206,45761,10706,57
56207,45762,10706,30
56208,45762,10741,34
56209,45763,10741,45
56210,45764,10741,56
56211,45765,10567,45
56212,45765,10602,38
56213,45766,10602,70
56214,45767,10602,41
56215,45768,10602,41
56216,45769,10743,73
56217,45770,10743,5
56218,45770,10778,46
56219,45771,10778,65
56220,45772,10778,58
56221,45773,10254,101
56222,45774,10254,59
56223,45774,10289,12
56224,45775,10289,31
56225,45776,10289,62
56226,45777,10850,45
56227,45778,10850,31
56228,45779,10850,21
56229,45780,10850,32
56230,45781,10396,123
56231,45782,10396,5
56232,45782,10431,35
56233,45783,10431,38
56234,45784,10431,46
56235,45785,10502,13
56236,45785,10537,57
56237,45786,10537,51
56238,45787,10537,34
56239,45788,10537,84
56240,45789,10678,50
56241,45790,10678,36
56242,45791,10678,29
56243,45792,10678,18
56244,45792,10713,21
56245,45793,10609,66
56246,45794,10609,78
56247,45795,10609,41
56248,45795,10644,20
56249,45796,10644,93
56250,45797,10470,61
56251,45798,10505,69
56252,45799,10505,23
56253,45800,10505,48
56254,45801,10681,59
56255,45802,10681,95
56256,45803,10681,11
56257,45804,10681,55
56258,45804,10716,18
56259,45805,11032,76
56260,45806,11032,14
56261,45806,11067,48
56262,45807,11067,37
56263,45808,11067,66
56264,45809,10508,70
56265,45810,10508,57
56266,45811,10508,48
56267,45812,10508,5
56268,45812,10543,37
56269,45813,10579,65
56270,45814,10579,22
56271,45814,10614,26
56272,45815,10614,60
56273,45816,10614,67
56274,45817,10720,90
56275,45818,10720,18
56276,45818,10755,26
56277,45819,10755,67
56278,45820,10755,45
56279,45821,10756,26
56280,45821,10791,79
56281,45822,10791,41
56282,45823,10791,23
56283,45824,10791,67
56284,45825,10617,87
56285,45826,10617,22
56286,45827,10617,34
56287,45828,10617,1
56288,45828,10652,39
56289,45829,10653,53
56290,45830,10653,67
56291,45831,10653,35
56292,45832,10653,37
56293,45833,10549,32
56294,45834,10549,32
56295,45834,10584,39
56296,45835,10584,27
56297,45836,10584,87
56298,45837,10480,85
56299,45838,10480,66
56300,45839,10480,52
56301,45840,10480,57
56302,45840,10515,19
56303,45841,10586,103
56304,45842,10586,53
56305,45843,10586,82
56306,45843,10621,22
56307,45844,10621,61
56308,45845,10657,74
56309,45846,10657,27
56310,45847,10657,60
56311,45848,10657,85
56312,45849,10588,84
56313,45850,10588,51
56314,45851,10588,9
56315,45852,10588,82
56316,45853,10974,108
56317,45853,11009,4
56318,45854,11009,79
56319,45855,11009,9
56320,45855,11044,19
56321,45856,11044,25
56322,45857,10800,65
56323,45858,10800,55
56324,45859,10800,31
56325,45860,10800,62
56326,45860,10835,5
56327,45861,10661,56
56328,45862,10661,34
56329,45863,10661,14
56330,45864,10661,41
56331,45865,10977,26
56332,45866,10977,33
56333,45867,10977,25
56334,45867,11012,4
56335,45868,11012,48
56336,45869,10873,86
56337,45870,10873,33
56338,45871,10873,32
56339,45872,10873,50
56340,45872,10908,4
56341,45873,10314,18
56342,45873,10349,15
56343,45874,10349,55
56344,45875,10349,57
56345,45876,10349,94
56346,45876,10384,9
56347,45877,10665,37
56348,45877,10700,18
56349,45878,10700,35
56350,45879,10700,36
56351,45880,10700,118
56352,45881,10561,84
56353,45882,10561,38
56354,45883,10561,37
56355,45884,10561,41
56356,45885,10492,52
56357,45885,10527,70
56358,45886,10527,66
56359,45887,10527,45
56360,45888,10527,33
56361,45889,10703,72
56362,45890,10703,34
56363,45891,10703,56
56364,45892,10703,36
56365,45893,11194,1
56366,45893,11229,58
56367,45894,11229,26
56368,45895,11229,48
56369,45896,11229,32
56370,45897,10495,62
56371,45898,10495,21
56372,45899,10495,60
56373,45899,10530,2
56374,45900,10530,100
56375,45901,10741,98
56376,45902,10741,31
56377,45903,10741,27
56378,45904,10741,39
56379,45904,10776,35
56380,45905,10602,84
56381,45905,10637,18
56382,45906,10637,76
56383,45907,10637,41
56384,45908,10637,18
56385,45909,10778,26
56386,45909,10813,68
56387,45910,10813,93
56388,45911,10813,18
56389,45912,10813,112
56390,45912,10848,7
56391,45913,10289,33
56392,45913,10324,44
56393,45914,10324,43
56394,45915,10324,38
56395,45916,10324,35
56396,45916,10359,58
56397,45917,10850,103
56398,45918,10850,11
56399,45918,10885,16
56400,45919,10885,86
56401,45920,10885,60
56402,45921,10431,38
56403,45922,10431,36
56404,45923,10431,16
56405,45924,10431,32
56406,45925,10537,32
56407,45926,10537,32
56408,45927,10537,30
56409,45928,10537,30
56410,45929,10713,44
56411,45930,10713,32
56412,45931,10713,17
56413,45932,10713,25
56414,45933,10644,44
56415,45934,10644,37
56416,45935,10644,9
56417,45936,10644,23
56418,45937,10505,29
56419,45938,10505,21
56420,45939,10505,16
56421,45940,10505,19
56422,45941,10716,50
56423,45942,10716,41
56424,45943,10716,31
56425,45944,10716,49
56426,45945,11067,7
56427,45945,11102,30
56428,45946,11102,36
56429,45947,11102,5
56430,45948,11102,32
56431,45949,10543,27
56432,45950,10543,48
56433,45951,10543,39
56434,45952,10543,33
56435,45953,10614,43
56436,45954,10614,25
56437,45955,10614,16
56438,45956,10614,2
56439,45956,10649,28
56440,45957,10755,37
56441,45958,10755,19
56442,45959,10755,31
56443,45960,10755,38
56444,45961,10791,15
56445,45962,10791,29
56446,45963,10791,25
56447,45964,10791,16
56448,45965,10652,56
56449,45966,10652,12
56450,45967,10652,11
56451,45968,10652,15
56452,45969,10653,17
56453,45969,10688,45
56454,45970,10688,9
56455,45971,10688,9
56456,45972,10688,24
56457,45973,10584,78
56458,45974,10584,3
56459,45974,10619,12
56460,45975,10619,29
56461,45976,10619,22
56462,45977,10515,32
56463,45978,10515,33
56464,45979,10515,30
56465,45980,10515,44
56466,45981,10621,31
56467,45982,10621,43
56468,45983,10621,25
56469,45984,10621,38
56470,45985,10657,43
56471,45986,10657,4
56472,45986,10692,25
56473,45987,10692,43
56474,45988,10692,58
56475,45989,10588,15
56476,45989,10623,20
56477,45990,10623,42
56478,45991,10623,11
56479,45992,10623,39
56480,45993,11044,18
56481,45994,11044,35
56482,45995,11044,30
56483,45996,11044,18
56484,45996,11079,19
56485,45997,10835,45
56486,45998,10835,31
56487,45999,10835,46
56488,46000,10835,20
56489,46001,10661,47
56490,46002,10661,25
56491,46002,10696,27
56492,46003,10696,12
56493,46004,10696,30
56494,46005,11012,40
56495,46006,11012,21
56496,46007,11012,17
56497,46008,11012,50
56498,46009,10908,22
56499,46010,10908,24
56500,46011,10908,46
56501,46012,10908,46
56502,46013,10384,54
56503,46014,10384,19
56504,46015,10384,19
56505,46016,10384,29
56506,46017,10700,37
56507,46018,10700,25
56508,46018,10735,1
56509,46019,10735,24
56510,46020,10735,26
56511,46021,10561,23
56512,46022,10561,36
56513,46023,10596,22
56514,46024,10596,41
56515,46025,10527,20
56516,46026,10527,20
56517,46027,10527,35
56518,46028,10527,10
56519,46028,10562,20
56520,46029,10703,44
56521,46029,10738,33
56522,46030,10738,19
56523,46031,10738,19
56524,46032,10738,41
56525,46033,11229,50
56526,46033,11264,26
56527,46034,11264,38
56528,46035,11264,37
56529,46036,11264,42
56530,46037,10530,48
56531,46038,10530,18
56532,46039,10530,25
56533,46040,10530,39
56534,46041,10776,27
56535,46042,10776,54
56536,46043,10776,27
56537,46044,10776,41
56538,46045,10637,24
56539,46046,10637,27
56540,46047,10637,20
56541,46048,10637,44
56542,46049,10848,46
56543,46050,10848,19
56544,46051,10848,22
56545,46052,10848,37
56546,46053,10359,43
56547,46054,10359,27
56548,46055,10359,23
56549,46056,10359,11
56550,46056,10394,11
56551,46057,10885,18
56552,46057,10920,16
56553,46058,10920,13
56554,46059,10920,26
56555,46060,10920,51
56556,46061,10431,7
56557,46061,10466,20
56558,46062,10466,37
56559,46063,10466,33
56560,46064,10466,23
56561,46065,10537,28
56562,46065,10572,15
56563,46066,10572,54
56564,46067,10572,18
56565,46068,10572,43
56566,46069,10713,39
56567,46070,10713,10
56568,46071,10713,15
56569,46072,10713,20
56570,46073,10644,49
56571,46074,10644,18
56572,46075,10644,34
56573,46076,10644,28
56574,46076,10679,8
56575,46077,10505,40
56576,46078,10505,24
56577,46079,10505,12
56578,46080,10505,37
56579,46081,10716,29
56580,46081,10751,19
56581,46082,10751,29
56582,46083,10751,15
56583,46084,10751,21
56584,46085,11102,33
56585,46086,11102,20
56586,46087,11102,9
56587,46087,11137,13
56588,46088,11137,26
56589,46089,10543,72
56590,46090,10543,15
56591,46090,10578,2
56592,46091,10578,49
56593,46092,10578,27
56594,46093,10649,18
56595,46094,10649,39
56596,46095,10649,33
56597,46096,10649,18
56598,46097,10755,31
56599,46098,10755,20
56600,46099,10755,2
56601,46099,10790,10
56602,46100,10790,20
56603,46101,10791,32
56604,46102,10791,22
56605,46102,10826,9
56606,46103,10826,15
56607,46104,10826,44
56608,46105,10652,36
56609,46106,10652,28
56610,46107,10652,31
56611,46108,10652,10
56612,46108,10687,16
56613,46109,10688,25
56614,46110,10688,38
56615,46111,10688,17
56616,46112,10688,25
56617,46113,10619,37
56618,46114,10619,32
56619,46115,10619,22
56620,46116,10619,43
56621,46117,10515,69
56622,46118,10515,42
56623,46119,10515,14
56624,46120,10515,9
56625,46120,10550,27
56626,46121,10621,25
56627,46121,10656,42
56628,46122,10656,34
56629,46123,10656,22
56630,46124,10656,34
56631,46125,10692,36
56632,46125,10727,5
56633,46126,10727,25
56634,46127,10727,17
56635,46128,10727,32
56636,46129,10623,51
56637,46130,10623,16
56638,46131,10623,15
56639,46132,10623,33
56640,46133,11079,26
56641,46134,11079,11
56642,46135,11079,14
56643,46136,11079,30
56644,46136,11114,7
56645,46137,10835,44
56646,46138,10835,44
56647,46139,10835,18
56648,46140,10835,25
56649,46141,10696,25
56650,46142,10696,16
56651,46143,10696,31
56652,46144,10696,11
56653,46145,11012,7
56654,46145,11047,20
56655,46146,11047,21
56656,46147,11047,21
56657,46148,11047,66
56658,46149,10908,31
56659,46150,10943,33
56660,46151,10943,37
56661,46152,10943,37
56662,46153,10384,31
56663,46154,10384,25
56664,46155,10384,22
56665,46156,10384,43
56666,46157,10735,30
56667,46158,10735,17
56668,46159,10735,19
56669,46160,10735,31
56670,46161,10596,38
56671,46162,10596,37
56672,46163,10596,26
56673,46164,10596,47
56674,46165,10562,45
56675,46166,10562,26
56676,46167,10562,24
56677,46168,10562,38
56678,46169,10738,78
56679,46170,10738,34
56680,46171,10738,31
56681,46172,10738,22
56682,46173,11264,61
56683,46174,11264,23
56684,46175,11299,21
56685,46176,11299,66
56686,46177,10530,39
56687,46178,10530,23
56688,46178,10565,7
56689,46179,10565,42
56690,46180,10565,46
56691,46181,10776,72
56692,46182,10776,6
56693,46182,10811,23
56694,46183,10811,24
56695,46184,10811,34
56696,46185,10637,35
56697,46186,10637,32
56698,46187,10637,31
56699,46188,10637,37
56700,46189,10848,31
56701,46190,10848,39
56702,46191,10848,27
56703,46192,10848,47
56704,46193,10394,79
56705,46194,10394,35
56706,46195,10394,12
56707,46196,10394,41
56708,46197,10920,38
56709,46197,10955,21
56710,46198,10955,12
56711,46199,10955,22
56712,46200,10955,38
56713,46201,10466,35
56714,46202,10466,44
56715,46203,10466,32
56716,46204,10466,32
56717,46205,10572,27
56718,46206,10572,35
56719,46207,10572,31
56720,46208,10572,37
56721,46209,10713,40
56722,46209,10748,17
56723,46210,10748,34
56724,46211,10748,29
56725,46212,10748,31
56726,46213,10679,43
56727,46214,10679,41
56728,46215,10679,27
56729,46216,10679,14
56730,46217,10505,25
56731,46217,10540,15
56732,46218,10540,34
56733,46219,10540,25
56734,46220,10540,46
56735,46221,10751,22
56736,46222,10751,15
56737,46223,10751,21
56738,46224,10751,38
56739,46225,11137,28
56740,46226,11137,22
56741,46227,11137,16
56742,46228,11137,46
56743,46229,10578,81
56744,46230,10578,26
56745,46231,10578,36
56746,46231,10613,5
56747,46232,10613,44
56748,46233,10649,61
56749,46234,10649,52
56750,46235,10649,29
56751,46236,10649,69
56752,46237,10790,63
56753,46238,10790,17
56754,46239,10790,37
56755,46240,10790,43
56756,46241,10826,77
56757,46242,10826,22
56758,46243,10826,9
56759,46244,10826,43
56760,46245,10687,71
56761,46246,10687,29
56762,46247,10687,22
56763,46248,10687,26
56764,46249,10688,37
56765,46250,10688,33
56766,46251,10688,18
56767,46252,10688,17
56768,46252,10723,34
56769,46253,10619,24
56770,46254,10619,22
56771,46255,10619,26
56772,46256,10619,1
56773,46256,10654,28
56774,46257,10550,67
56775,46258,10550,29
56776,46259,10550,34
56777,46260,10550,66
56778,46261,10656,85
56779,46262,10656,29
56780,46263,10656,26
56781,46264,10656,44
56782,46265,10727,28
56783,46266,10727,26
56784,46267,10727,14
56785,46268,10727,40
56786,46269,10623,42
56787,46270,10623,27
56788,46270,10658,18
56789,46271,10658,27
56790,46272,10658,38
56791,46273,11114,31
56792,46274,11114,29
56793,46275,11114,23
56794,46276,11114,33
56795,46277,10835,5
56796,46278,10835,6
56797,46278,10870,21
56798,46279,10870,38
56799,46280,10870,43
56800,46281,10696,56
56801,46282,10696,37
56802,46282,10731,1
56803,46283,10731,14
56804,46284,10731,27
56805,46285,11047,21
56806,46285,11082,13
56807,46286,11082,23
56808,46287,11082,36
56809,46288,11082,44
56810,46289,10943,44
56811,46289,10978,21
56812,46290,10978,24
56813,46291,10978,32
56814,46292,10978,31
56815,46293,10384,13
56816,46293,10419,43
56817,46294,10419,27
56818,46295,10419,10
56819,46296,10419,49
56820,46297,10735,27
56821,46298,10735,22
56822,46299,10735,28
56823,46300,10735,17
56824,46300,10770,31
56825,46301,10596,56
56826,46301,10631,1
56827,46302,10631,30
56828,46303,10631,21
56829,46304,10631,71
56830,46305,10562,44
56831,46306,10562,18
56832,46307,10562,21
56833,46308,10562,24
56834,46309,10738,21
56835,46309,10773,35
56836,46310,10773,50
56837,46311,10773,26
56838,46312,10773,61
56839,46313,11299,26
56840,46314,11299,12
56841,46315,11299,10
56842,46316,11299,2
56843,46316,11334,55
56844,46317,10565,90
56845,46318,10565,25
56846,46319,10565,33
56847,46320,10565,25
56848,46320,10600,25
56849,46321,10811,58
56850,46322,10811,21
56851,46323,10811,18
56852,46324,10811,33
56853,46325,10637,18
56854,46325,10672,43
56855,46326,10672,12
56856,46327,10672,16
56857,46328,10672,46
56858,46329,10848,51
56859,46329,10883,25
56860,46330,10883,31
56861,46331,10883,13
56862,46332,10883,25
56863,46333,10394,36
56864,46334,10394,2
56865,46334,10429,24
56866,46335,10429,32
56867,46336,10429,23
56868,46337,10955,10
56869,46337,10990,45
56870,46338,10990,28
56871,46339,10990,41
56872,46340,10990,40
56873,46340,11025,14
56874,46341,10466,26
56875,46342,10466,12
56876,46342,10501,30
56877,46343,10501,19
56878,46344,10501,25
56879,46345,10572,44
56880,46346,10572,21
56881,46347,10572,26
56882,46348,10572,24
56883,46348,10607,34
56884,46349,10748,70
56885,46350,10748,59
56886,46351,10748,29
56887,46352,10748,6
56888,46352,10783,55
56889,46353,10679,51
56890,46354,10679,27
56891,46355,10679,40
56892,46356,10679,35
56893,46357,10540,32
56894,46358,10540,19
56895,46359,10540,32
56896,46360,10540,75
56897,46361,10751,48
56898,46362,10751,26
56899,46363,10751,23
56900,46364,10751,52
56901,46365,11137,22
56902,46365,11172,38
56903,46366,11172,30
56904,46367,11172,40
56905,46368,11172,26
56906,46369,10613,34
56907,46370,10613,97
56908,46371,10613,26
56909,46372,10613,64
56910,46373,10649,10
56911,46373,10684,56
56912,46374,10684,26
56913,46375,10684,27
56914,46376,10684,56
56915,46377,10790,48
56916,46377,10825,51
56917,46378,10825,35
56918,46379,10825,28
56919,46380,10825,64
56920,46381,10826,9
56921,46381,10861,29
56922,46382,10861,39
56923,46383,10861,31
56924,46384,10861,26
56925,46385,10687,45
56926,46386,10687,33
56927,46386,10722,22
56928,46387,10722,50
56929,46388,10722,10
56930,46389,10723,30
56931,46390,10723,54
56932,46391,10723,32
56933,46392,10723,27
56934,46393,10654,34
56935,46394,10654,20
56936,46395,10654,27
56937,46396,10654,69
56938,46397,10550,57
56939,46398,10550,43
56940,46399,10550,5
56941,46399,10585,17
56942,46400,10585,77
56943,46401,10656,7
56944,46401,10691,29
56945,46402,10691,43
56946,46403,10691,36
56947,46404,10691,58
56948,46405,10727,31
56949,46406,10727,1
56950,46406,10762,37
56951,46407,10762,15
56952,46408,10762,55
56953,46409,10658,36
56954,46410,10658,42
56955,46411,10658,35
56956,46412,10658,32
56957,46413,11114,47
56958,46413,11149,16
56959,46414,11149,37
56960,46415,11149,26
56961,46416,11149,46
56962,46417,10870,13
56963,46417,10905,22
56964,46418,10905,41
56965,46419,10905,53
56966,46420,10905,33
56967,46420,10940,17
56968,46421,10731,88
56969,46422,10731,46
56970,46423,10731,32
56971,46424,10731,5
56972,46424,10766,51
56973,46425,11082,51
56974,46425,11117,5
56975,46426,11117,15
56976,46427,11117,37
56977,46428,11117,22
56978,46429,10978,5
56979,46429,11013,33
56980,46430,11013,41
56981,46431,11013,38
56982,46432,11013,33
56983,46432,11048,5
56984,46433,10419,53
56985,46434,10419,23
56986,46435,10419,30
56987,46436,10419,23
56988,46437,10770,39
56989,46438,10770,38
56990,46439,10770,35
56991,46440,10770,50
56992,46441,10631,44
56993,46442,10631,17
56994,46443,10631,11
56995,46443,10666,3
56996,46444,10666,50
56997,46445,10562,31
56998,46445,10597,49
56999,46446,10597,30
57000,46447,10597,39
57001,46448,10597,66
57002,46449,10773,85
57003,46450,10773,30
57004,46451,10773,35
57005,46452,10773,10
57006,46452,10808,15
57007,46453,11334,54
57008,46454,11334,59
57009,46455,11334,28
57010,46456,11334,42
57011,46457,10600,66
57012,46458,10600,13
57013,46459,10600,35
57014,46460,10600,40
57015,46461,10811,15
57016,46461,10846,39
57017,46462,10846,38
57018,46463,10846,16
57019,46464,10846,86
57020,46465,10672,37
57021,46466,10672,55
57022,46467,10672,33
57023,46468,10672,48
57024,46469,10883,40
57025,46470,10883,33
57026,46471,10883,15
57027,46472,10883,33
57028,46473,10429,46
57029,46474,10429,53
57030,46475,10429,59
57031,46476,10429,1
57032,46476,10464,20
57033,46477,11025,22
57034,46478,11025,30
57035,46479,11025,24
57036,46480,11025,26
57037,46481,10501,88
57038,46482,10501,20
57039,46483,10501,69
57040,46484,10501,55
57041,46484,10536,13
57042,46485,10607,80
57043,46486,10607,66
57044,46487,10607,34
57045,46488,10607,41
57046,46488,10642,14
57047,46489,10783,109
57048,46490,10783,56
57049,46491,10783,32
57050,46492,10783,6
57051,46492,10818,80
57052,46493,10679,14
57053,46493,10714,69
57054,46494,10714,39
57055,46495,10714,18
57056,46496,10714,29
57057,46497,10540,88
57058,46498,10540,4
57059,46498,10575,52
57060,46499,10575,20
57061,46500,10575,52
57062,46501,10751,17
57063,46501,10786,42
57064,46502,10786,29
57065,46503,10786,47
57066,46504,10786,54
57067,46505,11172,51
57068,46505,11207,20
57069,46506,11207,58
57070,46507,11207,31
57071,46508,11207,19
57072,46508,11242,21
57073,46509,10613,33
57074,46509,10648,28
57075,46510,10648,26
57076,46511,10648,21
57077,46512,10648,29
57078,46513,10684,45
57079,46514,10684,26
57080,46515,10684,46
57081,46516,10684,33
57082,46517,10825,46
57083,46518,10825,43
57084,46519,10825,27
57085,46520,10825,40
57086,46521,10861,36
57087,46521,10896,53
57088,46522,10896,59
57089,46523,10896,24
57090,46523,10931,7
57091,46524,10931,67
57092,46525,10722,52
57093,46526,10722,64
57094,46527,10722,18
57095,46528,10722,53
57096,46529,10723,42
57097,46529,10758,8
57098,46530,10758,38
57099,46531,10758,23
57100,46532,10758,41
57101,46533,10654,87
57102,46534,10654,49
57103,46535,10654,9
57104,46535,10689,24
57105,46536,10689,75
57106,46537,10585,69
57107,46538,10585,62
57108,46539,10585,20
57109,46539,10620,29
57110,46540,10620,45
57111,46541,10691,109
57112,46541,10726,30
57113,46542,10726,26
57114,46543,10726,29
57115,46544,10726,35
57116,46545,10762,97
57117,46546,10762,50
57118,46547,10762,55
57119,46548,10762,21
57120,46548,10797,44
57121,46549,10658,60
57122,46549,10693,21
57123,46550,10693,49
57124,46551,10693,36
57125,46552,10693,35
57126,46553,11149,11
57127,46553,11184,63
57128,46554,11184,51
57129,46555,11184,14
57130,46555,11219,19
57131,46556,11219,70
57132,46557,10940,91
57133,46558,10940,34
57134,46558,10975,6
57135,46559,10975,37
57136,46560,10975,130
57137,46561,10766,90
57138,46562,10766,32
57139,46563,10766,15
57140,46564,10766,48
57141,46565,11117,93
57142,46566,11117,28
57143,46566,11152,46
57144,46567,11152,57
57145,46567,11187,6
57146,46568,11187,43
57147,46569,11048,52
57148,46570,11048,60
57149,46571,11048,39
57150,46572,11048,7
57151,46572,11083,41
57152,46573,10419,65
57153,46574,10419,4
57154,46574,10454,26
57155,46575,10454,41
57156,46576,10454,36
57157,46577,10770,68
57158,46578,10770,11
57159,46578,10805,27
57160,46579,10805,32
57161,46580,10805,77
57162,46581,10666,99
57163,46582,10666,70
57164,46583,10666,49
57165,46584,10666,42
57166,46585,10597,44
57167,46586,10597,72
57168,46587,10597,14
57169,46587,10632,38
57170,46588,10632,25
57171,46589,10808,79
57172,46590,10808,30
57173,46591,10808,22
57174,46592,10808,39
57175,46593,11334,15
57176,46593,11369,23
57177,46594,11369,57
57178,46595,11369,45
57179,46596,11369,62
57180,46596,11404,13
57181,46597,10600,66
57182,46597,10635,17
57183,46598,10635,31
57184,46599,10635,28
57185,46600,10635,47
57186,46601,10846,56
57187,46602,10846,40
57188,46603,10846,23
57189,46603,10881,11
57190,46604,10881,92
57191,46605,10672,81
57192,46605,10707,16
57193,46606,10707,58
57194,46607,10707,59
57195,46608,10707,35
57196,46609,10883,24
57197,46609,10918,13
57198,46610,10918,29
57199,46611,10918,49
57200,46612,10918,25
57201,46612,10953,41
57202,46613,10464,27
57203,46614,10464,54
57204,46615,10464,47
57205,46616,10464,47
57206,46617,11025,47
57207,46618,11025,39
57208,46618,11060,41
57209,46619,11060,57
57210,46620,11060,48
57211,46620,11095,55
57212,46621,10536,106
57213,46622,10536,52
57214,46623,10536,60
57215,46624,10536,69
57216,46625,10642,115
57217,46626,10642,51
57218,46627,10642,55
57219,46628,10642,53
57220,46629,10818,97
57221,46630,10818,12
57222,46630,10853,20
57223,46631,10853,47
57224,46632,10853,58
57225,46633,10714,60
57226,46634,10714,23
57227,46634,10749,51
57228,46635,10749,50
57229,46636,10749,92
57230,46637,10575,71
57231,46637,10610,5
57232,46638,10610,87
57233,46639,10610,40
57234,46640,10610,140
57235,46641,10786,53
57236,46642,10786,30
57237,46643,10786,78
57238,46644,10786,26
57239,46644,10821,24
57240,46645,11242,66
57241,46646,11242,57
57242,46647,11242,64
57243,46647,11277,17
57244,46648,11277,52
57245,46649,10648,94
57246,46650,10648,45
57247,46651,10648,46
57248,46652,10648,64
57249,46652,10683,12
57250,46653,10684,11
57251,46653,10719,34
57252,46654,10719,58
57253,46655,10719,69
57254,46656,10719,52
57255,46657,10825,6
57256,46657,10860,56
57257,46658,10860,51
57258,46659,10860,23
57259,46660,10860,28
57260,46660,10895,36
57261,46661,10931,84
57262,46661,10966,14
57263,46662,10966,30
57264,46663,10966,52
57265,46664,10966,49
57266,46664,11001,57
57267,46665,10722,24
57268,46665,10757,79
57269,46666,10757,56
57270,46667,10757,47
57271,46668,10757,63
57272,46668,10792,19
57273,46669,10758,53
57274,46670,10758,54
57275,46671,10758,70
57276,46672,10758,66
57277,46673,10689,79
57278,46674,10689,40
57279,46675,10689,82
57280,46676,10689,36
57281,46676,10724,2
57282,46677,10620,78
57283,46678,10620,48
57284,46679,10620,33
57285,46680,10620,24
57286,46680,10655,21
57287,46681,10726,62
57288,46682,10726,37
57289,46683,10726,27
57290,46684,10726,24
57291,46685,10797,143
57292,46686,10797,47
57293,46687,10797,31
57294,46688,10797,47
57295,46688,10832,49
57296,46689,10693,98
57297,46690,10693,92
57298,46690,10728,3
57299,46691,10728,64
57300,46692,10728,136
57301,46693,11219,36
57302,46693,11254,3
57303,46694,11254,32
57304,46695,11254,29
57305,46696,11254,60
57306,46697,11010,79
57307,46698,11010,49
57308,46699,11010,42
57309,46700,11010,3
57310,46700,11045,42
57311,46701,10766,79
57312,46701,10801,63
57313,46702,10801,49
57314,46703,10801,57
57315,46704,10801,94
57316,46705,11187,69
57317,46705,11222,40
57318,46706,11222,44
57319,46707,11222,41
57320,46708,11222,35
57321,46708,11257,1
57322,46709,11083,83
57323,46709,11118,47
57324,46710,11118,42
57325,46711,11118,23
57326,46712,11118,54
57327,46712,11153,40
57328,46713,10454,54
57329,46714,10454,58
57330,46715,10454,7
57331,46715,10489,17
57332,46716,10489,32
57333,46717,10805,64
57334,46717,10840,23
57335,46718,10840,61
57336,46719,10840,35
57337,46720,10840,92
57338,46721,10666,20
57339,46721,10701,23
57340,46722,10701,53
57341,46723,10701,26
57342,46724,10701,73
57343,46725,10632,71
57344,46726,10632,29
57345,46727,10632,59
57346,46728,10632,23
57347,46728,10667,76
57348,46729,10808,38
57349,46730,10808,47
57350,46731,10808,14
57351,46731,10843,28
57352,46732,10843,21
57353,46733,11404,77
57354,46734,11404,51
57355,46735,11404,32
57356,46736,11404,40
57357,46736,11439,61
57358,46737,10635,84
57359,46738,10635,72
57360,46739,10635,37
57361,46739,10670,1
57362,46740,10670,73
57363,46741,10881,48
57364,46741,10916,40
57365,46742,10916,80
57366,46743,10916,29
57367,46743,10951,5
57368,46744,10951,72
57369,46745,10707,56
57370,46745,10742,34
57371,46746,10742,70
57372,46747,10742,52
57373,46748,10742,72
57374,46749,10953,50
57375,46750,10953,23
57376,46750,10988,15
57377,46751,10988,95
57378,46752,10988,34
57379,46752,11023,49
57380,46753,10464,24
57381,46753,10499,40
57382,46754,10499,83
57383,46755,10499,44
57384,46756,10499,56
57385,46757,11095,39
57386,46757,11130,56
57387,46758,11130,74
57388,46758,11165,28
57389,46759,11165,16
57390,46760,11165,51
57391,46761,10536,1
57392,46761,10571,60
57393,46762,10571,21
57394,46763,10571,39
57395,46764,10571,72
57396,46765,10642,59
57397,46766,10642,33
57398,46766,10677,12
57399,46767,10677,45
57400,46768,10677,68
57401,46769,10853,37
57402,46769,10888,57
57403,46770,10888,69
57404,46771,10888,19
57405,46772,10888,10
57406,46772,10923,122
57407,46773,10749,41
57408,46774,10749,5
57409,46774,10784,15
57410,46775,10784,26
57411,46776,10784,25
57412,46777,10610,13
57413,46777,10645,50
57414,46778,10645,35
57415,46779,10645,94
57416,46780,10645,42
57417,46781,10821,91
57418,46782,10821,52
57419,46783,10821,38
57420,46784,10821,55
57421,46785,11277,74
57422,46786,11277,2
57423,46786,11312,17
57424,46787,11312,27
57425,46788,11312,76
57426,46788,11347,12
57427,46789,10683,35
57428,46790,10683,75
57429,46791,10683,18
57430,46792,10683,49
57431,46793,10719,57
57432,46793,10754,7
57433,46794,10754,54
57434,46795,10754,37
57435,46796,10754,36
57436,46797,10895,59
57437,46798,10895,28
57438,46798,10930,75
57439,46799,10930,50
57440,46800,10930,36
57441,46800,10965,76
57442,46801,11001,85
57443,46802,11001,6
57444,46802,11036,101
57445,46803,11036,14
57446,46803,11071,9
57447,46804,11071,42
57448,46805,10792,65
57449,46806,10792,32
57450,46807,10792,29
57451,46808,10792,64
57452,46808,10827,16
57453,46809,10793,102
57454,46810,10793,38
57455,46811,10793,51
57456,46812,10793,87
57457,46813,10724,91
57458,46814,10724,35
57459,46815,10724,28
57460,46816,10724,81
57461,46817,10655,84
57462,46818,10655,67
57463,46819,10655,54
57464,46820,10655,24
57465,46820,10690,100
57466,46821,10726,44
57467,46821,10761,73
57468,46822,10761,52
57469,46823,10761,55
57470,46823,10796,3
57471,46824,10796,66
57472,46825,10832,86
57473,46826,10832,53
57474,46826,10867,14
57475,46827,10867,33
57476,46828,10867,51
57477,46829,10728,2
57478,46829,10763,54
57479,46830,10763,110
57480,46831,10763,50
57481,46831,10798,2
57482,46832,10798,86
57483,46833,11254,3
57484,46833,11289,86
57485,46834,11289,83
57486,46835,11289,14
57487,46835,11324,47
57488,46836,11324,74
57489,46837,11045,98
57490,46838,11045,6
57491,46838,11080,26
57492,46839,11080,44
57493,46840,11080,37
57494,46841,10801,72
57495,46841,10836,25
57496,46842,10836,54
57497,46843,10836,27
57498,46844,10836,75
57499,46845,11257,70
57500,46846,11257,45
57501,46847,11257,3
57502,46847,11292,97
57503,46848,11292,41
57504,46849,11153,53
57505,46850,11153,26
57506,46850,11188,27
57507,46851,11188,30
57508,46852,11188,106
57509,46853,10489,82
57510,46854,10489,40
57511,46855,10489,22
57512,46855,10524,5
57513,46856,10524,43
57514,46857,10840,26
57515,46857,10875,28
57516,46858,10875,39
57517,46859,10875,36
57518,46860,10875,17
57519,46860,10910,31
57520,46861,10701,73
57521,46862,10701,5
57522,46862,10736,87
57523,46863,10736,40
57524,46864,10736,56
57525,46865,10667,65
57526,46866,10667,39
57527,46867,10667,36
57528,46867,10702,22
57529,46868,10702,36
57530,46869,10843,91
57531,46870,10843,33
57532,46871,10843,28
57533,46872,10843,53
57534,46873,11439,51
57535,46874,11439,53
57536,46875,11439,68
57537,46876,11439,14
57538,46876,11474,78
57539,46877,10670,80
57540,46878,10670,64
57541,46879,10670,58
57542,46880,10670,61
57543,46881,10951,41
57544,46881,10986,26
57545,46882,10986,48
57546,46883,10986,32
57547,46884,10986,23
57548,46884,11021,42
57549,46885,10742,119
57550,46885,10777,25
57551,46886,10777,55
57552,46887,10777,68
57553,46888,10777,69
57554,46889,11023,74
57555,46890,11023,32
57556,46891,11023,9
57557,46891,11058,62
57558,46892,11058,65
57559,46892,11093,42
57560,46893,10499,1
57561,46893,10534,150
57562,46894,10534,37
57563,46895,10534,36
57564,46896,10534,59
57565,46897,11165,58
57566,46897,11200,14
57567,46898,11200,40
57568,46899,11200,47
57569,46900,11200,47
57570,46900,11235,50
57571,46901,10571,21
57572,46902,10571,48
57573,46903,10571,30
57574,46904,10571,34
57575,46904,10606,15
57576,46905,10677,44
57577,46906,10677,38
57578,46907,10677,30
57579,46908,10677,2
57580,46908,10712,26
57581,46909,10923,41
57582,46909,10958,4
57583,46910,10958,40
57584,46911,10958,25
57585,46912,10958,31
57586,46913,10784,10
57587,46914,10784,13
57588,46915,10784,26
57589,46916,10784,29
57590,46917,10645,28
57591,46917,10680,14
57592,46918,10680,21
57593,46919,10680,13
57594,46920,10680,30
57595,46921,10821,33
57596,46922,10821,3
57597,46922,10856,31
57598,46923,10856,34
57599,46924,10856,34
57600,46925,11347,19
57601,46926,11347,60
57602,46927,11347,30
57603,46928,11347,29
57604,46929,10683,16
57605,46930,10683,23
57606,46931,10683,30
57607,46932,10683,33
57608,46932,10718,8
57609,46933,10754,39
57610,46934,10754,37
57611,46935,10754,17
57612,46936,10754,18
57613,46937,10965,48
57614,46938,10965,33
57615,46939,10965,6
57616,46939,11000,10
57617,46940,11000,38
57618,46941,11071,16
57619,46942,11071,26
57620,46943,11071,15
57621,46944,11071,29
57622,46945,10827,27
57623,46946,10827,42
57624,46947,10827,14
57625,46948,10827,34
57626,46949,10793,5
57627,46949,10828,36
57628,46950,10828,31
57629,46951,10828,17
57630,46952,10828,40
57631,46953,10724,29
57632,46954,10724,33
57633,46955,10724,23
57634,46956,10724,2
57635,46956,10759,54
57636,46957,10690,49
57637,46958,10690,20
57638,46958,10725,19
57639,46959,10725,41
57640,46960,10725,41
57641,46961,10796,41
57642,46962,10796,18
57643,46963,10796,30
57644,46964,10796,20
57645,46965,10867,26
57646,46966,10867,25
57647,46966,10902,11
57648,46967,10902,15
57649,46968,10902,29
57650,46969,10798,57
57651,46970,10798,19
57652,46971,10798,13
57653,46972,10798,32
57654,46973,11324,22
57655,46974,11324,14
57656,46975,11324,28
57657,46976,11324,25
57658,46976,11359,28
57659,46977,11080,10
57660,46977,11115,18
57661,46978,11115,24
57662,46979,11115,17
57663,46980,11115,45
57664,46981,10836,22
57665,46982,10836,12
57666,46983,10836,23
57667,46984,10836,27
57668,46985,11292,29
57669,46986,11292,8
57670,46986,11327,4
57671,46987,11327,18
57672,46988,11327,35
57673,46989,11188,8
57674,46989,11223,8
57675,46990,11223,21
57676,46991,11223,14
57677,46992,11223,29
57678,46993,10524,45
57679,46994,10524,24
57680,46995,10524,23
57681,46996,10524,24
57682,46997,10910,29
57683,46998,10910,42
57684,46999,10910,10
57685,47000,10945,26
57686,47001,10736,73
57687,47002,10736,16
57688,47003,10736,16
57689,47004,10736,13
57690,47004,10771,22
57691,47005,10702,46
57692,47006,10702,30
57693,47007,10702,23
57694,47008,10702,24
57695,47009,10843,18
57696,47009,10878,22
57697,47010,10878,22
57698,47011,10878,33
57699,47012,10878,41
57700,47013,11474,52
57701,47014,11474,13
57702,47015,11474,13
57703,47016,11474,29
57704,47016,11509,15
57705,47017,10670,44
57706,47017,10705,3
57707,47018,10705,23
57708,47019,10705,24
57709,47020,10705,58
57710,47021,11021,18
57711,47022,11021,35
57712,47022,11056,2
57713,47023,11056,30
57714,47024,11056,23
57715,47025,10777,42
57716,47026,10777,17
57717,47027,10777,24
57718,47027,10812,1
57719,47028,10812,39
57720,47029,11093,39
57721,47030,11093,24
57722,47031,11093,28
57723,47032,11093,18
57724,47033,10534,30
57725,47033,10569,1
57726,47034,10569,38
57727,47035,10569,17
57728,47036,10569,43
57729,47037,11235,33
57730,47038,11235,21
57731,47039,11235,15
57732,47040,11235,8
57733,47040,11270,18
57734,47041,10606,46
57735,47042,10606,23
57736,47043,10606,23
57737,47044,10606,24
57738,47045,10712,23
57739,47046,10712,35
57740,47047,10712,16
57741,47048,10712,39
57742,47049,10958,40
57743,47050,10958,9
57744,47050,10993,50
57745,47051,10993,21
57746,47052,10993,39
57747,47053,10784,50
57748,47054,10784,22
57749,47055,10784,22
57750,47056,10784,43
57751,47056,10819,27
57752,47057,10680,48
57753,47058,10680,15
57754,47059,10680,26
57755,47060,10680,32
57756,47061,10856,29
57757,47062,10856,23
57758,47062,10891,9
57759,47063,10891,32
57760,47064,10891,18
57761,47065,11347,17
57762,47066,11347,44
57763,47067,11347,5
57764,47067,11382,19
57765,47068,11382,34
57766,47069,10718,40
57767,47070,10718,9
57768,47071,10718,18
57769,47072,10718,27
57770,47073,10789,29
57771,47074,10789,25
57772,47075,10789,29
57773,47076,10789,33
57774,47077,11000,50
57775,47078,11000,18
57776,47079,11000,22
57777,47080,11000,17
57778,47081,11071,12
57779,47081,11106,16
57780,47082,11106,25
57781,47083,11106,38
57782,47084,11106,26
57783,47085,10827,31
57784,47086,10827,24
57785,47087,10827,6
57786,47088,10827,27
57787,47089,10828,83
57788,47090,10828,28
57789,47091,10828,14
57790,47092,10828,31
57791,47093,10759,36
57792,47094,10759,66
57793,47095,10759,11
57794,47096,10759,16
57795,47097,10725,59
57796,47098,10725,49
57797,47099,10725,26
57798,47100,10725,4
57799,47100,10760,15
57800,47101,10796,21
57801,47102,10796,11
57802,47103,10796,33
57803,47104,10796,27
57804,47105,10902,46
57805,47106,10902,26
57806,47107,10902,8
57807,47107,10937,21
57808,47108,10937,12
57809,47109,10798,71
57810,47110,10798,13
57811,47111,10798,19
57812,47111,10833,7
57813,47112,10833,48
57814,47113,11359,29
57815,47114,11359,38
57816,47115,11359,28
57817,47116,11359,18
57818,47117,11115,34
57819,47118,11115,19
57820,47118,11150,14
57821,47119,11150,24
57822,47120,11150,27
57823,47121,10836,56
57824,47122,10836,27
57825,47122,10871,21
57826,47123,10871,19
57827,47124,10871,58
57828,47125,11327,35
57829,47126,11327,16
57830,47127,11327,21
57831,47128,11327,18
57832,47129,11223,31
57833,47130,11223,29
57834,47131,11223,19
57835,47132,11223,28
57836,47132,11258,1
57837,47133,10524,39
57838,47134,10524,20
57839,47135,10524,17
57840,47135,10559,1
57841,47136,10559,34
57842,47137,10945,24
57843,47138,10945,23
57844,47139,10945,14
57845,47140,10945,18
57846,47140,10980,29
57847,47141,10771,22
57848,47142,10771,25
57849,47143,10771,19
57850,47144,10771,38
57851,47145,10702,23
57852,47146,10702,29
57853,47147,10702,36
57854,47148,10702,24
57855,47148,10737,31
57856,47149,10878,24
57857,47149,10913,3
57858,47150,10913,33
57859,47151,10913,30
57860,47152,10913,41
57861,47153,11509,37
57862,47154,11509,43
57863,47155,11509,40
57864,47156,11509,25
57865,47157,10705,59
57866,47158,10705,27
57867,47159,10705,16
57868,47160,10705,24
57869,47161,11056,40
57870,47161,11091,6
57871,47162,11091,19
57872,47163,11091,17
57873,47164,11091,54
57874,47165,10812,35
57875,47166,10812,51
57876,47167,10812,39
57877,47168,10812,37
57878,47169,11093,19
57879,47169,11128,7
57880,47170,11128,23
57881,47171,11128,19
57882,47172,11128,10
57883,47173,10569,37
57884,47174,10569,32
57885,47175,10569,25
57886,47176,10569,55
57887,47177,11270,45
57888,47178,11270,18
57889,47179,11270,20
57890,47180,11270,28
57891,47181,10606,65
57892,47182,10606,24
57893,47183,10606,30
57894,47184,10606,28
57895,47184,10641,19
57896,47185,10712,63
57897,47185,10747,29
57898,47186,10747,20
57899,47187,10747,22
57900,47188,10747,49
57901,47189,10993,35
57902,47189,11028,18
57903,47190,11028,38
57904,47191,11028,19
57905,47192,11028,52
57906,47193,10819,65
57907,47194,10819,27
57908,47195,10819,41
57909,47196,10819,56
57910,47197,10680,44
57911,47197,10715,40
57912,47198,10715,29
57913,47199,10715,16
57914,47200,10715,71
57915,47201,10891,68
57916,47202,10891,8
57917,47202,10926,14
57918,47203,10926,17
57919,47204,10926,48
57920,47205,11382,30
57921,47206,11382,26
57922,47207,11382,11
57923,47208,11382,6
57924,47208,11417,35
57925,47209,10718,48
57926,47210,10718,47
57927,47211,10718,46
57928,47212,10718,27
57929,47212,10753,21
57930,47213,10789,41
57931,47214,10789,38
57932,47215,10789,18
57933,47216,10789,29
57934,47217,11000,10
57935,47217,11035,10
57936,47218,11035,54
57937,47219,11035,17
57938,47220,11035,32
57939,47221,11106,34
57940,47221,11141,39
57941,47222,11141,57
57942,47223,11141,13
57943,47223,11176,18
57944,47224,11176,28
57945,47225,10827,63
57946,47226,10827,33
57947,47227,10827,31
57948,47228,10827,42
57949,47228,10862,1
57950,47229,10828,14
57951,47229,10863,68
57952,47230,10863,31
57953,47231,10863,41
57954,47231,10898,4
57955,47232,10898,62
57956,47233,10759,42
57957,47234,10759,30
57958,47234,10794,14
57959,47235,10794,25
57960,47236,10794,40
57961,47237,10760,64
57962,47238,10760,37
57963,47239,10760,42
57964,47240,10760,34
57965,47241,10796,42
57966,47242,10796,25
57967,47242,10831,23
57968,47243,10831,30
57969,47244,10831,34
57970,47245,10937,37
57971,47246,10937,19
57972,47247,10937,22
57973,47248,10937,38
57974,47249,10833,37
57975,47250,10833,36
57976,47251,10833,16
57977,47252,10833,25
57978,47253,11359,34
57979,47253,11394,12
57980,47254,11394,51
57981,47255,11394,28
57982,47256,11394,35
57983,47257,11150,38
57984,47258,11150,43
57985,47259,11150,5
57986,47259,11185,23
57987,47260,11185,63
57988,47261,10871,34
57989,47262,10871,30
57990,47263,10871,20
57991,47264,10871,10
57992,47264,10906,44
57993,47265,11327,3
57994,47265,11362,69
57995,47266,11362,22
57996,47267,11362,28
57997,47268,11362,22
57998,47268,11397,29
57999,47269,11258,38
58000,47270,11258,25
58001,47271,11258,36
58002,47272,11258,43
58003,47273,10559,58
58004,47274,10559,42
58005,47275,10559,22
58006,47276,10559,50
58007,47277,10980,58
58008,47278,10980,26
58009,47279,10980,32
58010,47280,10980,30
58011,47281,10771,31
58012,47282,10771,19
58013,47283,10771,28
58014,47284,10771,54
58015,47285,10737,48
58016,47286,10737,40
58017,47287,10737,31
58018,47288,10737,76
58019,47289,10913,54
58020,47290,10913,32
58021,47291,10913,11
58022,47291,10948,4
58023,47292,10948,43
58024,47293,11509,58
58025,47294,11509,15
58026,47294,11544,3
58027,47295,11544,20
58028,47296,11544,62
58029,47297,10705,62
58030,47298,10705,38
58031,47299,10705,3
58032,47299,10740,13
58033,47300,10740,56
58034,47301,11091,28
58035,47302,11091,11
58036,47302,11126,24
58037,47303,11126,16
58038,47304,11126,40
58039,47305,10812,24
58040,47306,10812,56
58041,47307,10812,20
58042,47307,10847,15
58043,47308,10847,33
58044,47309,11128,40
58045,47309,11163,11
58046,47310,11163,37
58047,47311,11163,9
58048,47312,11163,57
58049,47313,10569,76
58050,47314,10569,34
58051,47314,10604,9
58052,47315,10604,29
58053,47316,10604,40
58054,47317,11270,38
58055,47317,11305,37
58056,47318,11305,27
58057,47319,11305,24
58058,47320,11305,38
58059,47321,10641,56
58060,47322,10641,18
58061,47323,10641,37
58062,47324,10641,35
58063,47325,10747,104
58064,47326,10747,31
58065,47327,10747,16
58066,47328,10747,31
58067,47329,11028,23
58068,47329,11063,32
58069,47330,11063,60
58070,47331,11063,31
58071,47332,11063,13
58072,47332,11098,24
58073,47333,10819,61
58074,47334,10819,69
58075,47334,10854,10
58076,47335,10854,32
58077,47336,10854,38
58078,47337,10715,44
58079,47338,10715,42
58080,47339,10715,26
58081,47340,10715,8
58082,47340,10750,53
58083,47341,10926,52
58084,47342,10926,18
58085,47342,10961,8
58086,47343,10961,27
58087,47344,10961,17
58088,47345,11417,95
58089,47346,11417,42
58090,47347,11417,5
58091,47347,11452,17
58092,47348,11452,34
58093,47349,10753,68
58094,47350,10753,29
58095,47351,10753,37
58096,47352,10753,56
58097,47353,10789,44
58098,47354,10789,29
58099,47354,10824,1
58100,47355,10824,28
58101,47356,10824,63
58102,47357,11035,33
58103,47358,11035,29
58104,47358,11070,12
58105,47359,11070,20
58106,47360,11070,45
58107,47361,11176,70
58108,47362,11176,9
58109,47362,11211,32
58110,47363,11211,31
58111,47364,11211,51
58112,47365,10862,48
58113,47366,10862,32
58114,47367,10862,34
58115,47368,10862,20
58116,47368,10897,25
58117,47369,10898,51
58118,47370,10898,56
58119,47370,10933,11
58120,47371,10933,25
58121,47372,10933,53
58122,47373,10794,42
58123,47374,10794,51
58124,47375,10794,27
58125,47376,10794,24
58126,47376,10829,44
58127,47377,10760,34
58128,47378,10760,32
58129,47379,10760,22
58130,47379,10795,10
58131,47380,10795,62
58132,47381,10831,60
58133,47382,10831,29
58134,47383,10831,39
58135,47384,10831,38
58136,47385,10937,3
58137,47385,10972,63
58138,47386,10972,22
58139,47387,10972,50
58140,47387,11007,10
58141,47388,11007,46
58142,47389,10833,60
58143,47389,10868,9
58144,47390,10868,47
58145,47391,10868,17
58146,47392,10868,47
58147,47393,11394,22
58148,47393,11429,54
58149,47394,11429,55
58150,47395,11429,33
58151,47396,11429,26
58152,47397,11185,72
58153,47397,11220,55
58154,47398,11220,35
58155,47399,11220,13
58156,47399,11255,15
58157,47400,11255,46
58158,47401,10906,46
58159,47402,10906,10
58160,47402,10941,28
58161,47403,10941,24
58162,47404,10941,38
58163,47404,10976,30
58164,47405,11397,27
58165,47406,11397,46
58166,47407,11397,18
58167,47408,11397,26
58168,47408,11432,20
58169,47409,11258,2
58170,47409,11293,34
58171,47410,11293,22
58172,47411,11293,39
58173,47412,11293,20
58174,47412,11328,16
58175,47413,10559,64
58176,47414,10559,1
58177,47414,10594,56
58178,47415,10594,30
58179,47416,10594,36
58180,47417,10980,8
58181,47417,11015,95
58182,47418,11015,19
58183,47419,11015,14
58184,47419,11050,35
58185,47420,11050,31
58186,47421,10771,32
58187,47422,10771,35
58188,47422,10806,2
58189,47423,10806,46
58190,47424,10806,33
58191,47425,10737,87
58192,47426,10737,32
58193,47427,10737,42
58194,47428,10737,34
58195,47429,10948,35
58196,47430,10948,33
58197,47431,10948,14
58198,47431,10983,9
58199,47432,10983,31
58200,47433,11544,46
58201,47434,11544,34
58202,47435,11544,39
58203,47436,11544,21
58204,47436,11579,13
58205,47437,10740,47
58206,47438,10740,36
58207,47439,10740,35
58208,47440,10740,36
58209,47441,11126,59
58210,47442,11126,9
58211,47442,11161,30
58212,47443,11161,16
58213,47444,11161,32
58214,47445,10847,27
58215,47446,10847,13
58216,47447,10847,46
58217,47448,10847,45
58218,47449,11163,6
58219,47449,11198,61
58220,47450,11198,53
58221,47451,11198,16
58222,47452,11198,12
58223,47452,11233,34
58224,47453,10604,23
58225,47454,10604,23
58226,47455,10604,8
58227,47456,10604,28
58228,47457,11305,45
58229,47458,11305,33
58230,47459,11305,8
58231,47459,11340,16
58232,47460,11340,43
58233,47461,10641,37
58234,47462,10641,61
58235,47463,10641,30
58236,47464,10641,42
58237,47465,10747,56
58238,47465,10782,45
58239,47466,10782,76
58240,47467,10782,38
58241,47468,10782,27
58242,47468,10817,66
58243,47469,11098,49
58244,47470,11098,44
58245,47470,11133,24
58246,47471,11133,21
58247,47472,11133,37
58248,47473,10854,70
58249,47474,10889,44
58250,47475,10889,19
58251,47476,10889,44
58252,47477,10750,67
58253,47478,10750,44
58254,47479,10750,42
58255,47480,10750,37
58256,47481,10961,70
58257,47482,10961,14
58258,47482,10996,56
58259,47483,10996,49
58260,47484,10996,76
58261,47485,11452,58
58262,47486,11452,18
58263,47487,11452,26
58264,47488,11452,37
58265,47489,10753,59
58266,47490,10753,11
58267,47490,10788,36
58268,47491,10788,47
58269,47492,10788,66
58270,47493,10824,65
58271,47494,10824,31
58272,47495,10824,25
58273,47496,10824,61
58274,47496,10859,24
58275,47497,11070,48
58276,47498,11070,17
58277,47498,11105,41
58278,47499,11105,21
58279,47500,11105,88
58280,47501,11211,66
58281,47501,11246,3
58282,47502,11246,33
58283,47503,11246,24
58284,47504,11246,55
58285,47505,10897,47
58286,47506,10897,25
58287,47506,10932,48
58288,47507,10932,36
58289,47508,10932,50
58290,47509,10933,18
58291,47509,10968,21
58292,47510,10968,88
58293,47511,10968,38
58294,47512,10968,1
58295,47512,11003,44
58296,47513,10829,51
58297,47514,10829,41
58298,47515,10829,36
58299,47516,10829,51
58300,47517,10795,54
58301,47518,10795,34
58302,47519,10795,22
58303,47520,10795,49
58304,47521,10831,1
58305,47521,10866,57
58306,47522,10866,46
58307,47523,10866,21
58308,47523,10901,48
58309,47524,10901,32
58310,47525,11007,54
58311,47526,11007,40
58312,47527,11007,12
58313,47527,11042,41
58314,47528,11042,39
58315,47529,10868,52
58316,47530,10868,8
58317,47530,10903,8
58318,47531,10903,24
58319,47532,10903,57
58320,47533,11429,26
58321,47533,11464,69
58322,47534,11464,43
58323,47535,11464,34
58324,47535,11499,11
58325,47536,11499,94
58326,47537,11255,58
58327,47537,11290,34
58328,47538,11290,83
58329,47539,11290,36
58330,47540,11290,43
58331,47540,11325,43
58332,47541,10976,35
58333,47542,10976,24
58334,47543,10976,58
58335,47543,11011,6
58336,47544,11011,53
58337,47545,11432,80
58338,47546,11432,37
58339,47547,11432,34
58340,47548,11432,28
58341,47548,11467,27
58342,47549,11328,38
58343,47550,11328,66
58344,47551,11328,35
58345,47552,11328,10
58346,47552,11363,85
58347,47553,10594,49
58348,47554,10594,23
58349,47555,10594,30
58350,47556,10594,40
58351,47557,11050,10
58352,47557,11085,128
58353,47558,11085,12
58354,47558,11120,14
58355,47559,11120,29
58356,47560,11120,83
58357,47561,10806,59
58358,47562,10806,71
58359,47563,10806,28
58360,47563,10841,52
58361,47564,10841,47
58362,47565,10737,53
58363,47565,10772,17
58364,47566,10772,49
58365,47567,10772,41
58366,47568,10772,47
58367,47569,10983,90
58368,47570,10983,42
58369,47570,11018,13
58370,47571,11018,37
58371,47572,11018,41
58372,47573,11579,120
58373,47574,11579,60
58374,47575,11579,1
58375,47575,11614,37
58376,47576,11614,24
58377,47577,10740,12
58378,47577,10775,62
58379,47578,10775,77
58380,47579,10775,30
58381,47580,10775,52
58382,47581,11161,54
58383,47582,11161,25
58384,47583,11196,47
58385,47584,11196,47
58386,47585,10847,51
58387,47586,10847,38
58388,47587,10847,16
58389,47587,10882,22
58390,47588,10882,26
58391,47589,11233,89
58392,47590,11233,50
58393,47591,11233,16
58394,47591,11268,2
58395,47592,11268,38
58396,47593,10604,90
58397,47594,10604,44
58398,47595,10604,20
58399,47596,10604,17
58400,47596,10639,32
58401,47597,11340,45
58402,47598,11340,32
58403,47598,11375,5
58404,47599,11375,44
58405,47600,11375,50
58406,47601,10641,22
58407,47601,10676,97
58408,47602,10676,62
58409,47603,10676,43
58410,47604,10676,43
58411,47605,10817,67
58412,47606,10817,63
58413,47607,10817,17
58414,47608,10817,37
58415,47609,11133,74
58416,47610,11133,8
58417,47610,11168,64
58418,47611,11168,55
58419,47612,11168,11
58420,47612,11203,17
58421,47613,10889,57
58422,47613,10924,43
58423,47614,10924,71
58424,47615,10924,14
58425,47615,10959,18
58426,47616,10959,107
58427,47617,10750,76
58428,47618,10750,45
58429,47618,10785,47
58430,47619,10785,39
58431,47620,10785,30
58432,47621,10996,14
58433,47621,11031,77
58434,47622,11031,62
58435,47623,11031,16
58436,47623,11066,19
58437,47624,11066,58
58438,47625,11452,13
58439,47625,11487,43
58440,47626,11487,68
58441,47627,11487,53
58442,47628,11487,51
58443,47628,11522,13
58444,47629,10788,80
58445,47630,10788,43
58446,47630,10823,26
58447,47631,10823,46
58448,47632,10823,45
58449,47633,10859,109
58450,47633,10894,3
58451,47634,10894,100
58452,47635,10894,42
58453,47636,10894,16
58454,47636,10929,58
58455,47637,11105,69
58456,47637,11140,4
58457,47638,11140,59
58458,47639,11140,47
58459,47640,11140,31
58460,47640,11175,64
58461,47641,11246,51
58462,47641,11281,92
58463,47642,11281,86
58464,47643,11281,24
58465,47643,11316,35
58466,47644,11316,43
58467,47645,10932,14
58468,47645,10967,68
58469,47646,10967,55
58470,47646,11002,10
58471,47647,11002,41
58472,47648,11002,61
58473,47648,11037,7
58474,47649,11003,72
58475,47650,11003,10
58476,47650,11038,53
58477,47651,11038,67
58478,47652,11038,74
58479,47652,11073,34
58480,47653,10829,16
58481,47653,10864,50
58482,47654,10864,58
58483,47655,10864,32
58484,47656,10864,1
58485,47656,10899,115
58486,47657,10795,70
58487,47657,10830,73
58488,47658,10830,79
58489,47659,10830,54
58490,47660,10830,89
58491,47661,10901,44
58492,47662,10901,19
58493,47662,10936,27
58494,47663,10936,57
58495,47664,10936,35
58496,47665,11042,64
58497,47665,11077,29
58498,47666,11077,52
58499,47667,11077,46
58500,47667,11112,1
58501,47668,11112,98
58502,47669,10903,90
58503,47669,10938,22
58504,47670,10938,49
58505,47671,10938,52
58506,47672,10938,22
58507,47672,10973,10
58508,47673,11499,38
58509,47673,11534,25
58510,47674,11534,68
58511,47675,11534,38
58512,47676,11534,62
58513,47676,11569,22
58514,47677,11325,67
58515,47677,11360,5
58516,47678,11360,57
58517,47679,11360,34
58518,47680,11360,44
58519,47680,11395,37
58520,47681,11011,76
58521,47681,11046,3
58522,47682,11046,40
58523,47683,11046,30
58524,47684,11046,65
58525,47684,11081,24
58526,47685,11467,84
58527,47686,11467,65
58528,47687,11467,21
58529,47687,11502,57
58530,47688,11502,51
58531,47689,11363,93
58532,47690,11363,16
58533,47690,11398,68
58534,47691,11398,37
58535,47692,11398,90
58536,47693,10594,14
58537,47693,10629,83
58538,47694,10629,52
58539,47695,10629,41
58540,47696,10629,77
58541,47697,11120,8
58542,47697,11155,87
58543,47698,11155,56
58544,47699,11155,37
58545,47700,11155,34
58546,47700,11190,79
58547,47701,10841,111
58548,47702,10841,64
58549,47703,10841,11
58550,47703,10876,36
58551,47704,10876,49
58552,47705,10772,69
58553,47705,10807,13
58554,47706,10807,42
58555,47707,10807,41
58556,47708,10807,57
58557,47709,11018,64
58558,47709,11053,41
58559,47710,11053,47
58560,47711,11053,29
58561,47711,11088,25
58562,47712,11088,48
58563,47713,11614,78
58564,47714,11614,76
58565,47715,11614,35
58566,47716,11614,14
58567,47716,11649,40
58568,47717,10775,67
58569,47718,10775,15
58570,47718,10810,40
58571,47719,10810,39
58572,47720,10810,42
58573,47721,11196,20
58574,47721,11231,55
58575,47722,11231,73
58576,47723,11231,44
58577,47724,11231,31
58578,47724,11266,21
58579,47725,10882,63
58580,47726,10882,50
58581,47727,10917,73
58582,47728,10917,30
58583,47729,11268,94
58584,47730,11268,38
58585,47730,11303,2
58586,47731,11303,90
58587,47732,11303,69
58588,47733,10639,33
58589,47734,10639,18
58590,47735,10639,44
58591,47736,10639,63
58592,47737,11375,89
58593,47738,11375,50
58594,47739,11375,20
58595,47739,11410,34
58596,47740,11410,51
58597,47741,10676,61
58598,47742,10676,20
58599,47742,10711,43
58600,47743,10711,31
58601,47744,10711,51
58602,47745,10817,118
58603,47745,10852,17
58604,47746,10852,43
58605,47747,10852,32
58606,47748,10852,22
58607,47748,10887,54
58608,47749,11203,71
58609,47750,11203,53
58610,47751,11203,47
58611,47752,11203,14
58612,47752,11238,96
58613,47753,10959,65
58614,47753,10994,7
58615,47754,10994,73
58616,47755,10994,51
58617,47755,11029,11
58618,47756,11029,36
58619,47757,10785,121
58620,47758,10785,50
58621,47759,10785,69
58622,47760,10785,67
58623,47761,11066,46
58624,47762,11066,28
58625,47762,11101,21
58626,47763,11101,65
58627,47764,11101,93
58628,47765,11522,89
58629,47766,11522,15
58630,47767,11522,3
58631,47768,11522,31
58632,47769,10823,30
58633,47770,10823,26
58634,47771,10823,56
58635,47772,10823,4
58636,47772,10858,47
58637,47773,10929,66
58638,47773,10964,24
58639,47774,10964,33
58640,47775,10964,37
58641,47776,10964,73
58642,47777,11175,81
58643,47778,11175,24
58644,47778,11210,18
58645,47779,11210,24
58646,47780,11210,66
58647,47781,11316,77
58648,47781,11351,6
58649,47782,11351,27
58650,47783,11351,26
58651,47784,11351,60
58652,47784,11386,8
58653,47785,11037,73
58654,47786,11037,63
58655,47786,11072,14
58656,47787,11072,31
58657,47788,11072,61
58658,47789,11073,66
58659,47790,11073,49
58660,47791,11073,21
58661,47791,11108,31
58662,47792,11108,89
58663,47792,11143,22
58664,47793,10899,19
58665,47793,10934,50
58666,47794,10934,54
58667,47795,10934,61
58668,47795,10969,16
58669,47796,10969,63
58670,47797,10830,35
58671,47797,10865,12
58672,47798,10865,70
58673,47799,10865,42
58674,47800,10865,8
58675,47800,10900,13
58676,47801,10936,22
58677,47801,10971,35
58678,47802,10971,75
58679,47803,10971,35
58680,47804,10971,7
58681,47804,11006,76
58682,47805,11112,46
58683,47806,11112,32
58684,47806,11147,32
58685,47807,11147,27
58686,47808,11147,81
58687,47809,10973,94
58688,47810,10973,39
58689,47810,11008,19
58690,47811,11008,51
58691,47812,11008,34
58692,47813,11569,25
58693,47814,11569,28
58694,47815,11569,38
58695,47816,11569,41
58696,47817,11395,90
58697,47818,11395,37
58698,47818,11430,3
58699,47819,11430,27
58700,47820,11430,113
58701,47821,11081,38
58702,47822,11081,65
58703,47823,11081,42
58704,47824,11081,4
58705,47824,11116,40
58706,47825,11502,75
58707,47825,11537,10
58708,47826,11537,72
58709,47827,11537,39
58710,47828,11537,61
58711,47829,11398,28
58712,47829,11433,10
58713,47830,11433,78
58714,47831,11433,27
58715,47831,11468,56
58716,47832,11468,35
58717,47833,10629,59
58718,47833,10664,12
58719,47834,10664,63
58720,47835,10664,15
58721,47836,10664,40
58722,47837,11190,57
58723,47837,11225,10
58724,47838,11225,29
58725,47839,11225,43
58726,47840,11225,71
58727,47841,10876,31
58728,47841,10911,28
58729,47842,10911,37
58730,47843,10911,70
58731,47843,10946,5
58732,47844,10946,36
58733,47845,10807,115
58734,47845,10842,26
58735,47846,10842,72
58736,47847,10842,27
58737,47848,10842,42
58738,47849,11088,107
58739,47849,11123,19
58740,47850,11123,39
58741,47851,11123,38
58742,47852,11123,12
58743,47853,11649,92
58744,47854,11649,48
58745,47854,11684,24
58746,47855,11684,35
58747,47856,11684,66
58748,47857,10810,94
58749,47858,10810,54
58750,47859,10810,17
58751,47859,10845,19
58752,47860,10845,123
58753,47861,11266,85
58754,47862,11266,89
58755,47863,11266,14
58756,47863,11301,18
58757,47864,11301,62
58758,47865,10917,46
58759,47865,10952,12
58760,47866,10952,73
58761,47867,10952,46
58762,47868,10952,47
58763,47868,10987,14
58764,47869,11303,37
58765,47869,11338,41
58766,47870,11338,84
58767,47871,11338,17
58768,47871,11373,41
58769,47872,11373,20
58770,47873,10639,85
58771,47874,10639,2
58772,47874,10674,20
58773,47875,10674,18
58774,47876,10674,125
58775,47877,11410,46
58776,47878,11410,36
58777,47879,11410,22
58778,47879,11445,41
58779,47880,11445,46
58780,47881,10711,30
58781,47882,10711,35
58782,47883,10711,22
58783,47884,10711,30
58784,47885,10887,29
58785,47886,10887,14
58786,47887,10887,17
58787,47888,10887,28
58788,47889,11238,47
58789,47890,11238,9
58790,47890,11273,38
58791,47891,11273,10
58792,47892,11273,25
58793,47893,11029,28
58794,47894,11029,37
58795,47895,11029,30
58796,47896,11029,20
58797,47897,10785,23
58798,47897,10820,45
58799,47898,10820,60
58800,47899,10820,19
58801,47900,10820,18
58802,47901,11101,29
58803,47901,11136,52
58804,47902,11136,10
58805,47903,11136,24
58806,47904,11136,17
58807,47905,11522,16
58808,47905,11557,48
58809,47906,11557,22
58810,47907,11557,16
58811,47908,11557,29
58812,47909,10858,42
58813,47910,10858,20
58814,47911,10858,23
58815,47911,10893,19
58816,47912,10893,52
58817,47913,10964,30
58818,47913,10999,4
58819,47914,10999,13
58820,47915,10999,19
58821,47916,10999,33
58822,47917,11210,24
58823,47918,11210,19
58824,47918,11245,4
58825,47919,11245,42
58826,47920,11245,30
58827,47921,11386,44
58828,47922,11386,29
58829,47923,11386,29
58830,47924,11386,34
58831,47925,11072,25
58832,47925,11107,12
58833,47926,11107,22
58834,47927,11107,13
58835,47928,11107,24
58836,47929,11143,24
58837,47930,11143,23
58838,47931,11143,26
58839,47932,11143,8
58840,47932,11178,13
58841,47933,10969,45
58842,47933,11004,3
58843,47934,11004,25
58844,47935,11004,16
58845,47936,11004,27
58846,47937,10900,48
58847,47938,10900,18
58848,47939,10900,28
58849,47940,10900,14
58850,47941,11006,21
58851,47942,11006,17
58852,47943,11006,37
58853,47944,11006,5
58854,47944,11041,75
58855,47945,11147,11
58856,47945,11182,15
58857,47946,11182,22
58858,47947,11182,16
58859,47948,11182,26
58860,47949,11008,25
58861,47950,11008,8
58862,47950,11043,29
58863,47951,11043,30
58864,47952,11043,40
58865,47953,11569,45
58866,47954,11569,5
58867,47954,11604,12
58868,47955,11604,17
58869,47956,11604,24
58870,47957,11430,31
58871,47958,11430,10
58872,47958,11465,13
58873,47959,11465,32
58874,47960,11465,43
58875,47961,11116,38
58876,47962,11116,30
58877,47963,11116,13
58878,47964,11116,46
58879,47964,11151,8
58880,47965,11537,18
58881,47965,11572,18
58882,47966,11572,48
58883,47967,11572,20
58884,47968,11572,18
58885,47969,11468,75
58886,47970,11468,27
58887,47971,11468,2
58888,47971,11503,18
58889,47972,11503,31
58890,47973,10664,32
58891,47974,10664,27
58892,47975,10664,14
58893,47976,10664,34
58894,47977,11225,13
58895,47977,11260,21
58896,47978,11260,26
58897,47979,11260,45
58898,47980,11260,41
58899,47981,10946,39
58900,47982,10946,18
58901,47983,10946,16
58902,47984,10946,11
58903,47985,10842,33
58904,47986,10842,13
58905,47987,10842,18
58906,47988,10842,1
58907,47988,10877,27
58908,47989,11123,42
58909,47990,11123,6
58910,47990,11158,21
58911,47991,11158,33
58912,47992,11158,17
58913,47993,11684,47
58914,47994,11684,24
58915,47995,11684,21
58916,47995,11719,8
58917,47996,11719,40
58918,47997,10845,21
58919,47998,10845,28
58920,47999,10845,25
58921,47999,10880,22
58922,48000,10880,29
58923,48001,11301,36
58924,48002,11301,24
58925,48002,11336,1
58926,48003,11336,30
58927,48004,11336,46
58928,48005,10987,31
58929,48006,10987,55
58930,48007,10987,45
58931,48008,10987,9
58932,48008,11022,22
58933,48009,11373,26
58934,48010,11373,21
58935,48011,11373,21
58936,48012,11373,34
58937,48013,10674,61
58938,48014,10674,39
58939,48015,10674,18
58940,48016,10674,43
58941,48016,10709,7
58942,48017,11445,19
58943,48018,11445,24
58944,48019,11445,9
58945,48019,11480,13
58946,48020,11480,47
58947,48021,10711,6
58948,48021,10746,52
58949,48022,10746,24
58950,48023,10746,12
58951,48024,10746,39
58952,48025,10887,41
58953,48025,10922,25
58954,48026,10922,37
58955,48027,10922,19
58956,48028,10922,33
58957,48029,11273,58
58958,48030,11273,21
58959,48030,11308,2
58960,48031,11308,16
58961,48032,11308,47
58962,48033,11029,4
58963,48033,11064,90
58964,48034,11064,17
58965,48035,11064,19
58966,48036,11064,40
58967,48036,11099,18
58968,48037,10820,36
58969,48038,10820,27
58970,48039,10820,24
58971,48040,10820,51
58972,48041,11136,15
58973,48041,11171,26
58974,48042,11171,32
58975,48043,11171,24
58976,48044,11171,20
58977,48044,11206,10
58978,48045,11557,64
58979,48046,11557,54
58980,48047,11557,16
58981,48047,11592,17
58982,48048,11592,22
58983,48049,10893,82
58984,48050,10893,17
58985,48050,10928,2
58986,48051,10928,11
58987,48052,10928,24
58988,48053,10999,30
58989,48054,10999,42
58990,48055,10999,6
58991,48055,11034,11
58992,48056,11034,58
58993,48057,11245,17
58994,48058,11245,41
58995,48059,11245,22
58996,48059,11280,3
58997,48060,11280,46
58998,48061,11386,37
58999,48062,11386,31
59000,48063,11386,15
59001,48064,11386,21
59002,48064,11421,24
59003,48065,11107,26
59004,48065,11142,31
59005,48066,11142,37
59006,48067,11142,27
59007,48068,11142,25
59008,48069,11178,38
59009,48070,11178,22
59010,48071,11178,22
59011,48071,11213,29
59012,48072,11213,36
59013,48073,11004,40
59014,48074,11004,16
59015,48074,11039,3
59016,48075,11039,24
59017,48076,11039,43
59018,48077,10900,20
59019,48077,10935,34
59020,48078,10935,36
59021,48079,10935,21
59022,48080,10935,52
59023,48081,11041,53
59024,48082,11041,42
59025,48082,11076,6
59026,48083,11076,21
59027,48084,11076,36
59028,48085,11182,50
59029,48086,11182,24
59030,48087,11182,9
59031,48088,11182,20
59032,48089,11043,46
59033,48090,11043,7
59034,48090,11078,14
59035,48091,11078,11
59036,48092,11078,54
59037,48093,11604,30
59038,48094,11604,35
59039,48095,11604,19
59040,48096,11604,28
59041,48097,11465,26
59042,48098,11465,39
59043,48099,11465,17
59044,48100,11465,27
59045,48101,11151,38
59046,48102,11151,33
59047,48103,11151,19
59048,48104,11151,30
59049,48105,11572,47
59050,48106,11572,30
59051,48107,11572,22
59052,48108,11572,33
59053,48109,11503,24
59054,48110,11503,56
59055,48111,11503,13
59056,48112,11503,22
59057,48113,10664,32
59058,48114,10664,3
59059,48114,10699,16
59060,48115,10699,27
59061,48116,10699,38
59062,48117,11260,67
59063,48118,11260,5
59064,48118,11295,49
59065,48119,11295,26
59066,48120,11295,61
59067,48121,10946,18
59068,48121,10981,9
59069,48122,10981,54
59070,48123,10981,16
59071,48124,10981,30
59072,48125,10877,26
59073,48126,10877,18
59074,48127,10877,36
59075,48128,10877,22
59076,48129,11158,42
59077,48130,11158,47
59078,48131,11158,4
59079,48131,11193,9
59080,48132,11193,53
59081,48133,11719,48
59082,48134,11719,34
59083,48135,11719,31
59084,48136,11719,39
59085,48136,11754,5
59086,48137,10880,48
59087,48138,10880,44
59088,48139,10880,21
59089,48140,10880,28
59090,48140,10915,15
59091,48141,11336,31
59092,48142,11371,28
59093,48143,11371,28
59094,48144,11371,22
59095,48145,11022,41
59096,48146,11022,18
59097,48147,11022,22
59098,48148,11022,15
59099,48148,11057,13
59100,48149,11373,17
59101,48149,11408,39
59102,48150,11408,17
59103,48151,11408,24
59104,48152,11408,22
59105,48153,10709,33
59106,48154,10709,22
59107,48155,10709,33
59108,48156,10709,26
59109,48157,11480,40
59110,48158,11480,18
59111,48159,11480,27
59112,48160,11480,59
59113,48161,10746,82
59114,48162,10746,32
59115,48163,10746,40
59116,48164,10746,41
59117,48165,10922,18
59118,48165,10957,30
59119,48166,10957,20
59120,48167,10957,24
59121,48168,10957,51
59122,48169,11308,45
59123,48170,11308,20
59124,48171,11308,22
59125,48171,11343,8
59126,48172,11343,52
59127,48173,11099,35
59128,48174,11099,45
59129,48175,11099,15
59130,48176,11099,34
59131,48176,11134,9
59132,48177,10820,31
59133,48178,10820,54
59134,48178,10855,8
59135,48179,10855,32
59136,48180,10855,31
59137,48181,11206,32
59138,48182,11206,22
59139,48183,11206,27
59140,48184,11206,68
59141,48184,11241,9
59142,48185,11592,60
59143,48186,11592,20
59144,48187,11592,23
59145,48188,11592,25
59146,48189,10928,24
59147,48190,10928,32
59148,48191,10928,50
59149,48192,10928,2
59150,48192,10963,63
59151,48193,11034,48
59152,48194,11034,46
59153,48195,11034,23
59154,48195,11069,12
59155,48196,11069,24
59156,48197,11280,38
59157,48198,11280,57
59158,48199,11280,4
59159,48199,11315,35
59160,48200,11315,38
59161,48201,11421,32
59162,48202,11421,21
59163,48203,11421,15
59164,48204,11421,27
59165,48205,11142,28
59166,48205,11177,26
59167,48206,11177,30
59168,48207,11177,34
59169,48208,11177,39
59170,48209,11213,35
59171,48210,11213,34
59172,48211,11213,22
59173,48212,11213,5
59174,48212,11248,17
59175,48213,11039,45
59176,48214,11039,43
59177,48215,11039,27
59178,48215,11074,5
59179,48216,11074,25
59180,48217,10935,13
59181,48217,10970,19
59182,48218,10970,27
59183,48219,10970,16
59184,48220,10970,28
59185,48221,11076,40
59186,48222,11076,26
59187,48223,11076,36
59188,48223,11111,1
59189,48224,11111,16
59190,48225,11182,8
59191,48225,11217,36
59192,48226,11217,23
59193,48227,11217,51
59194,48228,11217,32
59195,48229,11078,27
59196,48230,11078,17
59197,48231,11078,11
59198,48232,11078,19
59199,48233,11604,24
59200,48234,11604,41
59201,48235,11604,19
59202,48235,11639,23
59203,48236,11639,28
59204,48237,11465,36
59205,48237,11500,2
59206,48238,11500,20
59207,48239,11500,28
59208,48240,11500,46
59209,48241,11151,39
59210,48242,11151,4
59211,48242,11186,32
59212,48243,11186,36
59213,48244,11186,34
59214,48245,11572,40
59215,48245,11607,4
59216,48246,11607,40
59217,48247,11607,27
59218,48248,11607,47
59219,48249,11503,55
59220,48249,11538,33
59221,48250,11538,30
59222,48251,11538,32
59223,48252,11538,46
59224,48253,10699,44
59225,48254,10699,87
59226,48255,10699,29
59227,48256,10699,57
59228,48257,11295,28
59229,48257,11330,22
59230,48258,11330,24
59231,48259,11330,35
59232,48260,11330,61
59233,48261,10981,21
59234,48261,11016,7
59235,48262,11016,37
59236,48263,11016,18
59237,48264,11016,44
59238,48265,10877,23
59239,48266,10877,17
59240,48266,10912,8
59241,48267,10912,18
59242,48268,10912,50
59243,48269,11193,37
59244,48270,11193,45
59245,48271,11193,40
59246,48272,11193,7
59247,48272,11228,29
59248,48273,11754,43
59249,48274,11754,49
59250,48275,11754,25
59251,48276,11754,35
59252,48277,10915,35
59253,48278,10915,34
59254,48279,10915,21
59255,48280,10915,47
59256,48281,11371,45
59257,48282,11371,27
59258,48282,11406,22
59259,48283,11406,19
59260,48284,11406,19
59261,48285,11057,52
59262,48286,11057,45
59263,48287,11057,37
59264,48288,11057,31
59265,48288,11092,17
59266,48289,11408,46
59267,48290,11408,42
59268,48291,11408,24
59269,48292,11408,8
59270,48292,11443,10
59271,48293,10709,23
59272,48294,10709,42
59273,48295,10709,31
59274,48296,10709,12
59275,48296,10744,37
59276,48297,11480,17
59277,48297,11515,36
59278,48298,11515,46
59279,48299,11515,34
59280,48300,11515,54
59281,48301,10746,6
59282,48301,10781,6
59283,48302,10781,48
59284,48303,10781,29
59285,48304,10781,43
59286,48305,10957,13
59287,48305,10992,32
59288,48306,10992,42
59289,48307,10992,10
59290,48308,10992,45
59291,48308,11027,18
59292,48309,11343,32
59293,48310,11343,20
59294,48310,11378,12
59295,48311,11378,49
59296,48312,11378,68
59297,48313,11134,59
59298,48314,11134,25
59299,48315,11134,23
59300,48315,11169,23
59301,48316,11169,35
59302,48317,10855,31
59303,48318,10855,16
59304,48318,10890,38
59305,48319,10890,24
59306,48320,10890,39
59307,48321,11241,29
59308,48322,11241,52
59309,48323,11241,49
59310,48324,11241,28
59311,48324,11276,50
59312,48325,11592,50
59313,48326,11592,23
59314,48327,11627,33
59315,48328,11627,45
59316,48329,10963,51
59317,48330,10963,1
59318,48330,10998,32
59319,48331,10998,22
59320,48332,10998,62
59321,48333,11069,80
59322,48333,11104,11
59323,48334,11104,47
59324,48335,11104,13
59325,48336,11104,20
59326,48336,11139,11
59327,48337,11315,69
59328,48337,11350,38
59329,48338,11350,51
59330,48339,11350,8
59331,48340,11350,48
59332,48341,11421,49
59333,48342,11421,47
59334,48343,11421,5
59335,48343,11456,29
59336,48344,11456,47
59337,48345,11177,38
59338,48346,11177,17
59339,48347,11177,16
59340,48347,11212,28
59341,48348,11212,38
59342,48349,11248,57
59343,48350,11248,63
59344,48351,11248,27
59345,48352,11248,68
59346,48352,11283,2
59347,48353,11074,94
59348,48354,11074,8
59349,48354,11109,22
59350,48355,11109,47
59351,48356,11109,35
59352,48356,11144,3
59353,48357,10970,15
59354,48357,11005,87
59355,48358,11005,37
59356,48359,11005,13
59357,48359,11040,27
59358,48360,11040,16
59359,48361,11111,62
59360,48362,11111,22
59361,48363,11111,35
59362,48364,11111,5
59363,48364,11146,70
59364,48365,11217,13
59365,48365,11252,9
59366,48366,11252,23
59367,48367,11252,13
59368,48368,11252,20
59369,48369,11078,41
59370,48369,11113,38
59371,48370,11113,45
59372,48371,11113,39
59373,48372,11113,24
59374,48373,11639,57
59375,48374,11639,37
59376,48375,11639,31
59377,48376,11639,43
59378,48377,11500,45
59379,48378,11500,22
59380,48379,11500,29
59381,48380,11500,6
59382,48380,11535,36
59383,48381,11186,16
59384,48381,11221,39
59385,48382,11221,47
59386,48383,11221,34
59387,48384,11221,6
59388,48384,11256,55
59389,48385,11607,22
59390,48386,11607,46
59391,48387,11607,19
59392,48388,11607,48
59393,48389,11538,31
59394,48390,11538,44
59395,48390,11573,16
59396,48391,11573,35
59397,48392,11573,59
59398,48393,10699,5
59399,48393,10734,59
59400,48394,10734,28
59401,48395,10734,21
59402,48396,10734,32
59403,48397,11330,27
59404,48397,11365,14
59405,48398,11365,28
59406,48399,11365,39
59407,48400,11365,52
59408,48401,11016,47
59409,48401,11051,36
59410,48402,11051,42
59411,48403,11051,20
59412,48404,11051,64
59413,48405,10912,45
59414,48406,10912,33
59415,48406,10947,13
59416,48407,10947,16
59417,48408,10947,63
59418,48409,11228,61
59419,48410,11228,31
59420,48410,11263,6
59421,48411,11263,36
59422,48412,11263,53
59423,48413,11754,83
59424,48414,11754,21
59425,48414,11789,20
59426,48415,11789,16
59427,48416,11789,40
59428,48417,10915,33
59429,48418,10915,34
59430,48418,10950,1
59431,48419,10950,30
59432,48420,10950,47
59433,48421,11406,45
59434,48422,11406,26
59435,48423,11406,18
59436,48424,11406,25
59437,48425,11092,28
59438,48426,11092,47
59439,48427,11092,26
59440,48427,11127,25
59441,48428,11127,72
59442,48429,11443,63
59443,48430,11443,38
59444,48431,11443,24
59445,48432,11443,38
59446,48433,10744,63
59447,48434,10744,40
59448,48435,10744,40
59449,48436,10744,73
59450,48437,11515,81
59451,48438,11515,7
59452,48438,11550,23
59453,48439,11550,20
59454,48440,11550,72
59455,48441,10781,54
59456,48442,10781,43
59457,48443,10781,20
59458,48444,10781,66
59459,48444,10816,26
59460,48445,11027,59
59461,48446,11027,29
59462,48446,11062,8
59463,48447,11062,33
59464,48448,11062,92
59465,48448,11097,1
59466,48449,11378,34
59467,48449,11413,46
59468,48450,11413,15
59469,48451,11413,32
59470,48452,11413,55
59471,48453,11169,57
59472,48454,11169,47
59473,48454,11204,5
59474,48455,11204,43
59475,48456,11204,84
59476,48457,10890,17
59477,48458,10890,55
59478,48459,10890,11
59479,48459,10925,32
59480,48460,10925,59
59481,48461,11276,59
59482,48462,11276,24
59483,48462,11311,54
59484,48463,11311,19
59485,48464,11311,41
59486,48465,11627,50
59487,48466,11627,56
59488,48467,11627,50
59489,48468,11627,14
59490,48468,11662,41
59491,48469,10998,25
59492,48469,11033,64
59493,48470,11033,54
59494,48470,11068,1
59495,48471,11068,24
59496,48472,11068,61
59497,48472,11103,37
59498,48473,11139,63
59499,48474,11139,63
59500,48475,11139,14
59501,48475,11174,28
59502,48476,11174,60
59503,48477,11350,57
59504,48477,11385,2
59505,48478,11385,53
59506,48479,11385,27
59507,48480,11385,55
59508,48481,11456,40
59509,48482,11456,27
59510,48482,11491,20
59511,48483,11491,41
59512,48484,11491,33
59513,48485,11212,69
59514,48486,11212,41
59515,48487,11212,2
59516,48487,11247,28
59517,48488,11247,78
59518,48489,11283,47
59519,48490,11283,47
59520,48491,11283,68
59521,48491,11318,1
59522,48492,11318,48
59523,48493,11144,104
59524,48494,11144,41
59525,48494,11179,46
59526,48495,11179,33
59527,48496,11179,19
59528,48496,11214,26
59529,48497,11040,85
59530,48498,11040,32
59531,48498,11075,35
59532,48499,11075,60
59533,48499,11110,9
59534,48500,11110,77
59535,48501,11146,64
59536,48502,11146,31
59537,48502,11181,43
59538,48503,11181,16
59539,48504,11181,38
59540,48505,11252,49
59541,48506,11252,48
59542,48507,11252,37
59543,48508,11252,14
59544,48508,11287,47
59545,48509,11113,50
59546,48509,11148,4
59547,48510,11148,36
59548,48511,11148,32
59549,48512,11148,41
59550,48513,11639,80
59551,48514,11639,36
59552,48515,11639,7
59553,48515,11674,28
59554,48516,11674,36
59555,48517,11535,42
59556,48518,11535,22
59557,48519,11535,48
59558,48520,11535,36
59559,48521,11256,32
59560,48522,11256,52
59561,48523,11256,42
59562,48523,11291,12
59563,48524,11291,65
59564,48525,11607,2
59565,48525,11642,69
59566,48526,11642,40
59567,48527,11642,75
59568,48528,11642,37
59569,48529,11573,31
59570,48530,11573,48
59571,48531,11573,28
59572,48532,11573,45
59573,48533,10734,76
59574,48534,10734,31
59575,48535,10734,20
59576,48536,10734,46
59577,48537,11365,29
59578,48537,11400,28
59579,48538,11400,42
59580,48539,11400,21
59581,48540,11400,70
59582,48541,11051,1
59583,48541,11086,89
59584,48542,11086,58
59585,48543,11086,14
59586,48543,11121,26
59587,48544,11121,28
59588,48545,10947,23
59589,48545,10982,34
59590,48546,10982,74
59591,48547,10982,42
59592,48548,10982,15
59593,48548,11017,27
59594,48549,11263,48
59595,48550,11263,46
59596,48551,11298,19
59597,48552,11298,64
59598,48553,11789,58
59599,48554,11789,61
59600,48555,11789,20
59601,48556,11789,41
59602,48557,10950,57
59603,48558,10950,40
59604,48558,10985,36
59605,48559,10985,45
59606,48560,10985,42
59607,48561,11406,30
59608,48561,11441,14
59609,48562,11441,51
59610,48563,11441,55
59611,48564,11441,52
59612,48565,11127,78
59613,48566,11127,14
59614,48566,11162,45
59615,48567,11162,51
59616,48568,11162,50
59617,48569,11443,47
59618,48570,11443,12
59619,48570,11478,18
59620,48571,11478,41
59621,48572,11478,66
59622,48573,10744,8
59623,48573,10779,37
59624,48574,10779,42
59625,48575,10779,30
59626,48576,10779,66
59627,48577,11550,37
59628,48577,11585,26
59629,48578,11585,61
59630,48579,11585,30
59631,48580,11585,96
59632,48580,11620,5
59633,48581,10816,111
59634,48582,10816,86
59635,48583,10816,47
59636,48584,10816,26
59637,48585,11097,81
59638,48586,11097,53
59639,48587,11097,27
59640,48587,11132,5
59641,48588,11132,70
59642,48589,11413,67
59643,48590,11413,19
59644,48590,11448,33
59645,48591,11448,71
59646,48592,11448,32
59647,48593,11204,19
59648,48593,11239,25
59649,48594,11239,56
59650,48595,11239,51
59651,48596,11239,107
59652,48597,10925,84
59653,48597,10960,52
59654,48598,10960,83
59655,48599,10960,15
59656,48599,10995,61
59657,48600,10995,28
59658,48601,11311,48
59659,48602,11311,12
59660,48602,11346,71
59661,48603,11346,47
59662,48604,11346,35
59663,48604,11381,7
59664,48605,11662,68
59665,48606,11662,46
59666,48607,11662,20
59667,48607,11697,22
59668,48608,11697,69
59669,48609,11103,63
59670,48610,11103,43
59671,48611,11103,5
59672,48611,11138,38
59673,48612,11138,72
59674,48613,11174,47
59675,48614,11174,43
59676,48614,11209,9
59677,48615,11209,56
59678,48616,11209,41
59679,48617,11385,108
59680,48617,11420,5
59681,48618,11420,97
59682,48619,11420,64
59683,48619,11455,5
59684,48620,11455,78
59685,48621,11491,52
59686,48622,11491,37
59687,48622,11526,16
59688,48623,11526,34
59689,48624,11526,58
59690,48625,11247,56
59691,48625,11282,77
59692,48626,11282,72
59693,48626,11317,8
59694,48627,11317,24
59695,48628,11317,43
59696,48629,11318,55
59697,48630,11318,50
59698,48631,11318,16
59699,48631,11353,22
59700,48632,11353,107
59701,48633,11214,69
59702,48634,11214,70
59703,48635,11214,31
59704,48635,11249,14
59705,48636,11249,114
59706,48637,11110,53
59707,48637,11145,57
59708,48638,11145,31
59709,48639,11145,14
59710,48640,11145,44
59711,48641,11181,30
59712,48641,11216,18
59713,48642,11216,81
59714,48643,11216,61
59715,48644,11216,4
59716,48644,11251,91
59717,48645,11287,68
59718,48646,11287,23
59719,48646,11322,40
59720,48647,11322,54
59721,48648,11322,85
59722,48649,11148,16
59723,48649,11183,88
59724,48650,11183,43
59725,48651,11183,46
59726,48651,11218,2
59727,48652,11218,25
59728,48653,11674,94
59729,48654,11674,43
59730,48655,11674,36
59731,48655,11709,20
59732,48656,11709,70
59733,48657,11535,64
59734,48657,11570,8
59735,48658,11570,61
59736,48659,11570,8
59737,48660,11570,42
59738,48661,11291,80
59739,48661,11326,11
59740,48662,11326,102
59741,48663,11326,18
59742,48663,11361,66
59743,48664,11361,87
59744,48664,11396,27
59745,48665,11642,13
59746,48665,11677,109
59747,48666,11677,50
59748,48667,11677,45
59749,48667,11712,30
59750,48668,11712,66
59751,48669,11573,34
59752,48669,11608,47
59753,48670,11608,108
59754,48671,11608,18
59755,48671,11643,26
59756,48672,11643,78
59757,48673,10734,21
59758,48673,10769,42
59759,48674,10769,70
59760,48675,10769,43
59761,48676,10769,100
59762,48676,10804,2
59763,48677,11400,16
59764,48677,11435,77
59765,48678,11435,39
59766,48679,11435,22
59767,48680,11435,57
59768,48680,11470,32
59769,48681,11121,90
59770,48682,11121,19
59771,48682,11156,80
59772,48683,11156,36
59773,48684,11156,6
59774,48684,11191,41
59775,48685,11017,45
59776,48686,11017,41
59777,48687,11017,31
59778,48688,11017,3
59779,48688,11052,62
59780,48689,11298,60
59781,48689,11333,40
59782,48690,11333,80
59783,48691,11333,51
59784,48692,11333,31
59785,48692,11368,22
59786,48693,11789,32
59787,48693,11824,64
59788,48694,11824,54
59789,48695,11824,69
59790,48696,11824,91
59791,48697,10985,44
59792,48697,11020,40
59793,48698,11020,84
59794,48698,11055,1
59795,48699,11055,76
59796,48700,11055,64
59797,48701,11441,33
59798,48701,11476,26
59799,48702,11476,55
59800,48703,11476,37
59801,48704,11476,87
59802,48705,11162,32
59803,48705,11197,52
59804,48706,11197,60
59805,48707,11197,48
59806,48707,11232,4
59807,48708,11232,90
59808,48709,11478,93
59809,48709,11513,1
59810,48710,11513,95
59811,48711,11513,55
59812,48712,11513,92
59813,48713,10779,113
59814,48714,10779,4
59815,48714,10814,32
59816,48715,10814,47
59817,48716,10814,88
59818,48717,11620,91
59819,48718,11620,48
59820,48719,11620,42
59821,48720,11620,18
59822,48720,11655,71
59823,48721,10816,20
59824,48721,10851,43
59825,48722,10851,60
59826,48723,10851,33
59827,48724,10851,35
59828,48724,10886,27
59829,48725,11132,114
59830,48726,11132,1
59831,48726,11167,91
59832,48727,11167,34
59833,48728,11167,16
59834,48728,11202,53
59835,48729,11448,61
59836,48729,11483,22
59837,48730,11483,74
59838,48731,11483,52
59839,48731,11518,9
59840,48732,11518,39
59841,48733,11239,7
59842,48733,11274,62
59843,48734,11274,75
59844,48734,11309,26
59845,48735,11309,29
59846,48736,11309,101
59847,48737,10995,51
59848,48738,11030,72
59849,48739,11030,42
59850,48740,11030,37
59851,48741,11381,143
59852,48742,11381,50
59853,48742,11416,8
59854,48743,11416,32
59855,48744,11416,21
59856,48745,11697,71
59857,48746,11697,59
59858,48747,11697,38
59859,48747,11732,5
59860,48748,11732,59
59861,48749,11138,8
59862,48749,11173,78
59863,48750,11173,32
59864,48751,11173,43
59865,48751,11208,3
59866,48752,11208,27
59867,48753,11209,40
59868,48753,11244,32
59869,48754,11244,59
59870,48755,11244,20
59871,48756,11244,42
59872,48756,11279,11
59873,48757,11455,68
59874,48757,11490,92
59875,48758,11490,60
59876,48758,11525,9
59877,48759,11525,35
59878,48760,11525,71
59879,48761,11526,52
59880,48761,11561,27
59881,48762,11561,57
59882,48763,11561,51
59883,48764,11561,18
59884,48764,11596,22
59885,48765,11317,69
59886,48766,11317,8
59887,48766,11352,51
59888,48767,11352,13
59889,48768,11352,62
59890,48769,11353,65
59891,48770,11353,4
59892,48770,11388,31
59893,48771,11388,42
59894,48772,11388,58
59895,48773,11249,34
59896,48773,11284,7
59897,48774,11284,37
59898,48775,11284,22
59899,48776,11284,82
59900,48777,11145,1
59901,48777,11180,87
59902,48778,11180,28
59903,48779,11180,18
59904,48779,11215,48
59905,48780,11215,43
59906,48781,11251,52
59907,48781,11286,57
59908,48782,11286,41
59909,48783,11286,7
59910,48784,11286,73
59911,48785,11322,30
59912,48785,11357,81
59913,48786,11357,69
59914,48787,11357,5
59915,48787,11392,22
59916,48788,11392,67
59917,48789,11218,76
59918,48790,11218,61
59919,48791,11218,41
59920,48791,11253,5
59921,48792,11253,61
59922,48793,11709,89
59923,48794,11709,46
59924,48795,11709,9
59925,48795,11744,34
59926,48796,11744,80
59927,48797,11570,77
59928,48798,11570,43
59929,48799,11570,19
59930,48799,11605,33
59931,48800,11605,73
59932,48801,11396,92
59933,48802,11396,24
59934,48803,11396,44
59935,48804,11396,13
59936,48805,11712,79
59937,48806,11712,57
59938,48807,11712,13
59939,48807,11747,12
59940,48808,11747,61
59941,48809,11643,84
59942,48810,11643,12
59943,48810,11678,52
59944,48811,11678,49
59945,48812,11678,54
59946,48813,10804,72
59947,48814,10804,33
59948,48815,10804,32
59949,48816,10804,64
59950,48817,11470,86
59951,48818,11470,27
59952,48819,11470,26
59953,48820,11470,45
59954,48820,11505,19
59955,48821,11191,74
59956,48822,11191,35
59957,48823,11191,22
59958,48823,11226,6
59959,48824,11226,38
59960,48825,11052,58
59961,48825,11087,7
59962,48826,11087,92
59963,48827,11087,49
59964,48828,11087,17
59965,48828,11122,42
59966,48829,11368,91
59967,48830,11368,8
59968,48830,11403,32
59969,48831,11403,38
59970,48832,11403,61
59971,48833,11824,50
59972,48833,11859,31
59973,48834,11859,75
59974,48835,11859,33
59975,48836,11859,83
59976,48836,11894,3
59977,48837,11055,35
59978,48838,11055,25
59979,48838,11090,43
59980,48839,11090,40
59981,48840,11090,28
59982,48840,11125,56
59983,48841,11476,39
59984,48841,11511,12
59985,48842,11511,25
59986,48843,11511,52
59987,48844,11511,52
59988,48845,11232,101
59989,48845,11267,25
59990,48846,11267,12
59991,48847,11267,42
59992,48848,11267,44
59993,48848,11302,22
59994,48849,11513,20
59995,48849,11548,110
59996,48850,11548,36
59997,48851,11548,50
59998,48852,11548,8
59999,48852,11583,43
60000,48853,10814,37
60001,48854,10814,46
60002,48855,10814,20
60003,48856,10814,49
60004,48857,11655,71
60005,48858,11655,63
60006,48859,11655,58
60007,48859,11690,11
60008,48860,11690,46
60009,48861,10886,65
60010,48862,10886,11
60011,48863,10886,42
60012,48864,10886,26
60013,48865,11202,27
60014,48866,11202,45
60015,48867,11202,19
60016,48868,11202,40
60017,48868,11237,6
60018,48869,11518,37
60019,48870,11518,29
60020,48871,11518,22
60021,48872,11518,30
60022,48872,11553,10
60023,48873,11309,24
60024,48873,11344,14
60025,48874,11344,26
60026,48875,11344,38
60027,48876,11344,41
60028,48877,11030,33
60029,48878,11030,29
60030,48879,11030,18
60031,48879,11065,2
60032,48880,11065,39
60033,48881,11416,40
60034,48882,11416,13
60035,48883,11416,11
60036,48883,11451,25
60037,48884,11451,40
60038,48885,11732,38
60039,48886,11732,27
60040,48887,11732,27
60041,48888,11732,53
60042,48889,11208,21
60043,48890,11208,44
60044,48891,11208,34
60045,48892,11208,11
60046,48893,11279,38
60047,48894,11279,23
60048,48895,11279,27
60049,48896,11279,24
60050,48897,11525,40
60051,48897,11560,17
60052,48898,11560,35
60053,48899,11560,15
60054,48900,11560,33
60055,48901,11596,68
60056,48902,11596,25
60057,48903,11596,17
60058,48904,11596,27
60059,48905,11352,55
60060,48906,11352,3
60061,48906,11387,16
60062,48907,11387,33
60063,48908,11387,21
60064,48909,11388,47
60065,48909,11423,13
60066,48910,11423,40
60067,48911,11423,25
60068,48912,11423,45
60069,48913,11284,17
60070,48913,11319,25
60071,48914,11319,21
60072,48915,11319,30
60073,48916,11319,27
60074,48917,11215,28
60075,48917,11250,21
60076,48918,11250,18
60077,48919,11250,20
60078,48920,11250,35
60079,48921,11286,29
60080,48921,11321,17
60081,48922,11321,38
60082,48923,11321,11
60083,48924,11321,31
60084,48925,11392,45
60085,48926,11392,15
60086,48927,11392,17
60087,48928,11392,24
60088,48929,11253,96
60089,48930,11253,30
60090,48930,11288,7
60091,48931,11288,14
60092,48932,11288,63
60093,48933,11744,22
60094,48934,11744,28
60095,48935,11744,11
60096,48936,11744,20
60097,48937,11605,33
60098,48938,11605,20
60099,48939,11605,31
60100,48940,11605,50
60101,48940,11640,3
60102,48941,11396,8
60103,48941,11431,17
60104,48942,11431,28
60105,48943,11431,22
60106,48944,11431,25
60107,48945,11747,53
60108,48946,11747,29
60109,48947,11747,63
60110,48948,11747,32
60111,48949,11678,68
60112,48950,11678,5
60113,48950,11713,22
60114,48951,11713,20
60115,48952,11713,26
60116,48953,10804,32
60117,48954,10804,16
60118,48955,10804,8
60119,48956,10804,30
60120,48957,11505,36
60121,48958,11505,10
60122,48959,11505,33
60123,48960,11505,33
60124,48961,11226,27
60125,48962,11226,24
60126,48963,11226,31
60127,48964,11226,52
60128,48965,11122,41
60129,48966,11122,12
60130,48967,11122,23
60131,48967,11157,3
60132,48968,11157,34
60133,48969,11403,9
60134,48969,11438,38
60135,48970,11438,32
60136,48971,11438,16
60137,48972,11438,20
60138,48973,11894,29
60139,48974,11894,42
60140,48975,11894,25
60141,48976,11894,37
60142,48977,11125,41
60143,48978,11125,41
60144,48979,11125,26
60145,48979,11160,11
60146,48980,11160,22
60147,48981,11511,57
60148,48982,11511,22
60149,48983,11511,18
60150,48983,11546,7
60151,48984,11546,16
60152,48985,11302,42
60153,48986,11302,46
60154,48987,11302,38
60155,48988,11302,42
60156,48988,11337,19
60157,48989,11583,36
60158,48990,11583,53
60159,48991,11583,34
60160,48992,11583,38
60161,48993,10814,30
60162,48993,10849,3
60163,48994,10849,30
60164,48995,10849,12
60165,48996,10849,34
60166,48997,11690,40
60167,48998,11690,26
60168,48999,11690,24
60169,49000,11690,32
60170,49001,10886,28
60171,49001,10921,13
60172,49002,10921,43
60173,49003,10921,18
60174,49004,10921,40
60175,49005,11237,50
60176,49006,11237,19
60177,49007,11237,15
60178,49008,11237,42
60179,49009,11553,40
60180,49010,11553,39
60181,49011,11553,25
60182,49012,11553,35
60183,49013,11344,37
60184,49014,11344,29
60185,49015,11344,3
60186,49015,11379,12
60187,49016,11379,48
60188,49017,11065,47
60189,49018,11065,12
60190,49019,11065,32
60191,49020,11065,43
60192,49020,11100,1
60193,49021,11451,52
60194,49022,11451,27
60195,49023,11451,17
60196,49024,11451,65
60197,49025,11732,31
60198,49026,11732,23
60199,49027,11732,29
60200,49028,11732,32
60201,49029,11208,32
60202,49029,11243,33
60203,49030,11243,54
60204,49031,11243,34
60205,49032,11243,29
60206,49033,11279,34
60207,49033,11314,31
60208,49034,11314,20
60209,49035,11314,32
60210,49036,11314,42
60211,49037,11560,46
60212,49038,11560,46
60213,49039,11560,9
60214,49039,11595,4
60215,49040,11595,55
60216,49041,11596,50
60217,49042,11596,18
60218,49043,11596,13
60219,49043,11631,13
60220,49044,11631,39
60221,49045,11387,27
60222,49046,11387,30
60223,49047,11387,11
60224,49048,11387,21
60225,49049,11423,21
60226,49050,11423,18
60227,49051,11423,15
60228,49052,11423,27
60229,49053,11319,34
60230,49054,11319,26
60231,49055,11319,18
60232,49056,11319,2
60233,49056,11354,30
60234,49057,11250,45
60235,49058,11250,27
60236,49059,11250,15
60237,49060,11250,20
60238,49061,11321,35
60239,49061,11356,20
60240,49062,11356,42
60241,49063,11356,40
60242,49064,11356,33
60243,49065,11392,22
60244,49065,11427,11
60245,49066,11427,47
60246,49067,11427,19
60247,49068,11427,48
60248,49069,11288,38
60249,49070,11288,28
60250,49071,11288,19
60251,49072,11288,28
60252,49073,11744,36
60253,49074,11744,20
60254,49075,11744,15
60255,49076,11744,30
60256,49077,11640,48
60257,49078,11640,20
60258,49079,11640,19
60259,49080,11640,56
60260,49081,11431,28
60261,49082,11431,26
60262,49083,11431,26
60263,49083,11466,1
60264,49084,11466,35
60265,49085,11747,37
60266,49086,11747,22
60267,49087,11747,19
60268,49088,11747,8
60269,49088,11782,33
60270,49089,11713,62
60271,49090,11713,19
60272,49091,11713,31
60273,49092,11713,32
60274,49093,10804,55
60275,49094,10804,12
60276,49094,10839,28
60277,49095,10839,40
60278,49096,10839,33
60279,49097,11505,37
60280,49098,11505,26
60281,49099,11505,10
60282,49099,11540,1
60283,49100,11540,57
60284,49101,11226,8
60285,49101,11261,33
60286,49102,11261,20
60287,49103,11261,24
60288,49104,11261,56
60289,49105,11157,52
60290,49106,11157,21
60291,49107,11157,33
60292,49107,11192,5
60293,49108,11192,28
60294,49109,11438,44
60295,49109,11473,34
60296,49110,11473,26
60297,49111,11473,11
60298,49112,11473,38
60299,49113,11894,58
60300,49114,11894,16
60301,49115,11894,10
60302,49116,11894,25
60303,49117,11160,19
60304,49118,11160,13
60305,49119,11160,22
60306,49120,11160,31
60307,49121,11546,81
60308,49122,11546,32
60309,49123,11546,13
60310,49124,11546,28
60311,49125,11337,40
60312,49126,11337,57
60313,49127,11337,23
60314,49127,11372,4
60315,49128,11372,24
60316,49129,11583,38
60317,49129,11618,4
60318,49130,11618,11
60319,49131,11618,34
60320,49132,11618,43
60321,49133,10849,25
60322,49134,10849,21
60323,49135,10849,44
60324,49136,10849,60
60325,49137,11690,2
60326,49137,11725,37
60327,49138,11725,36
60328,49139,11725,25
60329,49140,11725,52
60330,49141,10921,39
60331,49141,10956,20
60332,49142,10956,45
60333,49143,10956,22
60334,49144,10956,37
60335,49145,11237,24
60336,49145,11272,13
60337,49146,11272,20
60338,49147,11272,30
60339,49148,11272,47
60340,49149,11553,16
60341,49150,11553,59
60342,49151,11553,32
60343,49152,11553,9
60344,49152,11588,16
60345,49153,11379,73
60346,49154,11379,40
60347,49155,11379,11
60348,49155,11414,5
60349,49156,11414,22
60350,49157,11100,34
60351,49158,11100,21
60352,49159,11100,37
60353,49160,11100,16
60354,49161,11451,40
60355,49161,11486,45
60356,49162,11486,41
60357,49163,11486,22
60358,49164,11486,37
60359,49165,11732,21
60360,49166,11732,24
60361,49167,11732,12
60362,49167,11767,15
60363,49168,11767,42
60364,49169,11243,55
60365,49169,11278,33
60366,49170,11278,36
60367,49171,11278,33
60368,49172,11278,46
60369,49173,11314,26
60370,49174,11314,17
60371,49175,11314,12
60372,49175,11349,11
60373,49176,11349,29
60374,49177,11595,77
60375,49178,11595,51
60376,49179,11595,18
60377,49180,11595,49
60378,49181,11631,60
60379,49182,11631,46
60380,49183,11631,24
60381,49184,11631,25
60382,49185,11387,27
60383,49185,11422,55
60384,49186,11422,47
60385,49187,11422,34
60386,49188,11422,61
60387,49189,11423,5
60388,49189,11458,47
60389,49190,11458,21
60390,49191,11458,32
60391,49192,11458,47
60392,49193,11354,56
60393,49194,11354,26
60394,49195,11354,14
60395,49196,11354,20
60396,49197,11250,1
60397,49197,11285,57
60398,49198,11285,25
60399,49199,11285,25
60400,49200,11285,30
60401,49201,11356,56
60402,49202,11356,4
60403,49202,11391,21
60404,49203,11391,39
60405,49204,11391,35
60406,49205,11427,52
60407,49206,11427,30
60408,49207,11427,6
60409,49207,11462,22
60410,49208,11462,71
60411,49209,11288,8
60412,49209,11323,31
60413,49210,11323,30
60414,49211,11323,22
60415,49212,11323,36
60416,49213,11744,20
60417,49213,11779,22
60418,49214,11779,20
60419,49215,11779,25
60420,49216,11779,37
60421,49217,11640,46
60422,49218,11640,23
60423,49219,11640,58
60424,49220,11640,24
60425,49220,11675,34
60426,49221,11466,91
60427,49222,11466,29
60428,49223,11466,24
60429,49224,11466,15
60430,49224,11501,17
60431,49225,11782,54
60432,49226,11782,29
60433,49227,11782,18
60434,49228,11782,17
60435,49229,11713,68
60436,49229,11748,16
60437,49230,11748,12
60438,49231,11748,33
60439,49232,11748,33
60440,49233,10839,19
60441,49234,10839,54
60442,49234,10874,1
60443,49235,10874,16
60444,49236,10874,22
60445,49237,11540,59
60446,49238,11540,19
60447,49238,11575,24
60448,49239,11575,11
60449,49240,11575,31
60450,49241,11261,19
60451,49241,11296,17
60452,49242,11296,41
60453,49243,11296,17
60454,49244,11296,26
60455,49245,11192,63
60456,49246,11192,43
60457,49246,11227,5
60458,49247,11227,7
60459,49248,11227,37
60460,49249,11473,52
60461,49250,11473,20
60462,49250,11508,23
60463,49251,11508,20
60464,49252,11508,69
60465,49253,11894,55
60466,49254,11894,3
60467,49254,11929,28
60468,49255,11929,15
60469,49256,11929,31
60470,49257,11160,2
60471,49257,11195,31
60472,49258,11195,35
60473,49259,11195,53
60474,49260,11195,30
60475,49261,11546,44
60476,49262,11546,21
60477,49262,11581,47
60478,49263,11581,46
60479,49264,11581,36
60480,49265,11372,17
60481,49266,11372,19
60482,49267,11372,33
60483,49268,11372,30
60484,49269,11618,70
60485,49270,11618,25
60486,49271,11618,37
60487,49272,11618,18
60488,49273,10849,22
60489,49273,10884,35
60490,49274,10884,30
60491,49275,10884,27
60492,49276,10884,14
60493,49277,11725,36
60494,49278,11725,45
60495,49278,11760,3
60496,49279,11760,26
60497,49280,11760,17
60498,49281,10956,12
60499,49281,10991,25
60500,49282,10991,42
60501,49283,10991,15
60502,49284,10991,40
60503,49285,11272,81
60504,49285,11307,13
60505,49286,11307,36
60506,49287,11307,45
60507,49288,11307,34
60508,49289,11588,71
60509,49290,11588,12
60510,49291,11588,43
60511,49292,11588,36
60512,49293,11414,62
60513,49294,11414,12
60514,49295,11414,35
60515,49296,11414,33
60516,49296,11449,1
60517,49297,11100,36
60518,49298,11100,7
60519,49298,11135,43
60520,49299,11135,25
60521,49300,11135,34
60522,49301,11486,58
60523,49302,11486,27
60524,49302,11521,27
60525,49303,11521,49
60526,49304,11521,73
60527,49305,11767,50
60528,49306,11767,54
60529,49307,11767,34
60530,49308,11767,31
60531,49309,11278,4
60532,49309,11313,34
60533,49310,11313,29
60534,49311,11313,39
60535,49312,11313,27
60536,49312,11348,14
60537,49313,11349,41
60538,49314,11349,51
60539,49315,11349,48
60540,49316,11349,1
60541,49316,11384,79
60542,49317,11595,9
60543,49317,11630,51
60544,49318,11630,39
60545,49319,11630,61
60546,49320,11630,60
60547,49320,11665,5
60548,49321,11631,32
60549,49322,11631,28
60550,49323,11631,11
60551,49323,11666,25
60552,49324,11666,56
60553,49325,11422,19
60554,49326,11422,19
60555,49326,11457,11
60556,49327,11457,18
60557,49328,11457,58
60558,49329,11458,48
60559,49330,11458,10
60560,49330,11493,24
60561,49331,11493,36
60562,49332,11493,36
60563,49333,11354,16
60564,49333,11389,69
60565,49334,11389,55
60566,49335,11389,20
60567,49335,11424,25
60568,49336,11424,47
60569,49337,11285,42
60570,49338,11285,38
60571,49339,11285,4
60572,49339,11320,58
60573,49340,11320,29
60574,49341,11391,40
60575,49342,11391,39
60576,49343,11391,12
60577,49343,11426,27
60578,49344,11426,34
60579,49345,11462,83
60580,49346,11462,30
60581,49346,11497,35
60582,49347,11497,9
60583,49348,11497,31
60584,49349,11323,23
60585,49349,11358,65
60586,49350,11358,53
60587,49351,11358,22
60588,49352,11358,33
60589,49352,11393,30
60590,49353,11779,65
60591,49354,11779,33
60592,49355,11779,25
60593,49356,11779,41
60594,49357,11675,60
60595,49358,11675,22
60596,49359,11675,35
60597,49360,11675,41
60598,49361,11501,37
60599,49362,11501,24
60600,49363,11501,36
60601,49364,11501,39
60602,49365,11782,41
60603,49366,11782,34
60604,49367,11782,8
60605,49367,11817,12
60606,49368,11817,54
60607,49369,11748,54
60608,49370,11748,34
60609,49371,11748,63
60610,49372,11748,43
60611,49373,10874,54
60612,49374,10874,14
60613,49375,10874,23
60614,49376,10874,47
60615,49376,10909,1
60616,49377,11575,46
60617,49378,11575,37
60618,49379,11575,36
60619,49380,11575,15
60620,49380,11610,11
60621,49381,11296,27
60622,49382,11296,36
60623,49382,11331,9
60624,49383,11331,30
60625,49384,11331,41
60626,49385,11227,105
60627,49386,11227,8
60628,49386,11262,46
60629,49387,11262,28
60630,49388,11262,34
60631,49389,11508,15
60632,49389,11543,16
60633,49390,11543,50
60634,49391,11543,41
60635,49392,11543,33
60636,49393,11929,58
60637,49394,11929,66
60638,49395,11929,39
60639,49396,11929,44
60640,49397,11195,36
60641,49397,11230,19
60642,49398,11230,31
60643,49399,11230,5
60644,49400,11230,17
60645,49401,11581,30
60646,49402,11581,49
60647,49403,11581,17
60648,49404,11581,27
60649,49404,11616,19
60650,49405,11372,54
60651,49406,11372,25
60652,49406,11407,6
60653,49407,11407,27
60654,49408,11407,27
60655,49409,11618,30
60656,49409,11653,54
60657,49410,11653,46
60658,49411,11653,45
60659,49412,11653,63
60660,49413,10884,33
60661,49414,10884,11
60662,49414,10919,48
60663,49415,10919,30
60664,49416,10919,45
60665,49417,11760,48
60666,49418,11760,48
60667,49419,11760,36
60668,49420,11760,59
60669,49421,10991,41
60670,49422,10991,3
60671,49422,11026,33
60672,49423,11026,48
60673,49424,11026,80
60674,49425,11307,41
60675,49425,11342,8
60676,49426,11342,53
60677,49427,11342,29
60678,49428,11342,52
60679,49429,11588,63
60680,49430,11588,16
60681,49431,11588,30
60682,49432,11588,5
60683,49432,11623,75
60684,49433,11449,64
60685,49434,11449,46
60686,49435,11449,23
60687,49436,11449,22
60688,49436,11484,44
60689,49437,11135,32
60690,49437,11170,114
60691,49438,11170,29
60692,49438,11205,1
60693,49439,11205,53
60694,49440,11205,35
60695,49441,11521,47
60696,49441,11556,5
60697,49442,11556,46
60698,49443,11556,48
60699,49444,11556,55
60700,49445,11767,84
60701,49446,11767,50
60702,49446,11802,50
60703,49447,11802,74
60704,49448,11802,27
60705,49449,11348,61
60706,49450,11348,73
60707,49450,11383,3
60708,49451,11383,35
60709,49452,11383,69
60710,49453,11384,52
60711,49454,11384,65
60712,49455,11384,31
60713,49456,11384,15
60714,49456,11419,48
60715,49457,11665,68
60716,49458,11665,53
60717,49459,11665,40
60718,49460,11665,46
60719,49461,11666,123
60720,49462,11666,17
60721,49462,11701,21
60722,49463,11701,55
60723,49464,11701,47
60724,49465,11457,45
60725,49466,11457,13
60726,49466,11492,40
60727,49467,11492,26
60728,49468,11492,42
60729,49469,11493,49
60730,49470,11493,27
60731,49470,11528,42
60732,49471,11528,27
60733,49472,11528,59
60734,49473,11424,46
60735,49474,11424,25
60736,49475,11424,24
60737,49476,11424,12
60738,49476,11459,18
60739,49477,11320,77
60740,49477,11355,4
60741,49478,11355,77
60742,49479,11355,46
60743,49480,11355,59
60744,49481,11426,104
60745,49482,11426,13
60746,49482,11461,14
60747,49483,11461,65
60748,49484,11461,51
60749,49485,11497,55
60750,49486,11497,47
60751,49487,11497,32
60752,49488,11497,9
60753,49488,11532,32
60754,49489,11393,66
60755,49490,11393,69
60756,49491,11393,27
60757,49492,11393,2
60758,49492,11428,49
60759,49493,11779,13
60760,49493,11814,53
60761,49494,11814,35
60762,49495,11814,36
60763,49496,11814,57
60764,49497,11675,68
60765,49498,11675,7
60766,49498,11710,31
60767,49499,11710,34
60768,49500,11710,64
60769,49501,11501,58
60770,49501,11536,34
60771,49502,11536,32
60772,49503,11536,62
60773,49504,11536,54
60774,49505,11817,100
60775,49506,11817,34
60776,49507,11817,42
60777,49508,11817,40
60778,49509,11748,54
60779,49510,11748,36
60780,49510,11783,2
60781,49511,11783,27
60782,49512,11783,33
60783,49513,10909,83
60784,49514,10909,35
60785,49514,10944,11
60786,49515,10944,44
60787,49516,10944,25
60788,49517,11610,99
60789,49518,11610,37
60790,49519,11610,27
60791,49520,11610,45
60792,49520,11645,5
60793,49521,11331,37
60794,49522,11331,44
60795,49522,11366,18
60796,49523,11366,55
60797,49524,11366,32
60798,49525,11262,50
60799,49525,11297,10
60800,49526,11297,30
60801,49527,11297,33
60802,49528,11297,90
60803,49529,11543,60
60804,49529,11578,4
60805,49530,11578,20
60806,49531,11578,49
60807,49532,11578,37
60808,49533,11929,20
60809,49533,11964,41
60810,49534,11964,41
60811,49535,11964,21
60812,49536,11964,92
60813,49537,11230,58
60814,49537,11265,26
60815,49538,11265,33
60816,49539,11265,71
60817,49540,11265,35
60818,49541,11616,68
60819,49542,11616,49
60820,49543,11616,35
60821,49544,11616,13
60822,49544,11651,23
60823,49545,11407,75
60824,49546,11407,48
60825,49547,11407,46
60826,49548,11407,53
60827,49548,11442,16
60828,49549,11653,21
60829,49549,11688,27
60830,49550,11688,30
60831,49551,11688,43
60832,49552,11688,63
60833,49553,10919,78
60834,49554,10919,3
60835,49554,10954,39
60836,49555,10954,56
60837,49556,10954,74
60838,49557,11760,11
60839,49557,11795,16
60840,49558,11795,61
60841,49559,11795,47
60842,49560,11795,23
60843,49561,11026,12
60844,49561,11061,47
60845,49562,11061,65
60846,49562,11096,32
60847,49563,11096,31
60848,49564,11096,57
60849,49565,11342,14
60850,49565,11377,49
60851,49566,11377,67
60852,49567,11377,40
60853,49567,11412,39
60854,49568,11412,81
60855,49569,11623,70
60856,49570,11623,28
60857,49571,11623,8
60858,49571,11658,40
60859,49572,11658,96
60860,49573,11484,56
60861,49574,11484,33
60862,49575,11484,23
60863,49575,11519,36
60864,49576,11519,54
60865,49577,11205,46
60866,49578,11205,27
60867,49579,11205,14
60868,49579,11240,3
60869,49580,11240,60
60870,49581,11556,33
60871,49581,11591,39
60872,49582,11591,72
60873,49583,11591,59
60874,49584,11591,69
60875,49584,11626,39
60876,49585,11802,75
60877,49586,11802,87
60878,49586,11837,2
60879,49587,11837,34
60880,49588,11837,124
60881,49589,11383,63
60882,49589,11418,45
60883,49590,11418,87
60884,49591,11418,26
60885,49592,11418,45
60886,49592,11453,49
60887,49593,11419,117
60888,49594,11419,55
60889,49594,11454,21
60890,49595,11454,65
60891,49596,11454,85
60892,49597,11665,27
60893,49597,11700,156
60894,49598,11700,46
60895,49599,11700,28
60896,49600,11700,29
60897,49600,11735,36
60898,49601,11701,105
60899,49602,11701,49
60900,49603,11701,39
60901,49603,11736,15
60902,49604,11736,32
60903,49605,11492,42
60904,49606,11492,31
60905,49606,11527,23
60906,49607,11527,21
60907,49608,11527,62
60908,49609,11528,65
60909,49610,11528,64
60910,49610,11563,19
60911,49611,11563,28
60912,49612,11563,32
60913,49613,11459,59
60914,49614,11459,67
60915,49615,11459,37
60916,49616,11494,49
60917,49617,11355,47
60918,49617,11390,47
60919,49618,11390,33
60920,49619,11390,54
60921,49620,11390,9
60922,49620,11425,41
60923,49621,11461,60
60924,49621,11496,30
60925,49622,11496,40
60926,49623,11496,52
60927,49624,11496,52
60928,49624,11531,9
60929,49625,11532,74
60930,49626,11532,41
60931,49627,11532,5
60932,49627,11567,70
60933,49628,11567,53
60934,49629,11428,59
60935,49630,11428,44
60936,49630,11463,30
60937,49631,11463,73
60938,49632,11463,37
60939,49633,11814,43
60940,49634,11814,43
60941,49635,11814,58
60942,49635,11849,13
60943,49636,11849,106
60944,49637,11710,119
60945,49638,11710,37
60946,49639,11710,69
60947,49639,11745,10
60948,49640,11745,123
60949,49641,11536,16
60950,49641,11571,50
60951,49642,11571,44
60952,49643,11571,25
60953,49644,11571,56
60954,49645,11817,35
60955,49646,11817,20
60956,49646,11852,11
60957,49647,11852,54
60958,49648,11852,93
60959,49649,11783,112
60960,49650,11783,44
60961,49651,11783,29
60962,49652,11783,47
60963,49652,11818,5
60964,49653,10944,55
60965,49653,10979,34
60966,49654,10979,82
60967,49655,10979,18
60968,49656,10979,50
60969,49656,11014,22
60970,49657,11645,126
60971,49658,11645,60
60972,49659,11645,34
60973,49660,11645,11
60974,49660,11680,40
60975,49661,11366,47
60976,49661,11401,61
60977,49662,11401,99
60978,49663,11401,11
60979,49663,11436,29
60980,49664,11436,57
60981,49665,11297,9
60982,49665,11332,100
60983,49666,11332,81
60984,49667,11332,14
60985,49667,11367,13
60986,49668,11367,69
60987,49669,11578,91
60988,49670,11578,36
60989,49671,11578,42
60990,49672,11578,29
60991,49672,11613,41
60992,49673,11964,63
60993,49674,11964,117
60994,49675,11964,7
60995,49675,11999,43
60996,49676,11999,89
60997,49677,11265,23
60998,49677,11300,89
60999,49678,11300,40
61000,49679,11300,19
61001,49679,11335,59
61002,49680,11335,39
61003,49681,11651,45
61004,49682,11651,39
61005,49683,11651,52
61006,49684,11651,92
61007,49685,11442,72
61008,49686,11442,34
61009,49687,11442,47
61010,49688,11442,17
61011,49688,11477,61
61012,49689,11688,41
61013,49689,11723,43
61014,49690,11723,93
61015,49691,11723,46
61016,49692,11723,2
61017,49692,11758,46
61018,49693,10954,3
61019,49693,10989,76
61020,49694,10989,53
61021,49694,11024,26
61022,49695,11024,40
61023,49696,11024,28
61024,49697,11795,69
61025,49698,11795,80
61026,49699,11795,36
61027,49699,11830,2
61028,49700,11830,105
61029,49701,11096,15
61030,49701,11131,33
61031,49702,11131,80
61032,49702,11166,9
61033,49703,11166,25
61034,49704,11166,44
61035,49705,11412,62
61036,49706,11412,14
61037,49706,11447,26
61038,49707,11447,44
61039,49708,11447,57
61040,49709,11658,93
61041,49709,11693,21
61042,49710,11693,26
61043,49711,11693,50
61044,49712,11693,35
61045,49713,11519,94
61046,49714,11519,27
61047,49714,11554,11
61048,49715,11554,43
61049,49716,11554,22
61050,49717,11240,85
61051,49718,11240,20
61052,49718,11275,47
61053,49719,11275,29
61054,49720,11275,47
61055,49721,11626,39
61056,49722,11626,56
61057,49723,11626,67
61058,49724,11626,43
61059,49724,11661,33
61060,49725,11837,72
61061,49726,11837,51
61062,49727,11837,19
61063,49728,11837,46
61064,49728,11872,8
61065,49729,11453,86
61066,49730,11453,30
61067,49731,11453,38
61068,49732,11453,10
61069,49732,11488,43
61070,49733,11454,33
61071,49733,11489,86
61072,49734,11489,62
61073,49735,11489,17
61074,49735,11524,28
61075,49736,11524,48
61076,49737,11735,68
61077,49738,11735,46
61078,49739,11735,58
61079,49740,11735,43
61080,49741,11736,99
61081,49742,11736,39
61082,49743,11736,17
61083,49743,11771,54
61084,49744,11771,82
61085,49745,11527,17
61086,49745,11562,56
61087,49746,11562,40
61088,49747,11562,83
61089,49748,11562,46
61090,49749,11563,64
61091,49750,11563,32
61092,49751,11563,8
61093,49751,11598,55
61094,49752,11598,28
61095,49753,11494,61
61096,49754,11494,62
61097,49755,11494,27
61098,49756,11494,65
61099,49756,11529,18
61100,49757,11425,53
61101,49758,11425,51
61102,49759,11425,53
61103,49759,11460,6
61104,49760,11460,77
61105,49761,11531,66
61106,49762,11531,82
61107,49763,11531,82
61108,49764,11531,14
61109,49764,11566,50
61110,49765,11567,118
61111,49766,11567,14
61112,49766,11602,47
61113,49767,11602,40
61114,49768,11602,45
61115,49769,11463,23
61116,49769,11498,56
61117,49770,11498,33
61118,49771,11498,31
61119,49772,11498,63
61120,49773,11849,126
61121,49774,11849,28
61122,49775,11849,11
61123,49775,11884,38
61124,49776,11884,73
61125,49777,11745,96
61126,49778,11745,26
61127,49779,11745,35
61128,49780,11745,41
61129,49781,11571,52
61130,49782,11571,2
61131,49782,11606,52
61132,49783,11606,64
61133,49784,11606,79
61134,49785,11852,99
61135,49786,11852,29
61136,49787,11852,79
61137,49788,11852,10
61138,49788,11887,31
61139,49789,11818,92
61140,49790,11818,33
61141,49791,11818,33
61142,49792,11818,40
61143,49793,11014,74
61144,49794,11014,22
61145,49794,11049,42
61146,49795,11049,35
61147,49796,11049,35
61148,49796,11084,12
61149,49797,11680,109
61150,49798,11680,66
61151,49799,11680,33
61152,49799,11715,46
61153,49800,11715,71
61154,49801,11436,45
61155,49801,11471,7
61156,49802,11471,26
61157,49803,11471,53
61158,49804,11471,76
61159,49805,11367,85
61160,49805,11402,21
61161,49806,11402,87
61162,49807,11402,48
61163,49808,11402,26
61164,49809,11613,27
61165,49810,11613,63
61166,49811,11613,31
61167,49811,11648,21
61168,49812,11648,35
61169,49813,11999,111
61170,49814,11999,16
61171,49814,12034,23
61172,49815,12034,58
61173,49816,12034,60
61174,49817,11335,56
61175,49817,11370,10
61176,49818,11370,78
61177,49819,11370,50
61178,49820,11370,47
61179,49820,11405,6
61180,49821,11651,22
61181,49821,11686,15
61182,49822,11686,40
61183,49823,11686,16
61184,49824,11686,65
61185,49825,11477,38
61186,49826,11477,92
61187,49827,11477,10
61188,49827,11512,18
61189,49828,11512,83
61190,49829,11758,64
61191,49830,11758,34
61192,49831,11758,59
61193,49832,11758,77
61194,49832,11793,16
61195,49833,11024,32
61196,49833,11059,47
61197,49834,11059,62
61198,49834,11094,3
61199,49835,11094,55
61200,49836,11094,59
61201,49837,11830,33
61202,49838,11830,55
61203,49839,11830,34
61204,49840,11830,64
61205,49841,11166,31
61206,49842,11201,37
61207,49843,11201,29
61208,49844,11201,26
61209,49845,11447,64
61210,49846,11447,5
61211,49846,11482,22
61212,49847,11482,26
61213,49848,11482,26
61214,49849,11693,43
61215,49850,11693,15
61216,49851,11693,17
61217,49852,11693,33
61218,49852,11728,2
61219,49853,11554,28
61220,49854,11554,35
61221,49855,11554,15
61222,49856,11554,27
61223,49857,11275,34
61224,49858,11275,37
61225,49859,11275,9
61226,49860,11275,20
61227,49860,11310,25
61228,49861,11661,37
61229,49862,11661,30
61230,49863,11661,8
61231,49864,11661,31
61232,49865,11872,32
61233,49866,11872,21
61234,49867,11872,11
61235,49868,11872,26
61236,49869,11488,34
61237,49870,11488,23
61238,49871,11488,14
61239,49872,11488,52
61240,49872,11523,6
61241,49873,11524,25
61242,49874,11524,26
61243,49875,11524,23
61244,49876,11524,32
61245,49877,11735,38
61246,49878,11735,15
61247,49879,11735,32
61248,49880,11735,3
61249,49880,11770,26
61250,49881,11771,69
61251,49882,11771,15
61252,49882,11806,5
61253,49883,11806,26
61254,49884,11806,35
61255,49885,11562,50
61256,49886,11562,14
61257,49887,11562,6
61258,49887,11597,16
61259,49888,11597,46
61260,49889,11598,19
61261,49890,11598,33
61262,49891,11598,38
61263,49892,11598,35
61264,49892,11633,23
61265,49893,11529,34
61266,49894,11529,16
61267,49895,11529,24
61268,49896,11529,30
61269,49897,11460,60
61270,49898,11460,17
61271,49898,11495,3
61272,49899,11495,12
61273,49900,11495,24
61274,49901,11566,53
61275,49902,11566,19
61276,49903,11566,17
61277,49904,11566,8
61278,49905,11602,54
61279,49906,11602,24
61280,49906,11637,9
61281,49907,11637,54
61282,49908,11637,55
61283,49909,11498,4
61284,49909,11533,39
61285,49910,11533,17
61286,49911,11533,27
61287,49912,11533,37
61288,49913,11884,13
61289,49914,11884,34
61290,49915,11884,38
61291,49916,11884,33
61292,49916,11919,6
61293,49917,11745,28
61294,49918,11745,41
61295,49919,11745,11
61296,49919,11780,8
61297,49920,11780,39
61298,49921,11606,25
61299,49922,11606,22
61300,49922,11641,8
61301,49923,11641,13
61302,49924,11641,25
61303,49925,11887,30
61304,49926,11887,21
61305,49927,11887,20
61306,49928,11887,19
61307,49929,11818,54
61308,49930,11818,18
61309,49931,11818,12
61310,49932,11818,26
61311,49933,11084,40
61312,49934,11084,40
61313,49935,11084,16
61314,49936,11084,24
61315,49936,11119,30
61316,49937,11715,46
61317,49938,11715,12
61318,49939,11715,23
61319,49940,11715,21
61320,49940,11750,1
61321,49941,11471,14
61322,49941,11506,27
61323,49942,11506,36
61324,49943,11506,16
61325,49944,11506,27
61326,49945,11402,9
61327,49945,11437,17
61328,49946,11437,36
61329,49947,11437,22
61330,49948,11437,18
61331,49949,11648,38
61332,49950,11648,31
61333,49951,11648,24
61334,49952,11648,20
61335,49953,12034,23
61336,49954,12034,10
61337,49955,12034,14
61338,49956,12034,23
61339,49957,11405,21
61340,49958,11405,26
61341,49959,11405,22
61342,49960,11405,28
61343,49961,11686,31
61344,49962,11686,23
61345,49963,11686,20
61346,49964,11686,2
61347,49964,11721,44
61348,49965,11512,48
61349,49966,11512,28
61350,49967,11512,14
61351,49967,11547,20
61352,49968,11547,31
61353,49969,11793,40
61354,49970,11793,22
61355,49971,11793,21
61356,49972,11793,29
61357,49973,11094,37
61358,49974,11094,17
61359,49974,11129,8
61360,49975,11129,18
61361,49976,11129,54
61362,49977,11830,57
61363,49978,11830,7
61364,49978,11865,8
61365,49979,11865,29
61366,49980,11865,38
61367,49981,11201,28
61368,49982,11201,30
61369,49983,11201,21
61370,49984,11201,3
61371,49984,11236,44
61372,49985,11482,41
61373,49986,11482,36
61374,49986,11517,13
61375,49987,11517,25
61376,49988,11517,30
61377,49989,11728,45
61378,49990,11728,15
61379,49991,11728,25
61380,49992,11728,23
61381,49993,11554,65
61382,49994,11554,11
61383,49994,11589,22
61384,49995,11589,29
61385,49996,11589,35
61386,49997,11310,35
61387,49998,11310,33
61388,49999,11310,29
61389,50000,11310,17
61390,50001,11661,53
61391,50002,11661,1
61392,50002,11696,24
61393,50003,11696,61
61394,50004,11696,28
61395,50005,11872,39
61396,50006,11872,19
61397,50007,11872,30
61398,50008,11872,74
61399,50009,11523,30
61400,50010,11523,16
61401,50011,11523,33
61402,50012,11523,27
61403,50013,11524,13
61404,50013,11559,21
61405,50014,11559,20
61406,50015,11559,33
61407,50016,11559,22
61408,50017,11770,19
61409,50018,11770,17
61410,50019,11770,14
61411,50020,11770,32
61412,50021,11806,37
61413,50022,11806,35
61414,50023,11806,28
61415,50024,11806,36
61416,50025,11597,66
61417,50026,11597,39
61418,50027,11597,5
61419,50027,11632,20
61420,50028,11632,28
61421,50029,11633,32
61422,50030,11633,33
61423,50031,11633,21
61424,50032,11633,28
61425,50033,11529,22
61426,50034,11529,19
61427,50035,11529,16
61428,50036,11529,24
61429,50037,11495,43
61430,50038,11495,45
61431,50039,11495,33
61432,50040,11495,33
61433,50041,11566,52
61434,50042,11566,15
61435,50043,11566,23
61436,50044,11566,18
61437,50045,11637,53
61438,50046,11637,20
61439,50047,11637,25
61440,50048,11637,25
61441,50049,11533,50
61442,50049,11568,1
61443,50050,11568,25
61444,50051,11568,22
61445,50052,11568,43
61446,50053,11919,20
61447,50054,11919,8
61448,50055,11919,18
61449,50056,11919,32
61450,50057,11780,34
61451,50058,11780,21
61452,50059,11780,39
61453,50060,11780,31
61454,50061,11641,24
61455,50062,11641,42
61456,50063,11641,23
61457,50064,11641,19
61458,50065,11887,22
61459,50066,11887,21
61460,50067,11887,28
61461,50068,11887,38
61462,50069,11818,11
61463,50069,11853,32
61464,50070,11853,36
61465,50071,11853,19
61466,50072,11853,45
61467,50073,11119,68
61468,50074,11119,16
61469,50075,11119,22
61470,50076,11119,20
61471,50076,11154,21
61472,50077,11750,34
61473,50078,11750,19
61474,50079,11750,37
61475,50080,11750,44
61476,50081,11506,40
61477,50082,11506,28
61478,50083,11506,28
61479,50083,11541,10
61480,50084,11541,16
61481,50085,11437,36
61482,50086,11437,38
61483,50087,11437,25
61484,50087,11472,14
61485,50088,11472,28
61486,50089,11648,54
61487,50090,11648,27
61488,50091,11648,14
61489,50091,11683,5
61490,50092,11683,18
61491,50093,12034,18
61492,50094,12034,31
61493,50095,12034,13
61494,50096,12034,2
61495,50096,12069,22
61496,50097,11405,65
61497,50098,11405,20
61498,50099,11405,32
61499,50100,11405,20
61500,50100,11440,5
61501,50101,11721,24
61502,50102,11721,32
61503,50103,11721,14
61504,50104,11721,12
61505,50105,11547,32
61506,50106,11547,19
61507,50107,11547,25
61508,50108,11547,43
61509,50109,11793,26
61510,50110,11793,38
61511,50111,11793,30
61512,50112,11793,35
61513,50113,11129,52
61514,50114,11129,8
61515,50114,11164,7
61516,50115,11164,27
61517,50116,11164,77
61518,50117,11865,39
61519,50118,11865,23
61520,50119,11865,17
61521,50120,11865,18
61522,50121,11236,45
61523,50122,11236,10
61524,50123,11236,36
61525,50124,11236,34
61526,50125,11517,39
61527,50126,11517,34
61528,50127,11517,29
61529,50128,11517,8
61530,50128,11552,80
61531,50129,11728,26
61532,50130,11728,55
61533,50131,11728,22
61534,50132,11728,31
61535,50133,11589,48
61536,50134,11589,14
61537,50135,11589,15
61538,50136,11589,35
61539,50137,11310,25
61540,50138,11310,33
61541,50139,11310,23
61542,50140,11310,10
61543,50140,11345,56
61544,50141,11696,36
61545,50142,11696,25
61546,50143,11696,15
61547,50144,11696,50
61548,50145,11872,47
61549,50145,11907,9
61550,50146,11907,30
61551,50147,11907,27
61552,50148,11907,45
61553,50149,11523,24
61554,50150,11523,34
61555,50151,11523,17
61556,50152,11523,14
61557,50152,11558,12
61558,50153,11559,54
61559,50154,11559,34
61560,50155,11559,31
61561,50156,11559,35
61562,50156,11594,20
61563,50157,11770,47
61564,50158,11770,31
61565,50159,11770,49
61566,50160,11770,39
61567,50160,11805,30
61568,50161,11806,52
61569,50162,11806,37
61570,50163,11806,32
61571,50164,11806,18
61572,50165,11632,38
61573,50166,11632,17
61574,50167,11632,18
61575,50168,11632,7
61576,50169,11633,40
61577,50169,11668,8
61578,50170,11668,32
61579,50171,11668,14
61580,50172,11668,41
61581,50173,11529,40
61582,50173,11564,23
61583,50174,11564,21
61584,50175,11564,29
61585,50176,11564,30
61586,50177,11495,38
61587,50177,11530,33
61588,50178,11530,19
61589,50179,11530,52
61590,50180,11530,32
61591,50181,11566,2
61592,50181,11601,33
61593,50182,11601,62
61594,50183,11601,22
61595,50184,11601,23
61596,50185,11637,33
61597,50186,11637,1
61598,50186,11672,30
61599,50187,11672,13
61600,50188,11672,41
61601,50189,11568,57
61602,50190,11568,52
61603,50191,11568,12
61604,50192,11568,25
61605,50192,11603,44
61606,50193,11919,53
61607,50194,11919,28
61608,50195,11919,38
61609,50196,11919,39
61610,50197,11780,37
61611,50198,11780,24
61612,50199,11780,10
61613,50199,11815,6
61614,50200,11815,48
61615,50201,11641,35
61616,50201,11676,7
61617,50202,11676,22
61618,50203,11676,26
61619,50204,11676,15
61620,50205,11887,41
61621,50206,11887,6
61622,50206,11922,33
61623,50207,11922,27
61624,50208,11922,51
61625,50209,11853,42
61626,50210,11853,35
61627,50211,11853,21
61628,50212,11853,28
61629,50213,11154,26
61630,50214,11154,24
61631,50215,11154,27
61632,50216,11154,36
61633,50216,11189,39
61634,50217,11750,58
61635,50218,11750,23
61636,50219,11785,21
61637,50220,11785,38
61638,50221,11541,47
61639,50222,11541,34
61640,50223,11541,26
61641,50224,11541,19
61642,50225,11472,33
61643,50226,11472,24
61644,50227,11472,32
61645,50228,11472,21
61646,50229,11683,45
61647,50230,11683,12
61648,50231,11683,23
61649,50232,11683,18
61650,50233,12069,53
61651,50234,12069,26
61652,50235,12069,48
61653,50236,12069,57
61654,50237,11440,61
61655,50238,11440,47
61656,50239,11440,29
61657,50240,11440,31
61658,50241,11721,44
61659,50241,11756,2
61660,50242,11756,35
61661,50243,11756,28
61662,50244,11756,25
61663,50245,11547,52
61664,50246,11547,6
61665,50246,11582,42
61666,50247,11582,25
61667,50248,11582,41
61668,50249,11793,68
61669,50250,11793,1
61670,50250,11828,43
61671,50251,11828,27
61672,50252,11828,21
61673,50253,11164,50
61674,50254,11164,28
61675,50255,11164,22
61676,50255,11199,23
61677,50256,11199,51
61678,50257,11865,73
61679,50258,11865,30
61680,50259,11865,41
61681,50260,11865,49
61682,50260,11900,19
61683,50261,11236,13
61684,50261,11271,35
61685,50262,11271,35
61686,50263,11271,42
61687,50264,11271,70
61688,50265,11552,74
61689,50266,11552,41
61690,50267,11552,16
61691,50267,11587,13
61692,50268,11587,26
61693,50269,11728,31
61694,50269,11763,23
61695,50270,11763,19
61696,50271,11763,52
61697,50272,11763,43
61698,50273,11589,33
61699,50274,11589,14
61700,50274,11624,47
61701,50275,11624,55
61702,50276,11624,34
61703,50277,11345,69
61704,50277,11380,2
61705,50278,11380,42
61706,50279,11380,18
61707,50280,11380,36
61708,50281,11696,21
61709,50281,11731,27
61710,50282,11731,59
61711,50283,11731,11
61712,50284,11731,26
61713,50285,11907,29
61714,50286,11907,61
61715,50287,11907,29
61716,50288,11907,40
61717,50289,11558,85
61718,50290,11558,55
61719,50291,11558,57
61720,50292,11558,62
61721,50293,11594,51
61722,50294,11594,24
61723,50295,11594,21
61724,50296,11594,41
61725,50297,11805,93
61726,50298,11805,58
61727,50299,11805,35
61728,50300,11805,53
61729,50301,11806,8
61730,50301,11841,25
61731,50302,11841,47
61732,50303,11841,22
61733,50304,11841,31
61734,50305,11632,62
61735,50306,11632,24
61736,50307,11632,33
61737,50308,11632,39
61738,50308,11667,31
61739,50309,11668,55
61740,50310,11668,24
61741,50311,11668,13
61742,50312,11668,25
61743,50313,11564,27
61744,50314,11564,58
61745,50315,11564,33
61746,50316,11564,20
61747,50316,11599,39
61748,50317,11530,17
61749,50317,11565,14
61750,50318,11565,36
61751,50319,11565,33
61752,50320,11565,62
61753,50321,11601,51
61754,50322,11601,50
61755,50323,11601,1
61756,50323,11636,52
61757,50324,11636,45
61758,50325,11672,40
61759,50326,11672,10
61760,50327,11672,21
61761,50328,11672,17
61762,50329,11603,48
61763,50330,11603,25
61764,50331,11603,16
61765,50332,11603,39
61766,50333,11919,33
61767,50333,11954,35
61768,50334,11954,58
61769,50335,11954,28
61770,50336,11954,70
61771,50337,11815,65
61772,50338,11815,24
61773,50339,11815,17
61774,50340,11815,22
61775,50341,11676,48
61776,50342,11676,50
61777,50343,11676,22
61778,50344,11676,31
61779,50345,11922,78
61780,50346,11922,17
61781,50346,11957,21
61782,50347,11957,23
61783,50348,11957,41
61784,50349,11853,19
61785,50350,11853,28
61786,50351,11888,47
61787,50352,11888,36
61788,50353,11189,50
61789,50354,11189,32
61790,50355,11189,25
61791,50356,11189,49
61792,50356,11224,42
61793,50357,11785,44
61794,50358,11785,34
61795,50359,11785,34
61796,50360,11785,31
61797,50361,11541,27
61798,50362,11541,25
61799,50362,11576,12
61800,50363,11576,8
61801,50364,11576,62
61802,50365,11472,16
61803,50365,11507,22
61804,50366,11507,20
61805,50367,11507,23
61806,50368,11507,66
61807,50369,11683,54
61808,50370,11683,34
61809,50371,11683,10
61810,50371,11718,11
61811,50372,11718,47
61812,50373,12069,22
61813,50373,12104,11
61814,50374,12104,43
61815,50375,12104,30
61816,50376,12104,33
61817,50377,11440,71
61818,50377,11475,27
61819,50378,11475,50
61820,50379,11475,42
61821,50380,11475,12
61822,50381,11756,55
61823,50382,11756,51
61824,50383,11756,39
61825,50384,11756,33
61826,50385,11582,22
61827,50386,11582,50
61828,50387,11582,38
61829,50388,11582,13
61830,50388,11617,11
61831,50389,11828,57
61832,50390,11828,29
61833,50391,11828,38
61834,50392,11828,48
61835,50393,11199,38
61836,50394,11199,44
61837,50395,11199,17
61838,50396,11199,9
61839,50396,11234,18
61840,50397,11900,64
61841,50398,11900,68
61842,50399,11900,25
61843,50400,11900,62
61844,50401,11271,49
61845,50401,11306,3
61846,50402,11306,40
61847,50403,11306,31
61848,50404,11306,21
61849,50405,11587,71
61850,50406,11587,48
61851,50407,11587,24
61852,50408,11587,39
61853,50408,11622,6
61854,50409,11763,52
61855,50410,11763,44
61856,50411,11763,25
61857,50412,11763,20
61858,50413,11624,60
61859,50414,11624,56
61860,50415,11624,33
61861,50416,11624,19
61862,50416,11659,37
61863,50417,11380,51
61864,50418,11380,37
61865,50418,11415,8
61866,50419,11415,51
61867,50420,11415,45
61868,50421,11731,80
61869,50422,11731,109
61870,50423,11731,19
61871,50423,11766,34
61872,50424,11766,37
61873,50425,11907,19
61874,50425,11942,52
61875,50426,11942,91
61876,50427,11942,32
61877,50428,11942,55
61878,50429,11558,36
61879,50429,11593,29
61880,50430,11593,50
61881,50431,11593,40
61882,50432,11593,83
61883,50433,11594,54
61884,50434,11594,5
61885,50434,11629,76
61886,50435,11629,22
61887,50436,11629,30
61888,50437,11805,62
61889,50438,11805,48
61890,50439,11805,32
61891,50440,11805,24
61892,50440,11840,37
61893,50441,11841,60
61894,50442,11841,61
61895,50443,11841,39
61896,50443,11876,15
61897,50444,11876,46
61898,50445,11667,33
61899,50446,11667,32
61900,50447,11667,65
61901,50448,11667,43
61902,50448,11702,6
61903,50449,11668,52
61904,50449,11703,11
61905,50450,11703,27
61906,50451,11703,52
61907,50452,11703,64
61908,50453,11599,48
61909,50454,11599,49
61910,50455,11599,51
61911,50456,11599,78
61912,50456,11634,18
61913,50457,11565,108
61914,50458,11565,24
61915,50458,11600,9
61916,50459,11600,49
61917,50460,11600,55
61918,50461,11636,85
61919,50461,11671,10
61920,50462,11671,34
61921,50463,11671,34
61922,50464,11671,35
61923,50465,11672,23
61924,50465,11707,77
61925,50466,11707,21
61926,50467,11707,49
61927,50468,11707,62
61928,50468,11742,11
61929,50469,11603,59
61930,50469,11638,14
61931,50470,11638,39
61932,50471,11638,30
61933,50472,11638,86
61934,50473,11954,57
61935,50474,11954,20
61936,50475,11954,24
61937,50476,11954,23
61938,50477,11815,62
61939,50478,11815,27
61940,50478,11850,24
61941,50479,11850,46
61942,50480,11850,69
61943,50481,11676,44
61944,50481,11711,23
61945,50482,11711,34
61946,50483,11711,44
61947,50484,11711,37
61948,50484,11746,39
61949,50485,11957,62
61950,50486,11957,39
61951,50487,11957,37
61952,50488,11957,25
61953,50488,11992,15
61954,50489,11888,79
61955,50490,11888,46
61956,50491,11888,47
61957,50492,11888,22
61958,50492,11923,9
61959,50493,11224,73
61960,50494,11224,30
61961,50495,11224,36
61962,50496,11259,54
61963,50497,11785,15
61964,50497,11820,60
61965,50498,11820,53
61966,50499,11820,37
61967,50500,11820,30
61968,50501,11576,10
61969,50502,11576,19
61970,50503,11576,59
61971,50504,11576,24
61972,50504,11611,32
61973,50505,11507,50
61974,50505,11542,57
61975,50506,11542,62
61976,50507,11542,30
61977,50507,11577,28
61978,50508,11577,54
61979,50509,11718,85
61980,50510,11718,37
61981,50511,11718,28
61982,50512,11718,39
61983,50512,11753,27
61984,50513,12104,33
61985,50513,12139,12
61986,50514,12139,28
61987,50515,12139,17
61988,50516,12139,55
61989,50516,12174,9
61990,50517,11475,63
61991,50518,11475,4
61992,50518,11510,34
61993,50519,11510,33
61994,50520,11510,25
61995,50521,11756,57
61996,50522,11756,73
61997,50523,11756,22
61998,50524,11756,29
61999,50524,11791,22
62000,50525,11617,100
62001,50526,11617,29
62002,50527,11617,19
62003,50528,11617,49
62004,50529,11828,63
62005,50530,11828,82
62006,50531,11828,43
62007,50531,11863,13
62008,50532,11863,85
62009,50533,11234,51
62010,50534,11234,38
62011,50535,11234,29
62012,50536,11234,26
62013,50536,11269,42
62014,50537,11900,20
62015,50538,11900,39
62016,50539,11900,18
62017,50540,11900,25
62018,50540,11935,5
62019,50541,11306,46
62020,50542,11306,59
62021,50542,11341,4
62022,50543,11341,61
62023,50544,11341,99
62024,50545,11622,57
62025,50546,11622,39
62026,50547,11622,51
62027,50548,11622,89
62028,50549,11763,30
62029,50549,11798,32
62030,50550,11798,59
62031,50551,11798,48
62032,50552,11798,51
62033,50553,11659,78
62034,50554,11659,55
62035,50555,11659,28
62036,50555,11694,2
62037,50556,11694,116
62038,50557,11415,104
62039,50557,11450,11
62040,50558,11450,40
62041,50559,11450,88
62042,50560,11450,59
62043,50561,11766,78
62044,50562,11766,68
62045,50563,11766,32
62046,50564,11766,55
62047,50565,11942,49
62048,50565,11977,36
62049,50566,11977,81
62050,50567,11977,32
62051,50568,11977,55
62052,50569,11593,15
62053,50569,11628,48
62054,50570,11628,57
62055,50571,11628,28
62056,50572,11628,74
62057,50572,11663,1
62058,50573,11629,93
62059,50574,11629,17
62060,50574,11664,72
62061,50575,11664,47
62062,50576,11664,67
62063,50577,11840,72
62064,50578,11840,46
62065,50579,11840,35
62066,50580,11840,57
62067,50580,11875,46
62068,50581,11876,84
62069,50582,11876,60
62070,50583,11876,92
62071,50584,11876,5
62072,50584,11911,87
62073,50585,11702,94
62074,50586,11702,68
62075,50587,11702,32
62076,50587,11737,20
62077,50588,11737,78
62078,50589,11703,17
62079,50589,11738,34
62080,50590,11738,89
62081,50591,11738,47
62082,50592,11738,43
62083,50593,11634,69
62084,50594,11634,91
62085,50595,11634,45
62086,50595,11669,2
62087,50596,11669,61
62088,50597,11600,91
62089,50598,11600,7
62090,50598,11635,74
62091,50599,11635,82
62092,50600,11635,24
62093,50601,11671,70
62094,50602,11671,30
62095,50602,11706,5
62096,50603,11706,36
62097,50604,11706,75
62098,50605,11742,64
62099,50606,11742,35
62100,50607,11742,36
62101,50608,11742,72
62102,50609,11638,33
62103,50609,11673,31
62104,50610,11673,24
62105,50611,11673,66
62106,50612,11673,25
62107,50613,11954,19
62108,50613,11989,63
62109,50614,11989,85
62110,50615,11989,28
62111,50616,11989,63
62112,50617,11850,85
62113,50618,11850,60
62114,50619,11850,18
62115,50619,11885,10
62116,50620,11885,103
62117,50621,11746,57
62118,50622,11746,63
62119,50623,11746,37
62120,50624,11746,22
62121,50624,11781,27
62122,50625,11992,88
62123,50626,11992,59
62124,50627,11992,34
62125,50628,11992,25
62126,50628,12027,40
62127,50629,11923,103
62128,50630,11923,28
62129,50631,11923,49
62130,50632,11923,101
62131,50632,11958,24
62132,50633,11259,90
62133,50634,11259,9
62134,50634,11294,48
62135,50635,11294,76
62136,50636,11294,45
62137,50636,11329,57
62138,50637,11820,81
62139,50638,11820,38
62140,50639,11820,55
62141,50639,11855,3
62142,50640,11855,98
62143,50641,11611,107
62144,50642,11611,72
62145,50643,11611,19
62146,50643,11646,33
62147,50644,11646,121
62148,50645,11577,46
62149,50646,11577,61
62150,50647,11577,62
62151,50648,11577,40
62152,50648,11612,9
62153,50649,11753,42
62154,50650,11753,84
62155,50651,11753,54
62156,50652,11753,90
62157,50653,12174,60
62158,50654,12174,35
62159,50655,12174,39
62160,50655,12209,19
62161,50656,12209,47
62162,50657,11510,79
62163,50658,11510,39
62164,50658,11545,26
62165,50659,11545,61
62166,50660,11545,34
62167,50660,11580,45
62168,50661,11791,92
62169,50662,11791,38
62170,50663,11791,22
62171,50664,11791,49
62172,50665,11617,49
62173,50665,11652,48
62174,50666,11652,60
62175,50667,11652,26
62176,50668,11652,121
62177,50669,11863,88
62178,50670,11863,40
62179,50670,11898,44
62180,50671,11898,19
62181,50672,11898,37
62182,50673,11269,77
62183,50673,11304,16
62184,50674,11304,66
62185,50675,11304,64
62186,50676,11304,6
62187,50676,11339,92
62188,50677,11935,101
62189,50678,11935,30
62190,50679,11935,29
62191,50680,11935,71
62192,50681,11341,29
62193,50681,11376,51
62194,50682,11376,58
62195,50683,11376,38
62196,50684,11376,66
62197,50685,11657,78
62198,50686,11657,50
62199,50687,11657,31
62200,50688,11657,16
62201,50688,11692,74
62202,50689,11798,69
62203,50690,11798,32
62204,50691,11798,4
62205,50691,11833,39
62206,50692,11833,38
62207,50693,11694,58
62208,50694,11694,105
62209,50694,11729,15
62210,50695,11729,71
62211,50696,11729,55
62212,50697,11450,63
62213,50697,11485,10
62214,50698,11485,110
62215,50699,11485,30
62216,50700,11485,17
62217,50700,11520,36
62218,50701,11766,27
62219,50701,11801,18
62220,50702,11801,60
62221,50703,11801,37
62222,50704,11801,39
62223,50705,11977,43
62224,50705,12012,46
62225,50706,12012,63
62226,50707,12012,42
62227,50708,12012,76
62228,50709,11663,64
62229,50710,11663,66
62230,50711,11663,66
62231,50712,11663,28
62232,50712,11698,16
62233,50713,11664,79
62234,50713,11699,101
62235,50714,11699,29
62236,50715,11699,24
62237,50716,11699,98
62238,50717,11875,100
62239,50718,11875,84
62240,50719,11875,49
62241,50720,11875,67
62242,50720,11910,4
62243,50721,11911,42
62244,50721,11946,12
62245,50722,11946,47
62246,50723,11946,37
62247,50724,11946,91
62248,50725,11737,133
62249,50725,11772,6
62250,50726,11772,45
62251,50727,11772,69
62252,50728,11772,45
62253,50729,11738,67
62254,50730,11738,56
62255,50731,11738,36
62256,50731,11773,17
62257,50732,11773,53
62258,50733,11669,62
62259,50734,11669,48
62260,50734,11704,19
62261,50735,11704,47
62262,50736,11704,51
62263,50737,11635,72
62264,50738,11635,9
62265,50738,11670,37
62266,50739,11670,70
62267,50740,11670,33
62268,50741,11706,49
62269,50741,11741,2
62270,50742,11741,30
62271,50743,11741,36
62272,50744,11741,88
62273,50745,11742,97
62274,50746,11742,22
62275,50746,11777,81
62276,50747,11777,61
62277,50748,11777,74
62278,50749,11673,102
62279,50750,11673,10
62280,50750,11708,29
62281,50751,11708,17
62282,50752,11708,37
62283,50753,11989,58
62284,50754,11989,7
62285,50754,12024,89
62286,50755,12024,27
62287,50756,12024,94
62288,50757,11885,44
62289,50758,11885,54
62290,50759,11885,69
62291,50760,11885,61
62292,50761,11781,70
62293,50762,11781,76
62294,50763,11781,34
62295,50764,11781,102
62296,50764,11816,29
62297,50765,12027,59
62298,50766,12027,57
62299,50767,12027,46
62300,50768,12027,64
62301,50768,12062,8
62302,50769,11958,124
62303,50770,11958,51
62304,50771,11958,31
62305,50772,11958,54
62306,50773,11329,85
62307,50774,11329,22
62308,50774,11364,39
62309,50775,11364,39
62310,50776,11364,52
62311,50777,11855,70
62312,50778,11855,35
62313,50779,11855,33
62314,50780,11855,21
62315,50780,11890,30
62316,50781,11646,83
62317,50781,11681,21
62318,50782,11681,78
62319,50783,11681,27
62320,50784,11681,48
62321,50785,11612,141
62322,50786,11612,46
62323,50787,11612,34
62324,50788,11612,1
62325,50788,11647,60
62326,50789,11753,44
62327,50790,11753,19
62328,50790,11788,46
62329,50791,11788,25
62330,50792,11788,46
62331,50793,12209,59
62332,50794,12209,7
62333,50794,12244,61
62334,50795,12244,34
62335,50795,12279,15
62336,50796,12279,70
62337,50797,11580,70
62338,50798,11580,35
62339,50799,11580,37
62340,50800,11580,43
62341,50800,11615,31
62342,50801,11791,53
62343,50802,11791,27
62344,50802,11826,3
62345,50803,11826,31
62346,50804,11826,53
62347,50805,11652,4
62348,50805,11687,51
62349,50806,11687,108
62350,50807,11687,24
62351,50808,11687,49
62352,50808,11722,8
62353,50809,11898,147
62354,50810,11898,46
62355,50811,11898,30
62356,50812,11898,32
62357,50813,11339,64
62358,50813,11374,39
62359,50814,11374,53
62360,50815,11374,47
62361,50816,11374,4
62362,50816,11409,61
62363,50817,11935,77
62364,50818,11935,41
62365,50818,11970,34
62366,50819,11970,60
62367,50820,11970,59
62368,50821,11376,25
62369,50822,11376,17
62370,50822,11411,28
62371,50823,11411,24
62372,50824,11411,37
62373,50825,11692,51
62374,50826,11692,18
62375,50827,11692,20
62376,50828,11692,21
62377,50829,11833,28
62378,50830,11833,36
62379,50831,11833,12
62380,50832,11833,29
62381,50833,11729,77
62382,50834,11729,35
62383,50835,11729,31
62384,50836,11729,32
62385,50837,11520,21
62386,50838,11520,20
62387,50839,11520,16
62388,50840,11520,14
62389,50841,11801,64
62390,50842,11801,29
62391,50842,11836,11
62392,50843,11836,17
62393,50844,11836,40
62394,50845,12012,17
62395,50845,12047,2
62396,50846,12047,39
62397,50847,12047,15
62398,50848,12047,14
62399,50849,11698,35
62400,50850,11698,35
62401,50851,11698,28
62402,50852,11698,25
62403,50853,11699,2
62404,50853,11734,27
62405,50854,11734,22
62406,50855,11734,14
62407,50856,11734,22
62408,50857,11910,25
62409,50858,11910,14
62410,50859,11910,42
62411,50860,11910,36
62412,50861,11946,32
62413,50862,11946,33
62414,50863,11946,9
62415,50864,11946,17
62416,50865,11772,52
62417,50866,11772,25
62418,50867,11772,41
62419,50868,11772,15
62420,50868,11807,24
62421,50869,11773,24
62422,50870,11773,16
62423,50871,11773,34
62424,50872,11773,40
62425,50873,11704,33
62426,50874,11704,21
62427,50875,11704,20
62428,50876,11704,37
62429,50877,11670,70
62430,50877,11705,3
62431,50878,11705,29
62432,50879,11705,25
62433,50880,11705,47
62434,50881,11741,37
62435,50882,11741,53
62436,50883,11741,28
62437,50884,11741,15
62438,50884,11776,13
62439,50885,11777,60
62440,50886,11777,12
62441,50886,11812,10
62442,50887,11812,15
62443,50888,11812,48
62444,50889,11708,64
62445,50890,11708,35
62446,50891,11708,51
62447,50892,11708,4
62448,50892,11743,34
62449,50893,12024,27
62450,50894,12024,23
62451,50895,12024,14
62452,50896,12024,7
62453,50896,12059,27
62454,50897,11885,14
62455,50897,11920,27
62456,50898,11920,23
62457,50899,11920,24
62458,50900,11920,22
62459,50901,11816,79
62460,50902,11816,47
62461,50903,11816,11
62462,50904,11816,28
62463,50905,12062,36
62464,50906,12062,29
62465,50907,12062,19
62466,50908,12062,50
62467,50909,11958,47
62468,50909,11993,5
62469,50910,11993,29
62470,50911,11993,13
62471,50912,11993,21
62472,50913,11364,27
62473,50914,11364,36
62474,50915,11364,10
62475,50915,11399,5
62476,50916,11399,31
62477,50917,11890,57
62478,50918,11890,30
62479,50919,11890,13
62480,50920,11890,37
62481,50921,11681,35
62482,50922,11681,16
62483,50923,11681,30
62484,50924,11716,42
62485,50925,11647,38
62486,50926,11647,19
62487,50927,11647,32
62488,50928,11647,15
62489,50928,11682,14
62490,50929,11788,19
62491,50930,11788,26
62492,50931,11788,22
62493,50932,11788,35
62494,50933,12279,27
62495,50934,12279,31
62496,50935,12279,5
62497,50935,12314,1
62498,50936,12314,25
62499,50937,11615,45
62500,50938,11615,33
62501,50939,11615,14
62502,50940,11615,24
62503,50941,11826,17
62504,50942,11826,18
62505,50943,11826,24
62506,50944,11826,33
62507,50945,11722,33
62508,50946,11722,34
62509,50947,11722,16
62510,50948,11722,34
62511,50949,11898,28
62512,50949,11933,1
62513,50950,11933,34
62514,50951,11933,22
62515,50952,11933,27
62516,50953,11409,63
62517,50954,11409,41
62518,50955,11409,18
62519,50955,11444,9
62520,50956,11444,33
62521,50957,11970,47
62522,50958,11970,21
62523,50959,11970,9
62524,50960,11970,24
62525,50961,11411,66
62526,50962,11411,26
62527,50963,11411,11
62528,50963,11446,28
62529,50964,11446,24
62530,50965,11692,17
62531,50965,11727,24
62532,50966,11727,47
62533,50967,11727,12
62534,50968,11727,42
62535,50969,11833,50
62536,50970,11833,22
62537,50971,11833,18
62538,50972,11833,19
62539,50973,11729,33
62540,50974,11729,29
62541,50974,11764,4
62542,50975,11764,10
62543,50976,11764,36
62544,50977,11520,34
62545,50978,11520,25
62546,50979,11520,13
62547,50980,11520,28
62548,50980,11555,19
62549,50981,11836,35
62550,50982,11836,47
62551,50983,11836,8
62552,50984,11836,19
62553,50985,12047,64
62554,50986,12047,41
62555,50987,12047,41
62556,50988,12047,35
62557,50989,11698,32
62558,50990,11698,37
62559,50991,11698,12
62560,50992,11698,13
62561,50992,11733,23
62562,50993,11734,30
62563,50994,11734,19
62564,50995,11734,22
62565,50996,11734,35
62566,50997,11910,47
62567,50998,11910,33
62568,50999,11910,23
62569,51000,11910,48
62570,51001,11946,26
62571,51002,11946,35
62572,51003,11946,35
62573,51004,11946,39
62574,51004,11981,18
62575,51005,11807,40
62576,51006,11807,30
62577,51007,11807,18
62578,51008,11807,46
62579,51009,11773,29
62580,51010,11773,26
62581,51011,11773,23
62582,51012,11773,10
62583,51012,11808,22
62584,51013,11704,16
62585,51013,11739,14
62586,51014,11739,8
62587,51015,11739,7
62588,51016,11739,28
62589,51017,11705,56
62590,51018,11705,22
62591,51019,11705,13
62592,51019,11740,9
62593,51020,11740,47
62594,51021,11776,60
62595,51022,11776,34
62596,51023,11776,7
62597,51024,11776,18
62598,51025,11812,48
62599,51026,11812,24
62600,51027,11812,20
62601,51028,11812,24
62602,51029,11743,53
62603,51030,11743,37
62604,51031,11743,24
62605,51032,11743,28
62606,51033,12059,36
62607,51034,12059,13
62608,51035,12059,16
62609,51036,12059,44
62610,51037,11920,27
62611,51038,11920,9
62612,51039,11920,35
62613,51040,11920,25
62614,51041,11816,36
62615,51042,11816,31
62616,51043,11816,25
62617,51044,11816,59
62618,51045,12062,50
62619,51046,12062,27
62620,51047,12062,10
62621,51048,12062,22
62622,51049,11993,65
62623,51050,11993,50
62624,51051,11993,13
62625,51051,12028,3
62626,51052,12028,39
62627,51053,11399,72
62628,51054,11399,14
62629,51055,11399,12
62630,51056,11399,26
62631,51057,11890,24
62632,51058,11890,12
62633,51059,11890,8
62634,51060,11890,36
62635,51061,11716,33
62636,51062,11716,23
62637,51063,11716,34
62638,51064,11716,37
62639,51065,11682,49
62640,51066,11682,44
62641,51067,11682,39
62642,51068,11682,24
62643,51069,11788,21
62644,51070,11788,12
62645,51071,11788,6
62646,51071,11823,17
62647,51072,11823,19
62648,51073,12314,38
62649,51074,12314,48
62650,51075,12314,24
62651,51076,12314,37
62652,51077,11615,37
62653,51078,11615,42
62654,51079,11615,27
62655,51080,11615,21
62656,51080,11650,3
62657,51081,11826,55
62658,51082,11826,9
62659,51083,11826,26
62660,51084,11826,47
62661,51085,11722,11
62662,51086,11722,7
62663,51087,11722,24
62664,51088,11722,12
62665,51088,11757,11
62666,51089,11933,25
62667,51090,11933,19
62668,51091,11933,20
62669,51092,11933,47
62670,51092,11968,1
62671,51093,11444,32
62672,51094,11444,24
62673,51095,11444,17
62674,51096,11444,66
62675,51096,11479,20
62676,51097,11970,30
62677,51098,11970,47
62678,51099,11970,1
62679,51099,12005,25
62680,51100,12005,19
62681,51101,11446,53
62682,51102,11446,33
62683,51103,11446,28
62684,51104,11446,53
62685,51104,11481,2
62686,51105,11727,70
62687,51106,11727,13
62688,51107,11727,25
62689,51107,11762,2
62690,51108,11762,83
62691,51109,11833,56
62692,51110,11833,14
62693,51110,11868,4
62694,51111,11868,19
62695,51112,11868,23
62696,51113,11764,37
62697,51114,11764,49
62698,51115,11764,25
62699,51116,11764,44
62700,51117,11555,23
62701,51118,11555,26
62702,51119,11555,17
62703,51120,11555,31
62704,51121,11836,25
62705,51122,11836,31
62706,51122,11871,4
62707,51123,11871,32
62708,51124,11871,11
62709,51125,12047,21
62710,51125,12082,25
62711,51126,12082,17
62712,51127,12082,37
62713,51128,12082,23
62714,51129,11733,42
62715,51130,11733,39
62716,51131,11733,14
62717,51132,11733,36
62718,51133,11734,88
62719,51134,11734,29
62720,51135,11734,39
62721,51136,11734,41
62722,51137,11910,38
62723,51137,11945,29
62724,51138,11945,48
62725,51139,11945,29
62726,51140,11945,41
62727,51141,11981,52
62728,51142,11981,22
62729,51143,11981,16
62730,51144,11981,37
62731,51145,11807,30
62732,51146,11807,50
62733,51147,11807,15
62734,51148,11807,21
62735,51149,11808,68
62736,51150,11808,30
62737,51151,11808,29
62738,51152,11808,44
62739,51153,11739,73
62740,51154,11739,44
62741,51155,11739,28
62742,51156,11739,27
62743,51157,11740,41
62744,51158,11740,21
62745,51159,11740,57
62746,51160,11740,39
62747,51161,11776,74
62748,51162,11776,31
62749,51162,11811,1
62750,51163,11811,19
62751,51164,11811,45
62752,51165,11812,29
62753,51166,11812,37
62754,51167,11812,37
62755,51168,11812,27
62756,51169,11743,61
62757,51170,11743,28
62758,51171,11743,12
62759,51172,11743,15
62760,51172,11778,13
62761,51173,12059,15
62762,51174,12059,20
62763,51175,12059,22
62764,51176,12059,1
62765,51176,12094,30
62766,51177,11920,53
62767,51178,11920,30
62768,51178,11955,4
62769,51179,11955,26
62770,51180,11955,24
62771,51181,11816,9
62772,51181,11851,19
62773,51182,11851,50
62774,51183,11851,24
62775,51184,11851,33
62776,51185,12062,26
62777,51186,12062,21
62778,51187,12062,39
62779,51188,12097,36
62780,51189,12028,28
62781,51190,12028,27
62782,51191,12028,28
62783,51192,12028,37
62784,51193,11399,18
62785,51193,11434,37
62786,51194,11434,15
62787,51195,11434,25
62788,51196,11434,30
62789,51197,11890,42
62790,51198,11890,20
62791,51199,11890,33
62792,51200,11890,17
62793,51200,11925,22
62794,51201,11716,39
62795,51201,11751,31
62796,51202,11751,41
62797,51203,11751,16
62798,51204,11751,13
62799,51205,11682,19
62800,51206,11682,13
62801,51206,11717,12
62802,51207,11717,18
62803,51208,11717,35
62804,51209,11823,49
62805,51210,11823,43
62806,51211,11823,26
62807,51212,11823,29
62808,51213,12314,37
62809,51213,12349,16
62810,51214,12349,8
62811,51215,12349,34
62812,51216,12349,46
62813,51217,11650,28
62814,51218,11650,17
62815,51219,11650,38
62816,51220,11650,26
62817,51221,11826,4
62818,51221,11861,16
62819,51222,11861,11
62820,51223,11861,23
62821,51224,11861,51
62822,51225,11757,54
62823,51226,11757,30
62824,51227,11757,16
62825,51228,11757,61
62826,51229,11968,53
62827,51230,11968,28
62828,51231,11968,11
62829,51232,11968,41
62830,51233,11479,28
62831,51234,11479,16
62832,51235,11479,21
62833,51236,11479,52
62834,51237,12005,59
62835,51238,12005,15
62836,51239,12005,25
62837,51240,12005,26
62838,51241,11481,30
62839,51242,11481,34
62840,51243,11481,25
62841,51244,11481,43
62842,51245,11762,23
62843,51246,11762,33
62844,51247,11762,25
62845,51248,11762,28
62846,51249,11868,62
62847,51250,11868,52
62848,51251,11868,42
62849,51252,11868,25
62850,51253,11764,55
62851,51254,11764,45
62852,51254,11799,10
62853,51255,11799,65
62854,51256,11799,65
62855,51257,11555,70
62856,51258,11555,38
62857,51259,11555,15
62858,51259,11590,3
62859,51260,11590,63
62860,51261,11871,99
62861,51262,11871,44
62862,51263,11871,39
62863,51264,11871,23
62864,51264,11906,27
62865,51265,12082,37
62866,51265,12117,30
62867,51266,12117,47
62868,51267,12117,33
62869,51268,12117,27
62870,51269,11733,37
62871,51270,11733,44
62872,51271,11733,16
62873,51272,11733,28
62874,51272,11768,1
62875,51273,11734,32
62876,51274,11734,6
62877,51274,11769,15
62878,51275,11769,29
62879,51276,11769,31
62880,51277,11945,44
62881,51278,11945,1
62882,51278,11980,51
62883,51279,11980,26
62884,51280,11980,33
62885,51281,11981,86
62886,51282,11981,36
62887,51283,11981,28
62888,51284,11981,11
62889,51284,12016,34
62890,51285,11807,33
62891,51285,11842,27
62892,51286,11842,41
62893,51287,11842,38
62894,51288,11842,50
62895,51289,11808,58
62896,51290,11808,37
62897,51290,11843,2
62898,51291,11843,36
62899,51292,11843,54
62900,51293,11739,33
62901,51294,11739,47
62902,51294,11774,2
62903,51295,11774,17
62904,51296,11774,23
62905,51297,11740,42
62906,51298,11740,26
62907,51299,11740,17
62908,51300,11740,30
62909,51300,11775,28
62910,51301,11811,40
62911,51302,11811,22
62912,51303,11811,36
62913,51304,11811,29
62914,51304,11846,21
62915,51305,11812,33
62916,51306,11812,27
62917,51306,11847,18
62918,51307,11847,32
62919,51308,11847,50
62920,51309,11778,47
62921,51310,11778,63
62922,51311,11778,18
62923,51312,11778,88
62924,51313,12094,22
62925,51314,12094,42
62926,51315,12094,37
62927,51316,12094,1
62928,51316,12129,41
62929,51317,11955,27
62930,51318,11955,60
62931,51319,11955,17
62932,51320,11955,40
62933,51321,11851,40
62934,51322,11851,58
62935,51323,11851,51
62936,51324,11851,37
62937,51325,12097,73
62938,51326,12097,23
62939,51326,12132,35
62940,51327,12132,55
62941,51328,12132,24
62942,51329,12028,59
62943,51330,12028,21
62944,51331,12028,24
62945,51332,12028,52
62946,51333,11434,40
62947,51333,11469,50
62948,51334,11469,61
62949,51335,11469,54
62950,51336,11469,19
62951,51336,11504,15
62952,51337,11925,85
62953,51338,11925,23
62954,51339,11925,17
62955,51340,11925,24
62956,51341,11751,53
62957,51342,11751,33
62958,51343,11751,35
62959,51344,11751,49
62960,51345,11717,58
62961,51346,11717,40
62962,51347,11717,29
62963,51348,11717,23
62964,51349,11823,24
62965,51350,11823,25
62966,51351,11823,13
62967,51352,11823,16
62968,51352,11858,52
62969,51353,12349,32
62970,51353,12384,26
62971,51354,12384,35
62972,51355,12384,23
62973,51356,12384,7
62974,51356,12419,36
62975,51357,11650,85
62976,51358,11685,58
62977,51359,11685,40
62978,51360,11685,37
62979,51361,11861,38
62980,51362,11861,56
62981,51363,11861,18
62982,51364,11861,31
62983,51364,11896,31
62984,51365,11757,50
62985,51366,11757,29
62986,51367,11757,39
62987,51368,11757,26
62988,51369,11968,48
62989,51370,11968,25
62990,51371,11968,29
62991,51371,12003,15
62992,51372,12003,58
62993,51373,11479,67
62994,51374,11479,15
62995,51374,11514,41
62996,51375,11514,16
62997,51376,11514,25
62998,51377,12005,30
62999,51378,12005,28
63000,51379,12005,1
63001,51379,12040,28
63002,51380,12040,61
63003,51381,11481,8
63004,51381,11516,43
63005,51382,11516,51
63006,51383,11516,33
63007,51384,11516,38
63008,51384,11551,31
63009,51385,11762,56
63010,51386,11762,16
63011,51387,11762,22
63012,51388,11762,8
63013,51388,11797,33
63014,51389,11868,11
63015,51389,11903,44
63016,51390,11903,38
63017,51391,11903,48
63018,51392,11903,57
63019,51393,11799,108
63020,51394,11799,8
63021,51394,11834,32
63022,51395,11834,27
63023,51396,11834,29
63024,51397,11590,20
63025,51398,11590,53
63026,51399,11590,31
63027,51400,11590,2
63028,51400,11625,40
63029,51401,11906,42
63030,51402,11906,31
63031,51403,11906,18
63032,51404,11906,76
63033,51405,12117,26
63034,51405,12152,29
63035,51406,12152,60
63036,51407,12152,20
63037,51408,12152,46
63038,51408,12187,3
63039,51409,11768,70
63040,51410,11768,53
63041,51411,11768,30
63042,51412,11768,22
63043,51413,11769,85
63044,51414,11769,43
63045,51415,11769,31
63046,51416,11769,33
63047,51417,11980,45
63048,51418,11980,55
63049,51419,11980,53
63050,51420,11980,42
63051,51420,12015,50
63052,51421,12016,24
63053,51422,12016,47
63054,51423,12016,40
63055,51424,12016,42
63056,51424,12051,34
63057,51425,11842,51
63058,51425,11877,3
63059,51426,11877,56
63060,51427,11877,40
63061,51428,11877,81
63062,51429,11843,91
63063,51430,11843,56
63064,51431,11843,20
63065,51432,11843,50
63066,51432,11878,24
63067,51433,11774,57
63068,51434,11774,52
63069,51435,11774,61
63070,51436,11774,66
63071,51437,11775,46
63072,51438,11775,33
63073,51439,11775,19
63074,51440,11775,84
63075,51441,11846,42
63076,51442,11846,40
63077,51443,11846,23
63078,51444,11846,50
63079,51445,11847,71
63080,51446,11847,24
63081,51447,11847,31
63082,51448,11847,39
63083,51449,11778,5
63084,51449,11813,55
63085,51450,11813,49
63086,51451,11813,21
63087,51452,11813,76
63088,51453,12129,54
63089,51454,12129,37
63090,51455,12129,29
63091,51456,12129,19
63092,51456,12164,17
63093,51457,11955,30
63094,51457,11990,2
63095,51458,11990,51
63096,51459,11990,27
63097,51460,11990,28
63098,51461,11886,59
63099,51462,11886,47
63100,51463,11886,25
63101,51464,11886,62
63102,51465,12132,7
63103,51465,12167,88
63104,51466,12167,12
63105,51466,12202,26
63106,51467,12202,4
63107,51468,12202,71
63108,51469,12028,13
63109,51469,12063,28
63110,51470,12063,50
63111,51471,12063,50
63112,51472,12063,25
63113,51473,11504,79
63114,51474,11504,65
63115,51475,11504,20
63116,51475,11539,7
63117,51476,11539,54
63118,51477,11925,40
63119,51478,11925,30
63120,51479,11925,6
63121,51479,11960,14
63122,51480,11960,37
63123,51481,11751,9
63124,51481,11786,65
63125,51482,11786,30
63126,51483,11786,42
63127,51484,11786,35
63128,51485,11717,53
63129,51486,11717,13
63130,51486,11752,23
63131,51487,11752,23
63132,51488,11752,27
63133,51489,11858,61
63134,51490,11858,56
63135,51491,11858,50
63136,51492,11858,38
63137,51492,11893,19
63138,51493,12419,66
63139,51494,12419,68
63140,51495,12419,19
63141,51495,12454,14
63142,51496,12454,25
63143,51497,11685,54
63144,51497,11720,12
63145,51498,11720,81
63146,51499,11720,20
63147,51500,11720,34
63148,51501,11896,99
63149,51502,11896,35
63150,51503,11896,34
63151,51504,11896,13
63152,51504,11931,39
63153,51505,11757,53
63154,51506,11757,52
63155,51507,11757,21
63156,51507,11792,15
63157,51508,11792,47
63158,51509,12003,67
63159,51510,12003,20
63160,51511,12003,9
63161,51511,12038,51
63162,51512,12038,50
63163,51513,11514,64
63164,51514,11514,73
63165,51515,11514,8
63166,51515,11549,22
63167,51516,11549,60
63168,51517,12040,57
63169,51518,12040,32
63170,51519,12040,49
63171,51520,12040,48
63172,51521,11551,70
63173,51522,11551,40
63174,51523,11551,49
63175,51523,11586,22
63176,51524,11586,78
63177,51525,11797,78
63178,51526,11797,63
63179,51527,11797,85
63180,51528,11797,32
63181,51529,11903,90
63182,51530,11903,14
63183,51530,11938,11
63184,51531,11938,37
63185,51532,11938,63
63186,51533,11834,90
63187,51534,11834,24
63188,51535,11834,33
63189,51536,11834,51
63190,51537,11625,85
63191,51538,11625,98
63192,51539,11625,13
63193,51539,11660,13
63194,51540,11660,61
63195,51541,11906,143
63196,51542,11906,39
63197,51542,11941,48
63198,51543,11941,42
63199,51544,11941,66
63200,51545,12187,82
63201,51546,12187,25
63202,51547,12187,27
63203,51547,12222,37
63204,51548,12222,117
63205,51549,11768,86
63206,51550,11768,65
63207,51551,11768,5
63208,51551,11803,35
63209,51552,11803,66
63210,51553,11769,50
63211,51553,11804,23
63212,51554,11804,50
63213,51555,11804,29
63214,51556,11804,107
63215,51557,12015,91
63216,51558,12015,43
63217,51559,12015,74
63218,51560,12015,1
63219,51560,12050,82
63220,51561,12051,86
63221,51562,12051,83
63222,51563,12051,41
63223,51564,12051,78
63224,51565,11877,66
63225,51566,11877,45
63226,51567,11877,24
63227,51568,11877,26
63228,51568,11912,34
63229,51569,11878,102
63230,51570,11878,42
63231,51571,11878,74
63232,51572,11878,41
63233,51573,11774,67
63234,51574,11774,7
63235,51574,11809,32
63236,51575,11809,27
63237,51576,11809,68
63238,51577,11775,47
63239,51578,11775,48
63240,51579,11775,17
63241,51579,11810,12
63242,51580,11810,49
63243,51581,11846,37
63244,51582,11846,42
63245,51583,11846,53
63246,51584,11846,30
63247,51584,11881,35
63248,51585,11847,21
63249,51585,11882,62
63250,51586,11882,31
63251,51587,11882,74
63252,51588,11882,40
63253,51589,11813,18
63254,51589,11848,65
63255,51590,11848,73
63256,51591,11848,42
63257,51592,11848,100
63258,51593,12164,95
63259,51594,12164,10
63260,51594,12199,76
63261,51595,12199,45
63262,51596,12199,27
63263,51596,12234,39
63264,51597,11990,108
63265,51598,11990,54
63266,51599,11990,73
63267,51599,12025,9
63268,51600,12025,80
63269,51601,11886,41
63270,51601,11921,54
63271,51602,11921,29
63272,51603,11921,32
63273,51604,11921,98
63274,51605,12202,27
63275,51606,12202,1
63276,51606,12237,91
63277,51607,12237,20
63278,51608,12237,3
63279,51608,12272,30
63280,51609,12063,94
63281,51610,12098,56
63282,51611,12098,61
63283,51612,12098,66
63284,51612,12133,11
63285,51613,11539,44
63286,51614,11539,66
63287,51614,11574,12
63288,51615,11574,66
63289,51616,11574,55
63290,51617,11960,57
63291,51618,11960,55
63292,51619,11960,49
63293,51620,11960,55
63294,51620,11995,59
63295,51621,11786,60
63296,51622,11786,78
63297,51622,11821,4
63298,51623,11821,33
63299,51624,11821,59
63300,51625,11752,82
63301,51626,11752,47
63302,51627,11752,106
63303,51628,11752,1
63304,51628,11787,63
63305,51629,11893,41
63306,51630,11893,47
63307,51631,11893,47
63308,51632,11893,25
63309,51633,12454,105
63310,51634,12454,1
63311,51634,12489,24
63312,51635,12489,30
63313,51636,12489,60
63314,51637,11720,85
63315,51637,11755,11
63316,51638,11755,71
63317,51639,11755,58
63318,51640,11755,81
63319,51641,11931,60
63320,51642,11931,88
63321,51643,11931,24
63322,51644,11931,16
63323,51644,11966,110
63324,51645,11792,61
63325,51646,11792,39
63326,51647,11792,95
63327,51648,11792,46
63328,51648,11827,55
63329,51649,12038,110
63330,51650,12038,34
63331,51650,12073,12
63332,51651,12073,61
63333,51652,12073,113
63334,51653,11549,84
63335,51653,11584,12
63336,51654,11584,48
63337,51655,11584,66
63338,51656,11584,45
63339,51657,12040,6
63340,51657,12075,83
63341,51658,12075,56
63342,51659,12075,22
63343,51660,12075,59
63344,51661,11586,52
63345,51662,11586,24
63346,51663,11586,27
63347,51663,11621,35
63348,51664,11621,74
63349,51665,11797,22
63350,51665,11832,28
63351,51666,11832,47
63352,51667,11832,41
63353,51668,11832,66
63354,51669,11938,62
63355,51670,11938,49
63356,51671,11938,53
63357,51672,11938,7
63358,51672,11973,61
63359,51673,11834,46
63360,51673,11869,52
63361,51674,11869,38
63362,51675,11869,41
63363,51676,11869,36
63364,51677,11660,78
63365,51678,11660,31
63366,51679,11660,30
63367,51680,11660,41
63368,51681,11941,54
63369,51682,11941,34
63370,51683,11941,15
63371,51684,11941,9
63372,51684,11976,73
63373,51685,12222,42
63374,51685,12257,59
63375,51686,12257,35
63376,51687,12257,54
63377,51688,12257,6
63378,51688,12292,39
63379,51689,11803,52
63380,51690,11803,69
63381,51690,11838,23
63382,51691,11838,35
63383,51692,11838,48
63384,51693,11804,46
63385,51694,11804,52
63386,51695,11804,38
63387,51695,11839,57
63388,51696,11839,86
63389,51697,12050,103
63390,51698,12050,37
63391,51699,12050,28
63392,51700,12050,31
63393,51700,12085,43
63394,51701,12051,66
63395,51702,12051,24
63396,51702,12086,47
63397,51703,12086,55
63398,51704,12086,12
63399,51704,12121,72
63400,51705,11912,107
63401,51706,11912,55
63402,51707,11912,42
63403,51707,11947,18
63404,51708,11947,92
63405,51709,11878,16
63406,51709,11913,101
63407,51710,11913,45
63408,51711,11913,47
63409,51711,11948,24
63410,51712,11948,59
63411,51713,11809,74
63412,51714,11809,33
63413,51715,11809,62
63414,51716,11809,29
63415,51716,11844,24
63416,51717,11810,90
63417,51718,11810,42
63418,51719,11810,83
63419,51720,11810,19
63420,51721,11881,118
63421,51722,11881,4
63422,51722,11916,76
63423,51723,11916,36
63424,51724,11916,68
63425,51725,11882,103
63426,51726,11882,4
63427,51726,11917,42
63428,51727,11917,42
63429,51728,11917,122
63430,51729,11848,56
63431,51729,11883,73
63432,51730,11883,62
63433,51731,11883,68
63434,51732,11883,76
63435,51733,12234,82
63436,51734,12234,15
63437,51734,12269,51
63438,51735,12269,23
63439,51736,12269,66
63440,51736,12304,6
63441,51737,12025,78
63442,51738,12025,2
63443,51738,12060,63
63444,51739,12060,55
63445,51740,12060,36
63446,51741,11921,69
63447,51742,11921,22
63448,51742,11956,22
63449,51743,11956,40
63450,51744,11956,67
63451,51745,12272,43
63452,51746,12272,41
63453,51747,12272,41
63454,51748,12272,14
63455,51748,12307,48
63456,51749,12133,59
63457,51750,12133,27
63458,51751,12133,36
63459,51751,12168,1
63460,51752,12168,69
63461,51753,11574,79
63462,51754,11574,21
63463,51754,11609,56
63464,51755,11609,65
63465,51756,11609,37
63466,51757,11995,61
63467,51758,11995,60
63468,51759,11995,30
63469,51760,11995,33
63470,51761,11821,64
63471,51762,11821,56
63472,51763,11821,48
63473,51764,11821,39
63474,51764,11856,26
63475,51765,11787,115
63476,51766,11787,18
63477,51766,11822,29
63478,51767,11822,51
63479,51768,11822,97
63480,51769,11893,69
63481,51770,11893,24
63482,51770,11928,16
63483,51771,11928,39
63484,51772,11928,24
63485,51773,12489,41
63486,51774,12489,41
63487,51775,12489,14
63488,51775,12524,38
63489,51776,12524,92
63490,51777,11755,55
63491,51778,11755,32
63492,51779,11755,33
63493,51780,11755,27
63494,51780,11790,9
63495,51781,11966,81
63496,51782,11966,36
63497,51783,11966,20
63498,51784,11966,41
63499,51785,11827,98
63500,51786,11827,121
63501,51787,11827,10
63502,51787,11862,65
63503,51788,11862,92
63504,51789,12073,87
63505,51789,12108,15
63506,51790,12108,60
63507,51791,12108,52
63508,51792,12108,37
63509,51793,11584,49
63510,51794,11584,37
63511,51794,11619,30
63512,51795,11619,27
63513,51796,11619,69
63514,51797,12075,56
63515,51798,12075,41
63516,51799,12075,34
63517,51799,12110,10
63518,51800,12110,63
63519,51801,11621,31
63520,51802,11621,40
63521,51803,11621,11
63522,51804,11621,20
63523,51805,11832,26
63524,51805,11867,26
63525,51806,11867,15
63526,51807,11867,39
63527,51808,11867,25
63528,51809,11973,45
63529,51810,11973,30
63530,51811,11973,39
63531,51812,11973,11
63532,51813,11869,53
63533,51814,11869,9
63534,51814,11904,25
63535,51815,11904,12
63536,51816,11904,41
63537,51817,11660,30
63538,51818,11660,2
63539,51818,11695,33
63540,51819,11695,27
63541,51820,11695,47
63542,51821,11976,31
63543,51822,11976,22
63544,51823,11976,17
63545,51824,11976,42
63546,51825,12292,58
63547,51826,12292,22
63548,51827,12292,19
63549,51828,12292,3
63550,51828,12327,48
63551,51829,11838,37
63552,51830,11838,33
63553,51831,11838,9
63554,51832,11838,51
63555,51833,11839,65
63556,51834,11839,11
63557,51835,11839,43
63558,51836,11839,19
63559,51837,12085,46
63560,51838,12085,28
63561,51839,12085,30
63562,51840,12085,27
63563,51840,12120,17
63564,51841,12121,27
63565,51842,12121,55
63566,51842,12156,2
63567,51843,12156,28
63568,51844,12156,13
63569,51845,11947,65
63570,51846,11947,15
63571,51847,11947,23
63572,51848,11947,47
63573,51849,11948,38
63574,51850,11948,42
63575,51851,11948,31
63576,51852,11948,28
63577,51852,11983,6
63578,51853,11844,32
63579,51854,11844,17
63580,51855,11844,41
63581,51856,11844,37
63582,51857,11810,48
63583,51858,11810,18
63584,51859,11810,25
63585,51860,11810,5
63586,51860,11845,8
63587,51861,11916,14
63588,51861,11951,12
63589,51862,11951,27
63590,51863,11951,47
63591,51864,11951,27
63592,51865,11917,54
63593,51866,11917,20
63594,51867,11917,20
63595,51868,11917,18
63596,51869,11883,27
63597,51870,11883,19
63598,51871,11883,12
63599,51872,11883,29
63600,51873,12304,35
63601,51874,12304,25
63602,51875,12304,19
63603,51876,12304,22
63604,51876,12339,15
63605,51877,12060,44
63606,51878,12060,23
63607,51879,12060,20
63608,51880,12060,17
63609,51880,12095,16
63610,51881,11956,43
63611,51882,11956,61
63612,51883,11956,13
63613,51884,11956,24
63614,51885,12307,40
63615,51886,12307,9
63616,51887,12307,22
63617,51887,12342,2
63618,51888,12342,33
63619,51889,12168,46
63620,51890,12168,27
63621,51890,12203,8
63622,51891,12203,11
63623,51892,12203,23
63624,51893,11609,34
63625,51894,11609,26
63626,51895,11609,3
63627,51895,11644,28
63628,51896,11644,42
63629,51897,11995,27
63630,51897,12030,19
63631,51898,12030,39
63632,51899,12030,14
63633,51900,12030,46
63634,51901,11856,31
63635,51902,11856,23
63636,51903,11856,29
63637,51904,11856,19
63638,51905,11822,43
63639,51906,11822,41
63640,51907,11822,22
63641,51908,11822,28
63642,51908,11857,22
63643,51909,11928,31
63644,51910,11928,27
63645,51911,11928,40
63646,51912,11928,25
63647,51913,12524,42
63648,51914,12524,9
63649,51915,12524,14
63650,51916,12524,23
63651,51917,11790,45
63652,51918,11790,34
63653,51919,11790,10
63654,51920,11790,14
63655,51921,11966,32
63656,51922,11966,13
63657,51923,11966,22
63658,51924,11966,23
63659,51924,12001,21
63660,51925,11862,40
63661,51926,11862,22
63662,51926,11897,19
63663,51927,11897,20
63664,51928,11897,18
63665,51929,12108,10
63666,51929,12143,6
63667,51930,12143,33
63668,51931,12143,37
63669,51932,12143,35
63670,51933,11619,43
63671,51934,11619,22
63672,51935,11619,23
63673,51936,11619,61
63674,51937,12110,31
63675,51938,12110,20
63676,51938,12145,5
63677,51939,12145,55
63678,51940,12145,44
63679,51941,11621,49
63680,51942,11621,24
63681,51943,11621,11
63682,51944,11621,25
63683,51944,11656,35
63684,51945,11867,41
63685,51946,11867,11
63686,51947,11867,23
63687,51948,11867,25
63688,51949,11973,30
63689,51950,11973,31
63690,51951,11973,20
63691,51952,11973,33
63692,51952,12008,4
63693,51953,11904,32
63694,51954,11904,22
63695,51955,11904,27
63696,51956,11904,43
63697,51957,11695,34
63698,51958,11695,43
63699,51959,11695,20
63700,51960,11695,27
63701,51961,11976,81
63702,51962,11976,18
63703,51963,11976,13
63704,51964,11976,16
63705,51964,12011,28
63706,51965,12327,20
63707,51966,12327,19
63708,51967,12327,25
63709,51968,12327,37
63710,51968,12362,1
63711,51969,11838,61
63712,51970,11838,24
63713,51971,11838,12
63714,51971,11873,12
63715,51972,11873,55
63716,51973,11839,13
63717,51973,11874,10
63718,51974,11874,34
63719,51975,11874,39
63720,51976,11874,47
63721,51977,12120,54
63722,51978,12120,18
63723,51979,12120,14
63724,51979,12155,5
63725,51980,12155,82
63726,51981,12156,34
63727,51982,12156,19
63728,51983,12156,25
63729,51984,12156,30
63730,51985,11947,36
63731,51986,11947,25
63732,51987,11947,48
63733,51988,11947,2
63734,51988,11982,52
63735,51989,11983,13
63736,51990,11983,24
63737,51991,11983,25
63738,51992,11983,20
63739,51993,11844,52
63740,51994,11844,26
63741,51995,11844,54
63742,51996,11844,16
63743,51997,11845,27
63744,51998,11845,30
63745,51999,11845,13
63746,52000,11845,32
63747,52001,11951,24
63748,52002,11951,28
63749,52003,11951,22
63750,52004,11951,28
63751,52005,11917,28
63752,52006,11917,28
63753,52007,11917,18
63754,52008,11917,29
63755,52008,11952,10
63756,52009,11883,4
63757,52009,11918,20
63758,52010,11918,22
63759,52011,11918,32
63760,52012,11918,46
63761,52013,12339,42
63762,52014,12339,28
63763,52015,12339,24
63764,52016,12339,32
63765,52017,12095,23
63766,52018,12095,32
63767,52019,12095,26
63768,52020,12095,16
63769,52021,11956,28
63770,52021,11991,19
63771,52022,11991,21
63772,52023,11991,30
63773,52024,11991,21
63774,52025,12342,59
63775,52026,12342,49
63776,52027,12342,29
63777,52027,12377,18
63778,52028,12377,25
63779,52029,12203,22
63780,52030,12203,28
63781,52031,12203,8
63782,52032,12203,18
63783,52033,11644,32
63784,52034,11644,24
63785,52034,11679,3
63786,52035,11679,16
63787,52036,11679,43
63788,52037,12030,29
63789,52038,12030,32
63790,52039,12030,6
63791,52040,12030,14
63792,52040,12065,29
63793,52041,11856,48
63794,52042,11856,43
63795,52043,11856,9
63796,52044,11856,28
63797,52045,11857,43
63798,52046,11857,33
63799,52047,11857,23
63800,52048,11857,19
63801,52049,11928,33
63802,52050,11928,42
63803,52051,11928,6
63804,52051,11963,10
63805,52052,11963,35
63806,52053,12524,16
63807,52053,12559,22
63808,52054,12559,13
63809,52055,12559,16
63810,52056,12559,36
63811,52057,11790,56
63812,52058,11790,28
63813,52059,11790,34
63814,52060,11790,22
63815,52061,12001,37
63816,52062,12001,22
63817,52063,12001,28
63818,52064,12001,31
63819,52065,11897,24
63820,52066,11897,41
63821,52067,11897,26
63822,52068,11897,40
63823,52069,12143,21
63824,52070,12143,11
63825,52070,12178,14
63826,52071,12178,31
63827,52072,12178,44
63828,52073,11619,13
63829,52073,11654,30
63830,52074,11654,57
63831,52075,11654,51
63832,52076,11654,59
63833,52077,12145,22
63834,52077,12180,21
63835,52078,12180,26
63836,52079,12180,31
63837,52080,12180,52
63838,52081,11656,68
63839,52082,11656,60
63840,52083,11656,39
63841,52084,11656,18
63842,52084,11691,25
63843,52085,11867,77
63844,52086,11867,14
63845,52086,11902,22
63846,52087,11902,25
63847,52088,11902,36
63848,52089,12008,55
63849,52090,12008,18
63850,52091,12008,15
63851,52092,12008,32
63852,52093,11904,40
63853,52093,11939,31
63854,52094,11939,19
63855,52095,11939,42
63856,52096,11939,40
63857,52097,11695,35
63858,52098,11695,20
63859,52099,11695,9
63860,52099,11730,12
63861,52100,11730,47
63862,52101,12011,55
63863,52102,12011,47
63864,52103,12011,33
63865,52104,12011,64
63866,52105,12362,53
63867,52106,12362,35
63868,52107,12362,23
63869,52108,12362,51
63870,52109,11873,55
63871,52110,11873,30
63872,52111,11873,20
63873,52112,11873,50
63874,52113,11874,47
63875,52114,11874,20
63876,52115,11874,51
63877,52116,11874,51
63878,52117,12155,36
63879,52118,12155,20
63880,52119,12155,23
63881,52120,12155,31
63882,52120,12190,16
63883,52121,12156,13
63884,52121,12191,29
63885,52122,12191,44
63886,52123,12191,16
63887,52124,12191,33
63888,52124,12226,2
63889,52125,11982,54
63890,52126,11982,20
63891,52127,11982,29
63892,52128,11982,31
63893,52129,11983,51
63894,52130,11983,26
63895,52131,11983,16
63896,52132,11983,41
63897,52133,11844,37
63898,52134,11844,30
63899,52134,11879,12
63900,52135,11879,11
63901,52136,11879,46
63902,52137,11845,53
63903,52138,11845,25
63904,52139,11845,17
63905,52140,11845,49
63906,52140,11880,5
63907,52141,11951,35
63908,52142,11951,11
63909,52142,11986,20
63910,52143,11986,18
63911,52144,11986,21
63912,52145,11952,55
63913,52146,11952,29
63914,52147,11952,51
63915,52148,11952,39
63916,52149,11918,50
63917,52150,11918,41
63918,52151,11918,20
63919,52152,11918,19
63920,52153,12339,2
63921,52153,12374,40
63922,52154,12374,54
63923,52155,12374,13
63924,52156,12374,19
63925,52156,12409,6
63926,52157,12095,38
63927,52157,12130,36
63928,52158,12130,23
63929,52159,12130,24
63930,52160,12130,27
63931,52161,11991,38
63932,52162,11991,39
63933,52163,11991,42
63934,52164,11991,32
63935,52164,12026,17
63936,52165,12377,33
63937,52166,12377,37
63938,52167,12377,3
63939,52167,12412,39
63940,52168,12412,56
63941,52169,12203,23
63942,52170,12203,47
63943,52170,12238,6
63944,52171,12238,11
63945,52172,12238,24
63946,52173,11679,40
63947,52174,11679,17
63948,52175,11679,18
63949,52176,11679,39
63950,52177,12065,67
63951,52178,12065,38
63952,52179,12065,36
63953,52180,12065,56
63954,52180,12100,1
63955,52181,11856,8
63956,52181,11891,36
63957,52182,11891,30
63958,52183,11891,36
63959,52184,11891,39
63960,52185,11857,28
63961,52186,11857,36
63962,52187,11857,16
63963,52188,11857,26
63964,52188,11892,37
63965,52189,11963,23
63966,52190,11963,74
63967,52191,11963,30
63968,52192,11963,18
63969,52193,12559,32
63970,52194,12559,42
63971,52194,12594,4
63972,52195,12594,29
63973,52196,12594,46
63974,52197,11790,24
63975,52197,11825,19
63976,52198,11825,23
63977,52199,11825,12
63978,52200,11825,28
63979,52201,12001,37
63980,52202,12001,36
63981,52203,12001,25
63982,52204,12001,37
63983,52205,11897,58
63984,52206,11897,45
63985,52207,11897,21
63986,52208,11897,53
63987,52209,12178,42
63988,52209,12213,18
63989,52210,12213,17
63990,52211,12213,14
63991,52212,12213,24
63992,52213,11654,34
63993,52213,11689,13
63994,52214,11689,30
63995,52215,11689,59
63996,52216,11689,66
63997,52216,11724,6
63998,52217,12180,4
63999,52217,12215,57
64000,52218,12215,43
64001,52219,12215,41
64002,52220,12215,24
64003,52220,12250,6
64004,52221,11691,63
64005,52222,11691,53
64006,52223,11691,21
64007,52224,11691,19
64008,52224,11726,13
64009,52225,11902,32
64010,52226,11902,20
64011,52227,11902,42
64012,52228,11902,34
64013,52229,12008,34
64014,52230,12008,41
64015,52231,12008,24
64016,52232,12008,38
64017,52233,11939,32
64018,52234,11939,37
64019,52235,11939,30
64020,52236,11939,15
64021,52236,11974,28
64022,52237,11730,24
64023,52238,11730,14
64024,52239,11730,28
64025,52240,11730,53
64026,52241,12011,57
64027,52241,12046,8
64028,52242,12046,52
64029,52243,12046,20
64030,52244,12046,17
64031,52245,12362,6
64032,52245,12397,51
64033,52246,12397,35
64034,52247,12397,15
64035,52248,12397,26
64036,52249,11873,31
64037,52250,11873,18
64038,52250,11908,4
64039,52251,11908,64
64040,52252,11908,27
64041,52253,11874,7
64042,52253,11909,28
64043,52254,11909,41
64044,52255,11909,38
64045,52256,11909,33
64046,52257,12190,43
64047,52258,12190,26
64048,52259,12190,28
64049,52260,12190,25
64050,52260,12225,20
64051,52261,12226,52
64052,52262,12226,44
64053,52263,12226,26
64054,52263,12261,16
64055,52264,12261,53
64056,52265,11982,31
64057,52266,11982,40
64058,52267,11982,40
64059,52268,11982,46
64060,52269,11983,25
64061,52269,12018,19
64062,52270,12018,49
64063,52271,12018,30
64064,52272,12018,63
64065,52273,11879,52
64066,52274,11879,22
64067,52275,11879,18
64068,52276,11879,72
64069,52277,11880,50
64070,52278,11880,29
64071,52279,11880,37
64072,52280,11880,42
64073,52281,11986,55
64074,52282,11986,37
64075,52283,11986,28
64076,52284,11986,51
64077,52284,12021,12
64078,52285,11952,33
64079,52286,11952,22
64080,52287,11952,5
64081,52287,11987,16
64082,52288,11987,19
64083,52289,11918,57
64084,52290,11918,10
64085,52290,11953,31
64086,52291,11953,22
64087,52292,11953,42
64088,52293,12409,43
64089,52294,12409,47
64090,52295,12409,21
64091,52296,12409,40
64092,52297,12130,39
64093,52297,12165,14
64094,52298,12165,22
64095,52299,12165,69
64096,52300,12165,31
64097,52301,12026,74
64098,52302,12026,36
64099,52303,12026,19
64100,52304,12026,42
64101,52305,12412,78
64102,52305,12447,6
64103,52306,12447,30
64104,52307,12447,29
64105,52308,12447,45
64106,52309,12238,50
64107,52310,12238,29
64108,52311,12238,14
64109,52312,12238,17
64110,52312,12273,15
64111,52313,11679,47
64112,52313,11714,19
64113,52314,11714,33
64114,52315,11714,9
64115,52316,11714,28
64116,52317,12100,62
64117,52318,12100,40
64118,52319,12100,36
64119,52320,12100,22
64120,52320,12135,26
64121,52321,11891,61
64122,52322,11891,24
64123,52323,11891,44
64124,52324,11891,45
64125,52325,11892,31
64126,52326,11892,31
64127,52327,11892,28
64128,52328,11892,33
64129,52329,11963,12
64130,52329,11998,37
64131,52330,11998,15
64132,52331,11998,15
64133,52332,11998,27
64134,52333,12594,28
64135,52334,12594,19
64136,52334,12629,3
64137,52335,12629,25
64138,52336,12629,32
64139,52337,11825,77
64140,52338,11825,39
64141,52339,11825,25
64142,52340,11825,29
64143,52341,12001,36
64144,52341,12036,19
64145,52342,12036,38
64146,52343,12036,33
64147,52344,12036,43
64148,52345,11897,54
64149,52345,11932,10
64150,52346,11932,29
64151,52347,11932,30
64152,52348,11932,67
64153,52349,12213,34
64154,52350,12213,44
64155,52351,12213,11
64156,52351,12248,24
64157,52352,12248,49
64158,52353,11724,51
64159,52354,11724,28
64160,52355,11724,58
64161,52356,11724,31
64162,52357,12250,34
64163,52358,12250,25
64164,52359,12250,14
64165,52360,12250,34
64166,52361,11726,33
64167,52362,11726,51
64168,52363,11726,39
64169,52364,11726,46
64170,52365,11902,58
64171,52366,11902,22
64172,52366,11937,16
64173,52367,11937,25
64174,52368,11937,47
64175,52369,12008,59
64176,52370,12008,50
64177,52371,12008,5
64178,52371,12043,35
64179,52372,12043,47
64180,52373,11974,72
64181,52374,11974,78
64182,52375,11974,42
64183,52376,11974,72
64184,52376,12009,20
64185,52377,11730,84
64186,52378,11730,39
64187,52379,11730,12
64188,52380,11730,52
64189,52380,11765,12
64190,52381,12046,101
64191,52382,12046,31
64192,52383,12046,22
64193,52384,12046,43
64194,52385,12397,1
64195,52385,12432,39
64196,52386,12432,46
64197,52387,12432,40
64198,52388,12432,20
64199,52389,11908,79
64200,52390,11908,57
64201,52391,11908,51
64202,52392,11908,76
64203,52393,11909,89
64204,52394,11909,14
64205,52395,11909,36
64206,52396,11909,69
64207,52396,11944,1
64208,52397,12225,50
64209,52398,12225,59
64210,52399,12225,14
64211,52399,12260,9
64212,52400,12260,35
64213,52401,12261,67
64214,52401,12296,5
64215,52402,12296,48
64216,52403,12296,27
64217,52404,12296,57
64218,52405,11982,49
64219,52406,11982,42
64220,52407,11982,13
64221,52407,12017,69
64222,52408,12017,58
64223,52409,12018,88
64224,52410,12018,16
64225,52410,12053,32
64226,52411,12053,45
64227,52412,12053,40
64228,52413,11879,27
64229,52413,11914,14
64230,52414,11914,48
64231,52415,11914,46
64232,52416,11914,32
64233,52417,11880,101
64234,52418,11880,32
64235,52419,11880,24
64236,52420,11880,68
64237,52421,12021,76
64238,52422,12021,44
64239,52423,12021,29
64240,52424,12021,46
64241,52425,11987,46
64242,52426,11987,38
64243,52427,11987,68
64244,52428,11987,78
64245,52429,11953,28
64246,52430,11953,74
64247,52431,11953,35
64248,52431,11988,9
64249,52432,11988,60
64250,52433,12409,26
64251,52433,12444,44
64252,52434,12444,45
64253,52435,12444,34
64254,52435,12479,1
64255,52436,12479,53
64256,52437,12165,11
64257,52437,12200,36
64258,52438,12200,71
64259,52439,12200,50
64260,52440,12200,8
64261,52440,12235,73
64262,52441,12026,62
64263,52441,12061,4
64264,52442,12061,46
64265,52443,12061,44
64266,52444,12061,53
64267,52445,12447,26
64268,52446,12447,51
64269,52447,12447,31
64270,52448,12447,13
64271,52448,12482,54
64272,52449,12273,68
64273,52450,12273,28
64274,52451,12273,39
64275,52452,12273,22
64276,52453,11714,64
64277,52454,11714,56
64278,52455,11714,25
64279,52455,11749,13
64280,52456,11749,27
64281,52457,12135,71
64282,52458,12135,26
64283,52459,12135,58
64284,52460,12135,19
64285,52460,12170,43
64286,52461,11891,26
64287,52461,11926,27
64288,52462,11926,43
64289,52463,11926,37
64290,52464,11926,61
64291,52465,11892,60
64292,52466,11892,29
64293,52467,11892,6
64294,52467,11927,11
64295,52468,11927,62
64296,52469,11998,67
64297,52470,11998,36
64298,52471,11998,11
64299,52471,12033,27
64300,52472,12033,59
64301,52473,12629,71
64302,52473,12664,3
64303,52474,12664,31
64304,52475,12664,45
64305,52476,12664,82
64306,52477,11825,27
64307,52478,11825,3
64308,52478,11860,47
64309,52479,11860,52
64310,52480,11860,55
64311,52481,12036,57
64312,52482,12036,44
64313,52483,12036,35
64314,52484,12036,48
64315,52485,11932,86
64316,52486,11932,6
64317,52486,11967,78
64318,52487,11967,34
64319,52488,11967,31
64320,52489,12248,41
64321,52489,12283,58
64322,52490,12283,53
64323,52490,12318,5
64324,52491,12318,13
64325,52492,12318,39
64326,52493,11724,63
64327,52494,11724,32
64328,52495,11724,21
64329,52496,11724,2
64330,52496,11759,75
64331,52497,12250,42
64332,52497,12285,12
64333,52498,12285,40
64334,52499,12285,24
64335,52500,12285,21
64336,52500,12320,28
64337,52501,11726,98
64338,52502,11726,34
64339,52503,11726,1
64340,52503,11761,22
64341,52504,11761,49
64342,52505,11937,89
64343,52506,11937,74
64344,52507,11937,28
64345,52508,11937,33
64346,52508,11972,29
64347,52509,12043,124
64348,52510,12043,61
64349,52511,12043,38
64350,52511,12078,16
64351,52512,12078,40
64352,52513,12009,98
64353,52514,12009,69
64354,52515,12009,50
64355,52516,12009,41
64356,52516,12044,27
64357,52517,11765,79
64358,52518,11765,44
64359,52519,11765,46
64360,52520,11765,104
64361,52521,12046,5
64362,52521,12081,38
64363,52522,12081,62
64364,52523,12081,30
64365,52523,12116,10
64366,52524,12116,63
64367,52525,12432,15
64368,52525,12467,84
64369,52526,12467,57
64370,52527,12467,61
64371,52528,12467,21
64372,52528,12502,34
64373,52529,11943,75
64374,52530,11943,50
64375,52531,11943,49
64376,52532,11943,39
64377,52533,11944,45
64378,52534,11944,65
64379,52535,11944,64
64380,52536,11944,46
64381,52536,11979,100
64382,52537,12260,91
64383,52538,12260,2
64384,52538,12295,81
64385,52539,12295,31
64386,52540,12295,45
64387,52540,12330,10
64388,52541,12296,15
64389,52541,12331,56
64390,52542,12331,80
64391,52543,12331,38
64392,52543,12366,30
64393,52544,12366,37
64394,52545,12017,53
64395,52546,12017,34
64396,52547,12017,45
64397,52548,12017,5
64398,52548,12052,26
64399,52549,12053,71
64400,52550,12053,42
64401,52551,12053,53
64402,52552,12053,20
64403,52552,12088,53
64404,52553,11914,77
64405,52554,11914,8
64406,52554,11949,75
64407,52555,11949,61
64408,52556,11949,40
64409,52557,11880,19
64410,52557,11915,71
64411,52558,11915,46
64412,52559,11915,47
64413,52560,11915,48
64414,52561,12021,17
64415,52561,12056,125
64416,52562,12056,41
64417,52563,12056,50
64418,52564,12091,89
64419,52565,11987,24
64420,52565,12022,51
64421,52566,12022,91
64422,52567,12022,49
64423,52568,12022,91
64424,52569,11988,54
64425,52570,11988,88
64426,52571,11988,9
64427,52571,12023,38
64428,52572,12023,76
64429,52573,12479,53
64430,52574,12479,51
64431,52574,12514,43
64432,52575,12514,35
64433,52576,12514,53
64434,52577,12235,66
64435,52578,12235,32
64436,52578,12270,19
64437,52579,12270,43
64438,52580,12270,52
64439,52581,12061,74
64440,52581,12096,12
64441,52582,12096,64
64442,52583,12096,51
64443,52584,12096,12
64444,52584,12131,71
64445,52585,12482,101
64446,52586,12482,19
64447,52586,12517,88
64448,52587,12517,95
64449,52588,12517,21
64450,52588,12552,46
64451,52589,12273,11
64452,52589,12308,61
64453,52590,12308,57
64454,52590,12343,3
64455,52591,12343,64
64456,52592,12343,69
64457,52592,12378,35
64458,52593,11749,118
64459,52594,11749,63
64460,52595,11749,57
64461,52596,11749,19
64462,52596,11784,25
64463,52597,12170,68
64464,52598,12170,11
64465,52598,12205,25
64466,52599,12205,25
64467,52600,12205,76
64468,52600,12240,6
64469,52601,11926,53
64470,52602,11926,37
64471,52603,11926,41
64472,52603,11961,21
64473,52604,11961,116
64474,52605,11927,96
64475,52606,11927,54
64476,52606,11962,12
64477,52607,11962,53
64478,52608,11962,93
64479,52609,12033,56
64480,52610,12033,82
64481,52611,12033,3
64482,52611,12068,25
64483,52612,12068,44
64484,52613,12664,63
64485,52613,12699,31
64486,52614,12699,87
64487,52615,12699,55
64488,52615,12734,5
64489,52616,12734,37
64490,52617,11860,73
64491,52618,11860,12
64492,52618,11895,99
64493,52619,11895,48
64494,52620,11895,112
64495,52621,12036,23
64496,52621,12071,18
64497,52622,12071,86
64498,52623,12071,68
64499,52624,12071,69
64500,52625,11967,48
64501,52626,11967,68
64502,52626,12002,2
64503,52627,12002,36
64504,52628,12002,90
64505,52629,12318,70
64506,52630,12318,18
64507,52630,12353,24
64508,52631,12353,78
64509,52632,12353,38
64510,52633,11759,35
64511,52634,11759,49
64512,52635,11759,62
64513,52636,11759,52
64514,52636,11794,1
64515,52637,12320,44
64516,52638,12320,51
64517,52639,12320,47
64518,52640,12320,16
64519,52640,12355,18
64520,52641,11761,124
64521,52642,11761,49
64522,52643,11761,39
64523,52643,11796,12
64524,52644,11796,94
64525,52645,11972,82
64526,52646,11972,51
64527,52647,11972,33
64528,52647,12007,4
64529,52648,12007,81
64530,52649,12078,77
64531,52649,12113,53
64532,52650,12113,36
64533,52651,12113,90
64534,52652,12113,31
64535,52652,12148,21
64536,52653,12044,81
64537,52654,12044,42
64538,52655,12044,73
64539,52656,12044,57
64540,52657,11765,51
64541,52657,11800,43
64542,52658,11800,34
64543,52659,11800,17
64544,52660,11800,54
64545,52661,12116,90
64546,52661,12151,74
64547,52662,12151,40
64548,52662,12186,8
64549,52663,12186,82
64550,52664,12186,6
64551,52664,12221,54
64552,52665,12502,86
64553,52666,12502,28
64554,52666,12537,4
64555,52667,12537,37
64556,52668,12537,97
64557,52668,12572,27
64558,52669,11943,19
64559,52669,11978,81
64560,52670,11978,48
64561,52671,11978,28
64562,52672,11978,69
64563,52673,11979,104
64564,52674,11979,53
64565,52675,11979,78
64566,52676,11979,12
64567,52676,12014,101
64568,52677,12330,85
64569,52678,12330,3
64570,52678,12365,70
64571,52679,12365,51
64572,52680,12365,49
64573,52680,12400,22
64574,52681,12366,77
64575,52682,12366,4
64576,52682,12401,93
64577,52683,12401,41
64578,52683,12436,28
64579,52684,12436,53
64580,52685,12052,67
64581,52686,12052,51
64582,52687,12052,42
64583,52688,12052,103
64584,52688,12087,2
64585,52689,12088,93
64586,52689,12123,2
64587,52690,12123,49
64588,52691,12123,33
64589,52692,12123,26
64590,52692,12158,67
64591,52693,11949,55
64592,52694,11949,58
64593,52694,11984,59
64594,52695,11984,96
64595,52696,11984,127
64596,52697,11915,31
64597,52697,11950,105
64598,52698,11950,55
64599,52699,11950,35
64600,52700,11950,103
64601,52701,12091,54
64602,52701,12126,39
64603,52702,12126,62
64604,52702,12161,3
64605,52703,12161,32
64606,52704,12161,50
64607,52705,12022,76
64608,52705,12057,4
64609,52706,12057,43
64610,52707,12057,30
64611,52708,12057,45
64612,52709,12023,126
64613,52710,12058,71
64614,52711,12058,32
64615,52712,12058,136
64616,52713,12514,66
64617,52713,12549,41
64618,52714,12549,91
64619,52714,12584,34
64620,52715,12584,36
64621,52716,12584,113
64622,52717,12270,41
64623,52717,12305,51
64624,52718,12305,70
64625,52719,12305,26
64626,52719,12340,29
64627,52720,12340,94
64628,52721,12131,52
64629,52721,12166,20
64630,52722,12166,44
64631,52723,12166,35
64632,52723,12201,6
64633,52724,12201,86
64634,52725,12552,84
64635,52726,12552,1
64636,52726,12587,50
64637,52727,12587,39
64638,52728,12587,75
64639,52729,12378,90
64640,52730,12378,3
64641,52730,12413,92
64642,52731,12413,14
64643,52731,12448,42
64644,52732,12448,82
64645,52733,11784,52
64646,52734,11784,90
64647,52735,11784,40
64648,52736,11784,141
64649,52737,12240,62
64650,52738,12240,87
64651,52739,12240,4
64652,52739,12275,49
64653,52740,12275,52
64654,52741,11961,79
64655,52742,11961,60
64656,52743,11961,24
64657,52743,11996,28
64658,52744,11996,60
64659,52745,11962,71
64660,52746,11962,75
64661,52746,11997,9
64662,52747,11997,69
64663,52748,11997,57
64664,52749,12068,73
64665,52750,12068,17
64666,52751,12068,41
64667,52752,12068,40
64668,52753,12734,79
64669,52753,12769,29
64670,52754,12769,43
64671,52755,12769,31
64672,52756,12769,88
64673,52756,12804,67
64674,52757,11895,95
64675,52758,11895,7
64676,52758,11930,55
64677,52759,11930,61
64678,52760,11930,34
64679,52761,12071,41
64680,52761,12106,58
64681,52762,12106,58
64682,52763,12106,46
64683,52763,12141,19
64684,52764,12141,54
64685,52765,12002,59
64686,52766,12002,45
64687,52767,12002,43
64688,52768,12037,76
64689,52769,12353,13
64690,52769,12388,91
64691,52770,12388,23
64692,52771,12388,6
64693,52771,12423,35
64694,52772,12423,82
64695,52772,12458,5
64696,52773,11794,78
64697,52774,11794,85
64698,52775,11794,69
64699,52776,11794,38
64700,52777,12355,86
64701,52778,12355,45
64702,52778,12390,5
64703,52779,12390,56
64704,52780,12390,62
64705,52781,11796,67
64706,52782,11796,30
64707,52783,11796,43
64708,52784,11796,47
64709,52785,12007,45
64710,52786,12007,26
64711,52787,12007,18
64712,52788,12007,49
64713,52789,12148,77
64714,52790,12148,14
64715,52790,12183,10
64716,52791,12183,20
64717,52792,12183,47
64718,52793,12044,48
64719,52794,12044,20
64720,52794,12079,22
64721,52795,12079,9
64722,52796,12079,28
64723,52797,11800,58
64724,52797,11835,1
64725,52798,11835,22
64726,52799,11835,18
64727,52800,11835,32
64728,52801,12221,61
64729,52802,12221,31
64730,52803,12221,29
64731,52804,12221,28
64732,52804,12256,4
64733,52805,12572,66
64734,52806,12572,27
64735,52807,12572,19
64736,52808,12572,30
64737,52809,11978,47
64738,52810,11978,17
64739,52811,11978,27
64740,52812,11978,28
64741,52812,12013,46
64742,52813,12014,48
64743,52814,12014,22
64744,52815,12014,36
64745,52816,12014,31
64746,52817,12400,35
64747,52818,12400,20
64748,52819,12400,14
64749,52820,12400,62
64750,52820,12435,5
64751,52821,12436,58
64752,52822,12436,10
64753,52822,12471,43
64754,52823,12471,30
64755,52824,12471,46
64756,52825,12087,43
64757,52826,12087,27
64758,52827,12087,8
64759,52828,12087,20
64760,52829,12158,29
64761,52830,12158,31
64762,52831,12158,20
64763,52831,12193,14
64764,52832,12193,43
64765,52833,11984,3
64766,52833,12019,42
64767,52834,12019,26
64768,52835,12019,28
64769,52836,12019,46
64770,52837,11950,55
64771,52837,11985,34
64772,52838,11985,29
64773,52839,11985,55
64774,52840,11985,40
64775,52841,12161,52
64776,52841,12196,11
64777,52842,12196,18
64778,52843,12196,38
64779,52844,12196,33
64780,52844,12231,13
64781,52845,12057,39
64782,52846,12057,30
64783,52847,12057,29
64784,52848,12057,53
64785,52849,12058,15
64786,52849,12093,24
64787,52850,12093,63
64788,52851,12093,27
64789,52852,12093,48
64790,52853,12584,11
64791,52853,12619,25
64792,52854,12619,22
64793,52855,12619,46
64794,52856,12619,57
64795,52857,12340,24
64796,52857,12375,19
64797,52858,12375,21
64798,52859,12375,31
64799,52860,12375,47
64800,52861,12201,36
64801,52862,12236,3
64802,52863,12236,43
64803,52864,12236,27
64804,52865,12587,18
64805,52865,12622,46
64806,52866,12622,58
64807,52867,12622,48
64808,52868,12622,12
64809,52869,12448,54
64810,52870,12448,18
64811,52870,12483,21
64812,52871,12483,10
64813,52872,12483,53
64814,52873,11784,55
64815,52873,11819,21
64816,52874,11819,30
64817,52875,11819,20
64818,52876,11819,36
64819,52877,12275,54
64820,52877,12310,32
64821,52878,12310,34
64822,52879,12310,27
64823,52880,12310,33
64824,52881,11996,60
64825,52882,11996,15
64826,52883,11996,22
64827,52884,11996,11
64828,52884,12031,32
64829,52885,11997,67
64830,52886,11997,18
64831,52886,12032,56
64832,52887,12032,28
64833,52888,12032,57
64834,52889,12068,51
64835,52889,12103,2
64836,52890,12103,46
64837,52891,12103,26
64838,52892,12103,23
64839,52893,12804,91
64840,52894,12804,42
64841,52895,12804,23
64842,52896,12804,13
64843,52896,12839,28
64844,52897,11930,47
64845,52898,11930,21
64846,52899,11930,20
64847,52900,11930,88
64848,52900,11965,3
64849,52901,12141,46
64850,52902,12141,30
64851,52902,12176,10
64852,52903,12176,18
64853,52904,12176,53
64854,52905,12037,44
64855,52906,12037,45
64856,52907,12037,31
64857,52908,12037,43
64858,52909,12458,55
64859,52910,12458,31
64860,52911,12458,56
64861,52912,12458,36
64862,52913,11794,41
64863,52914,11794,32
64864,52915,11794,30
64865,52916,11794,40
64866,52917,12390,36
64867,52917,12425,18
64868,52918,12425,26
64869,52919,12425,21
64870,52920,12425,23
64871,52921,11796,35
64872,52921,11831,1
64873,52922,11831,35
64874,52923,11831,11
64875,52924,11831,48
64876,52925,12007,44
64877,52926,12007,47
64878,52926,12042,1
64879,52927,12042,27
64880,52928,12042,32
64881,52929,12183,60
64882,52930,12183,16
64883,52930,12218,50
64884,52931,12218,36
64885,52932,12218,68
64886,52933,12079,57
64887,52934,12079,11
64888,52934,12114,6
64889,52935,12114,29
64890,52936,12114,70
64891,52937,11835,46
64892,52938,11835,34
64893,52939,11835,13
64894,52940,11835,32
64895,52941,12256,60
64896,52942,12256,33
64897,52943,12256,24
64898,52944,12256,42
64899,52945,12572,41
64900,52946,12572,25
64901,52946,12607,7
64902,52947,12607,35
64903,52948,12607,37
64904,52949,12013,62
64905,52950,12013,17
64906,52951,12013,26
64907,52952,12013,51
64908,52953,12014,50
64909,52954,12014,52
64910,52955,12014,2
64911,52955,12049,26
64912,52956,12049,32
64913,52957,12435,35
64914,52958,12435,48
64915,52959,12435,26
64916,52960,12435,37
64917,52961,12471,33
64918,52962,12471,32
64919,52963,12471,1
64920,52963,12506,19
64921,52964,12506,32
64922,52965,12087,2
64923,52965,12122,65
64924,52966,12122,45
64925,52967,12122,33
64926,52967,12157,1
64927,52968,12157,29
64928,52969,12193,29
64929,52970,12193,27
64930,52971,12193,30
64931,52972,12193,13
64932,52972,12228,37
64933,52973,12019,24
64934,52974,12019,25
64935,52975,12019,15
64936,52976,12019,29
64937,52977,11985,60
64938,52978,11985,28
64939,52979,11985,28
64940,52980,11985,1
64941,52980,12020,72
64942,52981,12231,30
64943,52982,12231,43
64944,52983,12231,30
64945,52984,12231,12
64946,52984,12266,42
64947,52985,12057,33
64948,52985,12092,12
64949,52986,12092,41
64950,52987,12092,20
64951,52988,12092,47
64952,52989,12093,20
64953,52989,12128,17
64954,52990,12128,34
64955,52991,12128,29
64956,52992,12128,33
64957,52993,12619,5
64958,52993,12654,77
64959,52994,12654,35
64960,52995,12654,22
64961,52995,12689,1
64962,52996,12689,20
64963,52997,12375,15
64964,52997,12410,49
64965,52998,12410,38
64966,52999,12410,17
64967,53000,12410,31
64968,53000,12445,1
64969,53001,12236,44
64970,53002,12236,35
64971,53002,12271,23
64972,53003,12271,25
64973,53004,12271,64
64974,53005,12622,30
64975,53006,12622,22
64976,53007,12622,39
64977,53007,12657,17
64978,53008,12657,22
64979,53009,12483,45
64980,53010,12483,16
64981,53010,12518,6
64982,53011,12518,35
64983,53012,12518,55
64984,53013,11819,55
64985,53014,11819,31
64986,53015,11819,32
64987,53016,11819,41
64988,53017,12310,31
64989,53018,12310,25
64990,53018,12345,8
64991,53019,12345,12
64992,53020,12345,24
64993,53021,12031,37
64994,53022,12031,26
64995,53023,12031,27
64996,53024,12031,34
64997,53025,12032,32
64998,53026,12032,42
64999,53027,12032,17
65000,53028,12067,37
65001,53029,12103,37
65002,53030,12103,43
65003,53031,12103,8
65004,53032,12103,30
65005,53033,12839,43
65006,53034,12839,57
65007,53035,12839,51
65008,53036,12839,29
65009,53037,11965,49
65010,53038,11965,45
65011,53039,11965,66
65012,53040,11965,34
65013,53041,12176,34
65014,53042,12176,20
65015,53042,12211,4
65016,53043,12211,29
65017,53044,12211,26
65018,53045,12037,50
65019,53046,12037,23
65020,53046,12072,11
65021,53047,12072,27
65022,53048,12072,64
65023,53049,12458,28
65024,53049,12493,29
65025,53050,12493,38
65026,53051,12493,19
65027,53051,12528,1
65028,53052,12528,17
65029,53053,11794,23
65030,53053,11829,15
65031,53054,11829,56
65032,53055,11829,42
65033,53056,11829,31
65034,53057,12425,34
65035,53057,12460,24
65036,53058,12460,26
65037,53059,12460,30
65038,53060,12460,50
65039,53060,12495,33
65040,53061,11831,96
65041,53062,11831,63
65042,53062,11866,25
65043,53063,11866,19
65044,53064,11866,83
65045,53065,12042,92
65046,53066,12042,105
65047,53067,12042,29
65048,53068,12042,13
65049,53068,12077,34
65050,53069,12218,15
65051,53069,12253,45
65052,53070,12253,49
65053,53071,12253,25
65054,53072,12253,13
65055,53072,12288,21
65056,53073,12114,25
65057,53073,12149,48
65058,53074,12149,69
65059,53075,12149,25
65060,53075,12184,30
65061,53076,12184,85
65062,53077,11835,62
65063,53078,11835,46
65064,53079,11835,45
65065,53080,11835,17
65066,53080,11870,25
65067,53081,12256,11
65068,53081,12291,34
65069,53082,12291,59
65070,53083,12291,54
65071,53084,12291,20
65072,53084,12326,24
65073,53085,12607,51
65074,53086,12607,58
65075,53087,12607,50
65076,53088,12607,17
65077,53088,12642,42
65078,53089,12013,41
65079,53090,12013,2
65080,53090,12048,70
65081,53091,12048,29
65082,53092,12048,30
65083,53093,12049,101
65084,53094,12049,39
65085,53095,12049,42
65086,53096,12049,8
65087,53096,12084,31
65088,53097,12435,20
65089,53097,12470,62
65090,53098,12470,60
65091,53099,12470,20
65092,53099,12505,12
65093,53100,12505,44
65094,53101,12506,98
65095,53101,12541,22
65096,53102,12541,66
65097,53103,12541,42
65098,53104,12541,40
65099,53105,12157,73
65100,53105,12192,3
65101,53106,12192,66
65102,53107,12192,37
65103,53108,12192,18
65104,53108,12227,36
65105,53109,12228,54
65106,53110,12228,47
65107,53110,12263,13
65108,53111,12263,61
65109,53112,12263,46
65110,53113,12019,126
65111,53114,12019,8
65112,53114,12054,50
65113,53115,12054,84
65114,53116,12054,71
65115,53117,12020,110
65116,53118,12020,84
65117,53119,12020,11
65118,53119,12055,12
65119,53120,12055,60
65120,53121,12266,55
65121,53122,12266,48
65122,53122,12301,9
65123,53123,12301,37
65124,53124,12301,34
65125,53125,12092,37
65126,53125,12127,39
65127,53126,12127,59
65128,53127,12127,2
65129,53127,12162,85
65130,53128,12162,38
65131,53128,12197,7
65132,53129,12128,21
65133,53129,12163,54
65134,53130,12163,27
65135,53131,12163,61
65136,53132,12163,24
65137,53132,12198,27
65138,53133,12689,36
65139,53134,12689,31
65140,53135,12689,50
65141,53136,12689,30
65142,53137,12445,53
65143,53138,12445,87
65144,53139,12480,56
65145,53140,12480,70
65146,53140,12515,19
65147,53141,12271,46
65148,53142,12271,3
65149,53142,12306,72
65150,53143,12306,28
65151,53144,12306,74
65152,53144,12341,10
65153,53145,12657,33
65154,53146,12657,28
65155,53147,12657,37
65156,53148,12657,25
65157,53148,12692,4
65158,53149,12518,45
65159,53149,12553,13
65160,53150,12553,38
65161,53151,12553,37
65162,53152,12553,38
65163,53153,11819,53
65164,53153,11854,42
65165,53154,11854,83
65166,53155,11854,21
65167,53156,11854,55
65168,53157,12345,68
65169,53158,12345,35
65170,53158,12380,3
65171,53159,12380,62
65172,53160,12380,41
65173,53161,12031,90
65174,53162,12031,5
65175,53162,12066,70
65176,53163,12066,17
65177,53164,12066,87
65178,53165,12067,98
65179,53166,12067,61
65180,53167,12067,56
65181,53167,12102,9
65182,53168,12102,55
65183,53169,12103,13
65184,53169,12138,68
65185,53170,12138,54
65186,53171,12138,7
65187,53171,12173,40
65188,53172,12173,65
65189,53173,12839,43
65190,53174,12839,39
65191,53175,12839,42
65192,53176,12839,9
65193,53176,12874,54
65194,53177,11965,81
65195,53178,11965,6
65196,53178,12000,44
65197,53179,12000,23
65198,53180,12000,51
65199,53181,12211,58
65200,53182,12211,39
65201,53183,12211,3
65202,53183,12246,45
65203,53184,12246,76
65204,53185,12072,62
65205,53186,12072,61
65206,53186,12107,7
65207,53187,12107,9
65208,53188,12107,115
65209,53189,12528,57
65210,53190,12528,95
65211,53191,12528,7
65212,53191,12563,16
65213,53192,12563,47
65214,53193,11829,38
65215,53194,11829,52
65216,53195,11829,44
65217,53196,11829,17
65218,53196,11864,53
65219,53197,12495,96
65220,53198,12495,47
65221,53198,12530,7
65222,53199,12530,72
65223,53200,12530,85
